Complexity increased keeping gamma very unbalanced, and increasing K (K=2)
==================================================

N (neurons): 3
K (states): 2
T (time steps): 100000
Seed: None
Number of repetitions: 10

Initialization of parameters for HMM:
Pi: [1 0]
Gamma: [[0.9 0.1]
 [0.1 0.9]]
R: [[0.5 0. ]
 [0.  0.5]
 [0.5 0. ]
 [0.  0.5]]

Generated data:
Generated firings (y): [0 0 2 0 0 0 2 0 2 2 2 2 2 2 0 2 0 0 2 0 0 2 0 2 2 0 0 2 2 0 2 0 0 0 0 0 3
 3 3 1 2 1 1 1 3 1 0 2 2 2 2 2 0 2 2 0 0 0 2 0 2 0 0 0 0 2 2 2 2 2 0 0 1 3
 3 3 3 1 3 3 1 3 1 1 3 1 1 3 1 2 1 1 1 1 3 1 1 3 3 3]... (showing first 100 entries)
Generated states (z): [0 0 0 0 0 0 0 0 0 0 0 0 0 0 0 0 0 0 0 0 0 0 0 0 0 0 0 0 0 0 0 0 0 0 0 0 1
 1 1 1 0 1 1 1 1 1 0 0 0 0 0 0 0 0 0 0 0 0 0 0 0 0 0 0 0 0 0 0 0 0 0 0 1 1
 1 1 1 1 1 1 1 1 1 1 1 1 1 1 1 0 1 1 1 1 1 1 1 1 1 1]... (showing first 100 entries)

Estimated parameters:
Estimated Pi: [array([0.77806329, 0.22193671]), array([0.06693594, 0.93306406]), array([0.85586686, 0.14413314]), array([0.36367393, 0.63632607]), array([0.38630553, 0.61369447]), array([0.29800284, 0.70199716]), array([0.32934899, 0.67065101]), array([0.11091605, 0.88908395]), array([0.90062162, 0.09937838]), array([0.54949332, 0.45050668])]
Estimated Gamma: [array([[0.89835848, 0.10164152],
       [0.15756027, 0.84243973]]), array([[0.84081699, 0.15918301],
       [0.11439973, 0.88560027]]), array([[0.89110034, 0.10889966],
       [0.09143494, 0.90856506]]), array([[0.91801999, 0.08198001],
       [0.93638757, 0.06361243]]), array([[0.14768396, 0.85231604],
       [0.47342979, 0.52657021]]), array([[0.77313823, 0.22686177],
       [0.166989  , 0.833011  ]]), array([[0.37529722, 0.62470278],
       [0.44130864, 0.55869136]]), array([[0.87103553, 0.12896447],
       [0.87699697, 0.12300303]]), array([[0.89257727, 0.10742273],
       [0.10320798, 0.89679202]]), array([[0.74301691, 0.25698309],
       [0.5987957 , 0.4012043 ]])]
Estimated R: [array([[0.40757013, 0.00825956],
       [0.13149107, 0.42592274],
       [0.4084433 , 0.0066602 ],
       [0.0524955 , 0.5591575 ]]), array([[0.00436133, 0.42719215],
       [0.53783694, 0.03928736],
       [0.00483071, 0.42689228],
       [0.45297102, 0.10662821]]), array([[4.71286859e-01, 6.47666934e-02],
       [7.61560584e-05, 4.55424334e-01],
       [5.20799652e-01, 2.26766094e-02],
       [7.83733209e-03, 4.57132363e-01]]), array([[0.24364145, 0.32310825],
       [0.24720951, 0.25322742],
       [0.24154043, 0.35800857],
       [0.26760861, 0.06565577]]), array([[0.09096191, 0.33893989],
       [0.31895023, 0.20789715],
       [0.35533581, 0.19235605],
       [0.23475205, 0.26080691]]), array([[0.35753168, 0.17208303],
       [0.00203631, 0.42800163],
       [0.57443113, 0.0120638 ],
       [0.06600088, 0.38785154]]), array([[0.05940313, 0.38513014],
       [0.18836475, 0.28912291],
       [0.3447654 , 0.18437785],
       [0.40746672, 0.1413691 ]]), array([[0.19737259, 0.61071471],
       [0.28072229, 0.02413576],
       [0.26958108, 0.11947888],
       [0.25232403, 0.24567066]]), array([[0.48053032, 0.02915713],
       [0.00857213, 0.47861361],
       [0.46580856, 0.04306532],
       [0.04508899, 0.44916394]]), array([[0.26721547, 0.2103766 ],
       [0.27415857, 0.18587789],
       [0.11066433, 0.57607588],
       [0.34796164, 0.02766963]])]

