Complexity increased keeping gamma very unbalanced, and increasing K (K=6)
==================================================

N (neurons): 3
K (states): 6
T (time steps): 50000
Seed: None
Number of repetitions: 10
Number of iterations: 100

Initialization of parameters for HMM:
Pi: [1 0 0 0 0 0]
Gamma: [[0.75 0.05 0.05 0.05 0.05 0.05]
 [0.05 0.75 0.05 0.05 0.05 0.05]
 [0.05 0.05 0.75 0.05 0.05 0.05]
 [0.05 0.05 0.05 0.75 0.05 0.05]
 [0.05 0.05 0.05 0.05 0.75 0.05]
 [0.05 0.05 0.05 0.05 0.05 0.75]]
R: [[0.5        0.         0.5        0.         0.33333333 0.33333333]
 [0.         0.5        0.5        0.         0.         0.33333333]
 [0.5        0.         0.         0.5        0.33333333 0.        ]
 [0.         0.5        0.         0.5        0.33333333 0.33333333]]

Generated data:
Generated firings (y): [0 1 3 2 1 1 3 1 1 0 1 1 0 0 1 1 3 1 0 0 0 1 1 0 1 1 0 1 0 1 2 0 3 2 2 3 0
 0 1 0 1 1 1 0 0 0 2 0 0 3 3 2 0 3 3 2 3 3 2 3 3 2 2 2 0 3 3 0 0 3 3 3 1 2
 2 2 0 0 0 3 3 3 1 1 1 3 1 1 0 2 2 2 3 2 1 1 0 0 1 0]... (showing first 100 entries)
Generated states (z): [0 2 3 3 5 5 5 5 2 2 2 2 2 2 2 2 1 1 2 2 2 2 2 2 2 2 5 5 5 5 4 4 3 3 3 5 2
 2 2 2 2 2 2 2 2 2 4 4 4 3 4 4 5 5 5 3 3 3 3 3 3 3 0 0 0 1 1 2 0 3 1 1 1 3
 0 4 4 4 4 4 4 4 1 1 1 1 1 1 0 0 0 3 3 3 1 1 2 2 2 2]... (showing first 100 entries)

Estimated parameters:
Estimated Pi: [array([0.04798309, 0.05686964, 0.37988228, 0.17662737, 0.15011142,
       0.18852619]), array([0.11289008, 0.00636014, 0.34117923, 0.18678869, 0.07664826,
       0.2761336 ]), array([0.15058986, 0.00309834, 0.06365077, 0.16156285, 0.38248902,
       0.23860916]), array([2.40059511e-01, 2.78859645e-01, 3.81891367e-05, 9.17236817e-02,
       2.84992811e-01, 1.04326162e-01]), array([0.53854274, 0.23267495, 0.06528547, 0.00428276, 0.07360739,
       0.08560669]), array([0.31069275, 0.38123267, 0.16375805, 0.08577284, 0.03236657,
       0.02617713]), array([0.4532438 , 0.10159846, 0.0232503 , 0.24277902, 0.01108602,
       0.16804239]), array([0.08397034, 0.23483886, 0.08579709, 0.1036724 , 0.02101264,
       0.47070866]), array([0.12130851, 0.24004785, 0.25962674, 0.02858085, 0.32190779,
       0.02852825]), array([0.3567548 , 0.15557536, 0.18353104, 0.13077252, 0.02434244,
       0.14902384])]
Estimated Gamma: [array([[0.07618641, 0.19947194, 0.20162813, 0.23375468, 0.2139519 ,
        0.07500693],
       [0.1369034 , 0.13421189, 0.40278672, 0.19770955, 0.00635765,
        0.1220308 ],
       [0.23986872, 0.09331866, 0.03391614, 0.1975684 , 0.25970132,
        0.17562676],
       [0.14839904, 0.23598817, 0.1283179 , 0.19742612, 0.00245268,
        0.2874161 ],
       [0.26505956, 0.01493309, 0.18867747, 0.13044039, 0.11347142,
        0.28741808],
       [0.0583796 , 0.16829147, 0.14529454, 0.01172341, 0.45614091,
        0.16017008]]), array([[0.08878935, 0.08601372, 0.15460937, 0.07849164, 0.04071401,
        0.5513819 ],
       [0.1117924 , 0.15871653, 0.06979798, 0.04911159, 0.41735096,
        0.19323054],
       [0.32648443, 0.04299633, 0.10369085, 0.04452835, 0.32626494,
        0.1560351 ],
       [0.05163845, 0.01019118, 0.30558419, 0.15991055, 0.46036299,
        0.01231264],
       [0.02799264, 0.48835727, 0.07237695, 0.04933927, 0.15735212,
        0.20458174],
       [0.08290556, 0.02267016, 0.45817173, 0.09749986, 0.20921389,
        0.12953879]]), array([[0.32718496, 0.07340323, 0.27190126, 0.16369926, 0.04092426,
        0.12288703],
       [0.00397188, 0.10278767, 0.05622124, 0.50722924, 0.03974108,
        0.2900489 ],
       [0.79876524, 0.046872  , 0.0680367 , 0.0064514 , 0.00441482,
        0.07545985],
       [0.26434174, 0.19599995, 0.03988968, 0.3847173 , 0.06756279,
        0.04748854],
       [0.15268093, 0.1334694 , 0.04287371, 0.17695233, 0.34770661,
        0.14631702],
       [0.03969381, 0.09769389, 0.02878838, 0.10057335, 0.23292627,
        0.50032429]]), array([[0.13024599, 0.06621813, 0.01631671, 0.11488034, 0.05618187,
        0.61615696],
       [0.0065769 , 0.26914648, 0.11066185, 0.24971394, 0.02534727,
        0.33855356],
       [0.03408232, 0.14833798, 0.16651446, 0.05764892, 0.1147044 ,
        0.47871192],
       [0.13997981, 0.03546407, 0.0414876 , 0.57916402, 0.15273439,
        0.05117012],
       [0.11560707, 0.36495067, 0.02061551, 0.00823917, 0.27060606,
        0.21998153],
       [0.00700387, 0.05239138, 0.22011302, 0.14808105, 0.02708899,
        0.54532168]]), array([[0.06748462, 0.52496361, 0.00738376, 0.07108323, 0.18110018,
        0.14798459],
       [0.04357323, 0.61520624, 0.15913546, 0.02269099, 0.12969286,
        0.02970121],
       [0.04071391, 0.22916136, 0.19291619, 0.01167904, 0.29351562,
        0.23201388],
       [0.29977255, 0.06500667, 0.00871749, 0.00968266, 0.41266681,
        0.20415383],
       [0.15401033, 0.10501749, 0.33623193, 0.00129547, 0.2475969 ,
        0.15584789],
       [0.03752664, 0.12007629, 0.00770384, 0.00964102, 0.19671023,
        0.62834199]]), array([[0.1854897 , 0.04971031, 0.51586665, 0.0996659 , 0.09735366,
        0.05191379],
       [0.01985141, 0.45539893, 0.29990919, 0.002967  , 0.13128077,
        0.09059269],
       [0.08309576, 0.04241409, 0.10487376, 0.33367307, 0.16011239,
        0.27583093],
       [0.17523418, 0.04770798, 0.16676484, 0.08077122, 0.2636137 ,
        0.26590808],
       [0.00617856, 0.03442888, 0.24827545, 0.00812717, 0.39968555,
        0.30330441],
       [0.31537668, 0.04553282, 0.31441901, 0.06833924, 0.22987573,
        0.02645652]]), array([[2.72270761e-01, 1.46495384e-01, 2.87149740e-02, 1.71580195e-01,
        2.15288957e-01, 1.65649729e-01],
       [2.83023628e-01, 1.08610750e-01, 3.00650456e-01, 2.54433238e-01,
        3.17835425e-02, 2.14983861e-02],
       [1.07926737e-01, 1.59336479e-01, 8.77166891e-02, 1.49109932e-01,
        3.13025980e-01, 1.82884183e-01],
       [1.68539837e-01, 2.51524949e-01, 4.90142972e-02, 1.31061614e-01,
        8.98844331e-02, 3.09974869e-01],
       [1.08292310e-01, 8.64386716e-03, 2.18645386e-01, 4.54878508e-03,
        5.93803586e-01, 6.60660657e-02],
       [2.34492415e-01, 4.99447471e-01, 2.76682086e-02, 1.87511139e-01,
        5.05236524e-02, 3.57114345e-04]]), array([[8.49684286e-02, 3.04856286e-01, 4.20870674e-03, 5.12980071e-02,
        3.02735276e-01, 2.51933296e-01],
       [1.09372738e-01, 1.23750629e-01, 2.71247795e-01, 4.95401730e-02,
        3.68900333e-04, 4.45719765e-01],
       [1.08006041e-01, 1.47499706e-01, 1.08518101e-01, 1.87127407e-01,
        3.79974640e-01, 6.88741049e-02],
       [4.19992851e-02, 1.12646649e-01, 4.11063255e-01, 1.71060133e-01,
        7.58113049e-02, 1.87419374e-01],
       [1.58161572e-01, 8.57046018e-03, 1.73361608e-01, 2.75839804e-01,
        1.74993649e-01, 2.09072907e-01],
       [8.30617234e-02, 1.22083629e-02, 4.19897771e-01, 4.78893388e-02,
        1.01868680e-01, 3.35074123e-01]]), array([[0.28798399, 0.4465548 , 0.21260744, 0.00424669, 0.02184138,
        0.0267657 ],
       [0.1781547 , 0.30934334, 0.01300961, 0.06780223, 0.37786998,
        0.05382014],
       [0.16042126, 0.1181368 , 0.11459068, 0.02769752, 0.5213463 ,
        0.05780744],
       [0.07784863, 0.0459407 , 0.0090144 , 0.02056108, 0.44480572,
        0.40182946],
       [0.0191389 , 0.16122191, 0.19259185, 0.25115796, 0.29102872,
        0.08486066],
       [0.05865241, 0.4495861 , 0.36303068, 0.007951  , 0.06271162,
        0.0580682 ]]), array([[0.00283997, 0.22016168, 0.05708854, 0.48189113, 0.09783909,
        0.14017958],
       [0.07592488, 0.236091  , 0.08644158, 0.26047871, 0.27549933,
        0.0655645 ],
       [0.23983873, 0.07156856, 0.44637192, 0.01665644, 0.00893077,
        0.21663357],
       [0.24767775, 0.23050457, 0.19683489, 0.04663945, 0.20911288,
        0.06923046],
       [0.058845  , 0.19192522, 0.13161233, 0.03059849, 0.49389425,
        0.0931247 ],
       [0.08996336, 0.05961135, 0.10490021, 0.50309617, 0.16487332,
        0.07755558]])]
Estimated R: [array([[0.23393138, 0.16710762, 0.47850915, 0.38054388, 0.15993157,
        0.24730281],
       [0.31311854, 0.14966752, 0.07838032, 0.0130659 , 0.51679038,
        0.22679187],
       [0.17729005, 0.41165644, 0.16693629, 0.12938462, 0.20787657,
        0.25575433],
       [0.27566002, 0.27156843, 0.27617424, 0.4770056 , 0.11540148,
        0.27015099]]), array([[2.53252165e-01, 5.20780964e-03, 4.53091312e-01, 1.63779378e-01,
        1.38666946e-01, 5.79899381e-01],
       [1.90428101e-01, 1.80571733e-01, 1.14659432e-01, 4.63478167e-01,
        3.64588379e-01, 1.28475691e-01],
       [5.56058010e-01, 8.33705859e-02, 2.75577748e-01, 3.50044578e-02,
        1.89927777e-01, 1.96100516e-01],
       [2.61723168e-04, 7.30849871e-01, 1.56671508e-01, 3.37737997e-01,
        3.06816898e-01, 9.55244116e-02]]), array([[2.79083432e-01, 7.00039924e-05, 2.18263882e-01, 3.09710908e-01,
        5.42773691e-01, 2.79646291e-01],
       [4.33420437e-02, 3.80509510e-01, 5.86270440e-02, 3.76152118e-02,
        2.76094482e-01, 6.29874582e-01],
       [5.61578524e-01, 1.65609578e-01, 4.24174684e-01, 6.74786415e-03,
        1.18571689e-01, 2.79944092e-02],
       [1.15996000e-01, 4.53810907e-01, 2.98934389e-01, 6.45926016e-01,
        6.25601388e-02, 6.24847177e-02]]), array([[0.30153637, 0.79555698, 0.00723391, 0.11084809, 0.58873867,
        0.23851922],
       [0.31011275, 0.09588528, 0.09183468, 0.6270506 , 0.26464113,
        0.03421047],
       [0.11936313, 0.04610687, 0.70182412, 0.00971503, 0.00949487,
        0.30888949],
       [0.26898775, 0.06245087, 0.19910728, 0.25238628, 0.13712534,
        0.41838082]]), array([[0.54259   , 0.36760894, 0.10919512, 0.0271569 , 0.27960411,
        0.20883958],
       [0.22716646, 0.51745248, 0.06531208, 0.31965343, 0.11736908,
        0.02208857],
       [0.11206587, 0.0342687 , 0.04775051, 0.44533573, 0.16904237,
        0.63100885],
       [0.11817766, 0.08066988, 0.77774229, 0.20785394, 0.43398445,
        0.138063  ]]), array([[0.58535063, 0.41690901, 0.45781865, 0.17486534, 0.0643295 ,
        0.11004651],
       [0.04870281, 0.39777358, 0.17392287, 0.190301  , 0.28323037,
        0.29619232],
       [0.24456787, 0.02027079, 0.17974045, 0.53379167, 0.11539393,
        0.26164057],
       [0.12137869, 0.16504662, 0.18851802, 0.101042  , 0.5370462 ,
        0.3321206 ]]), array([[0.70965655, 0.19679757, 0.06169233, 0.4517021 , 0.05960305,
        0.23107575],
       [0.22392074, 0.56699636, 0.03194786, 0.24112842, 0.02576209,
        0.39486598],
       [0.06563717, 0.04664158, 0.13657471, 0.05705638, 0.62730504,
        0.09206902],
       [0.00078554, 0.18956449, 0.76978509, 0.2501131 , 0.28732983,
        0.28198925]]), array([[0.32284369, 0.43593475, 0.19663845, 0.18865754, 0.06332249,
        0.51515661],
       [0.21597526, 0.44988139, 0.36582732, 0.10284271, 0.0447394 ,
        0.2074054 ],
       [0.33526825, 0.09093049, 0.19935003, 0.1900938 , 0.36343801,
        0.1495876 ],
       [0.1259128 , 0.02325337, 0.23818421, 0.51840595, 0.5285001 ,
        0.12785039]]), array([[0.20398233, 0.35944011, 0.3860983 , 0.03453382, 0.34029947,
        0.07697498],
       [0.02577184, 0.10148687, 0.23624593, 0.26682596, 0.3068606 ,
        0.45828956],
       [0.47591293, 0.430522  , 0.12026503, 0.03242094, 0.0695329 ,
        0.1998408 ],
       [0.29433291, 0.10855102, 0.25739074, 0.66621929, 0.28330703,
        0.26489466]]), array([[0.51433746, 0.20673248, 0.37819993, 0.43938734, 0.01731982,
        0.25655009],
       [0.02943749, 0.11081927, 0.05826702, 0.29414382, 0.38374713,
        0.44528938],
       [0.27934845, 0.02244736, 0.51881522, 0.22359504, 0.07141444,
        0.29142211],
       [0.1768766 , 0.66000088, 0.04471782, 0.04287379, 0.52751861,
        0.00673842]])]

Total NMI: [[0.07487498709445015, 0.07098690822391886, 0.06692954031400673, 0.06715360394268506, 0.06512385889200953, 0.06143433439913852, 0.06292192563411278, 0.06341865201832254, 0.061509019106310736, 0.062132439663889844, 0.06479835463423868, 0.06441274801114265, 0.06396796259830417, 0.0656216785260544, 0.06464706921863775, 0.06609011426386494, 0.06391746684950331, 0.06262956129085935, 0.06289616494601377, 0.06324798232684412, 0.062224788345348225, 0.0638504639169714, 0.06474530033241033, 0.06301705448071744, 0.06326359434468803, 0.06271949341542535, 0.06322730093451231, 0.0629955021685353, 0.062474547695099455, 0.060287707159760034, 0.06293850050184056, 0.06049743682456352, 0.06438452217301373, 0.06178617646495054, 0.06166712474328715, 0.06413276427284091, 0.06248857609723048, 0.062425550251891136, 0.06164003836771077, 0.061278138012720376, 0.06435985835794684, 0.06262884934346222, 0.0632381006264546, 0.06101618935462267, 0.06064694421624945, 0.06282523203408778, 0.06295989208109187, 0.06099828179409884, 0.06180610140732092, 0.0641378893510354, 0.06196686429058131, 0.06172356199508831, 0.06391787938679543, 0.06180749849160957, 0.062358750484684665, 0.06263789955980743, 0.06177596051366915, 0.06403094192705737, 0.06072481188492202, 0.0634927360232071, 0.06368856812426847, 0.06420531888373776, 0.06347347757483036, 0.06434986070675165, 0.06176985592415531, 0.06405766205125313, 0.06407130174880336, 0.06228584275715396, 0.061898513180257214, 0.0629911160311403, 0.06699921340785182, 0.06141885749523352, 0.06055797774401499, 0.0646095652941381, 0.0648444325837955, 0.06088099899677506, 0.06374582489538569, 0.06309223178826795, 0.062227129345476445, 0.06195049469996241, 0.062353304453235184, 0.06301156105648198, 0.061741907674065344, 0.06350701975632383, 0.06240486449936691, 0.06198639569575413, 0.06368616412220929, 0.06421247458738043, 0.06221666945274117, 0.06355596797608903, 0.06471787875246712, 0.063775223617316, 0.06348787066036841, 0.06313670889824463, 0.06363424206949571, 0.06395349436237559, 0.06261303938905079, 0.063937497038529, 0.06393763742526327, 0.06554427210442837], [0.1395054547592592, 0.14170988041538332, 0.1406048453678873, 0.13727222413502055, 0.13910738508374892, 0.1356927065975076, 0.1381157640957182, 0.1369262830890445, 0.13760228670837885, 0.13683240739169128, 0.1375660201567988, 0.1403092735677153, 0.14538051596279247, 0.14116815528299526, 0.13775975154793227, 0.1398187473795488, 0.14031143151905848, 0.14243769262181924, 0.14457832091464934, 0.14199667339215086, 0.14837429521152154, 0.14995304040030122, 0.14374214099436664, 0.14335414126755366, 0.14719364366731555, 0.14637212547216968, 0.14557344012769535, 0.14788557567916466, 0.14658500538660166, 0.14777739842836143, 0.1481280106217587, 0.15073837079157776, 0.1480000674243435, 0.14554491964787697, 0.1499091343483227, 0.1515974374946872, 0.15135333286601907, 0.15171717640971122, 0.14983518240605284, 0.15156039667979807, 0.15009300526167324, 0.15090423230161076, 0.15119335676309278, 0.15432442375743072, 0.1531847830662143, 0.15112097799748955, 0.15029747822960657, 0.15068124732942376, 0.15341688428797365, 0.15557299042269845, 0.15230967568438333, 0.15408441764847355, 0.15715786061354886, 0.1558981071162956, 0.15126303771167116, 0.15310441136815572, 0.15482472203152686, 0.1541682152298489, 0.1545179521895719, 0.1574666326556281, 0.15458847877125542, 0.15693583312223677, 0.15718834116230795, 0.15527355637781853, 0.15558436605080267, 0.15179811509591368, 0.15593831420785934, 0.15557541914006154, 0.15444323129182955, 0.1568016348442522, 0.15781885458412886, 0.1598793009650912, 0.1619574007330848, 0.16563161335603266, 0.15800091953692227, 0.16373710608319786, 0.1608489721717169, 0.16101841894597035, 0.15976899992962462, 0.16300026415511948, 0.1611201847957724, 0.160978212322757, 0.16141091341069022, 0.16207240680004553, 0.1607275605173354, 0.16126066035812536, 0.1599400207209744, 0.16208092584264885, 0.15989222382481114, 0.1603863825797998, 0.16222311503378026, 0.16093450905495063, 0.16207916355674148, 0.16184261125875576, 0.1643116500545707, 0.16376928670832586, 0.1657200143823695, 0.16404693803090958, 0.1650420674475753, 0.1669205488067559], [0.13431741462951685, 0.13796781554067405, 0.13734061643783876, 0.1418665978232711, 0.14263824966621524, 0.14680651708829115, 0.15077219192622388, 0.15148940412349132, 0.15478659676701365, 0.1564787796137463, 0.16127495047396923, 0.16186295536671505, 0.1655154951496531, 0.16693746639633214, 0.16747677733935892, 0.169730156831603, 0.17591850274280948, 0.1757461339550457, 0.17595566663325668, 0.17828062352205046, 0.17939622233923547, 0.18028082245362761, 0.1804081450238422, 0.1821198853812127, 0.18442283309644558, 0.18494205642078362, 0.18696327861958026, 0.18955955348620532, 0.19362215822188097, 0.19162065314186644, 0.19067957565053598, 0.19549298941952578, 0.19378345709946285, 0.19444129333130253, 0.19767413990248545, 0.20159195161900725, 0.20013224875995778, 0.1998531603637205, 0.2030053711846088, 0.20165976423766527, 0.2012882053951408, 0.20178542402840755, 0.20333091130589934, 0.20984978185509504, 0.20586562010964468, 0.20413803477381168, 0.20547995046543677, 0.2081419698348744, 0.20895987168299926, 0.20766668362008633, 0.20637694194514877, 0.2079785106457717, 0.20814860554965944, 0.21435251752875395, 0.21542148900660016, 0.21269337537562258, 0.21355808350597763, 0.2164213176106036, 0.21482484750609443, 0.21826389597592646, 0.21385299582668943, 0.21697149043582734, 0.21492593730217083, 0.2157745157558965, 0.21789287544295272, 0.21886360676601196, 0.21742611185350846, 0.21595685152171565, 0.2204244595645378, 0.21956301567738454, 0.21823232285290142, 0.21923208046019094, 0.22035499069644005, 0.22051624139097173, 0.2233902382753833, 0.22417614068769995, 0.22622656477982206, 0.22247783714501757, 0.2281680745823474, 0.22729010832117574, 0.22425510205757004, 0.22524817955002407, 0.22767300698052156, 0.22659605425339868, 0.22783795840751256, 0.22725903129260708, 0.22669979570870089, 0.2298475917640025, 0.22332307211394245, 0.2267298061136805, 0.2309155919718527, 0.2266759899106456, 0.2275725080981055, 0.2311497133388124, 0.22426639084137043, 0.22904292712424498, 0.2277026833466393, 0.2277172740101369, 0.23550210925269224, 0.23026807204143848], [0.10453239733557201, 0.11878045068969197, 0.12316559394879859, 0.1281489228164741, 0.13556073578680455, 0.1400975719239363, 0.14573976207554373, 0.14820609705970575, 0.15169453109674624, 0.15528310367597659, 0.16131117155284555, 0.16273496548441752, 0.16509833601235527, 0.16615137587581547, 0.16944115531622758, 0.1738000349285415, 0.17773758193268316, 0.17853289210230097, 0.18223123650249673, 0.18600696419621932, 0.1862654956837986, 0.18933127239586406, 0.19007584918288778, 0.18902899943844145, 0.18972254352035167, 0.1916733307060254, 0.1950232831390585, 0.19617062419515816, 0.1972940470232248, 0.19903303243579282, 0.20391508814289508, 0.19962318872588988, 0.19893159342000383, 0.2038483476629866, 0.20581583179162694, 0.21451132800056943, 0.2105220385199776, 0.2069972388433417, 0.21335701216602201, 0.21543824714128434, 0.21157911448772868, 0.21219753688164925, 0.21480300057656268, 0.21379237512040664, 0.21784690180242577, 0.21440428293195876, 0.22044734742686306, 0.22099592338908916, 0.22117815196149196, 0.22153455358784266, 0.22058563984373475, 0.22366508505909244, 0.21962834417149238, 0.22225590839104103, 0.22313418527796927, 0.22467209219361453, 0.2263969873380398, 0.22369885870349634, 0.22563242015862478, 0.22732876419369596, 0.2292947811961449, 0.2282141116863301, 0.22840585203042266, 0.23327815229001161, 0.2345632797527865, 0.23542640168366624, 0.23369415535966784, 0.23216106625082011, 0.23384674900931782, 0.23566855930554698, 0.2325712482834937, 0.2323811690216346, 0.2367838013643261, 0.23639535526737984, 0.23881314106330795, 0.24321799430316646, 0.23905556400843714, 0.24207818550013735, 0.24147621464010297, 0.2381041686581544, 0.23984801599368644, 0.24095254398408178, 0.2405635506892044, 0.24358308542131396, 0.24062313252255008, 0.23851218661641332, 0.24245377795507358, 0.24879182663993565, 0.24469289758741825, 0.24126050618246553, 0.2441892391533249, 0.24411578075573342, 0.24210793871141895, 0.23931432555430443, 0.2430021749755264, 0.2495982364544511, 0.24851065889784982, 0.24906488859702086, 0.2484759542870715, 0.24939900938925327], [0.1229490539356708, 0.12187963562089377, 0.1287647509232713, 0.13579975514087606, 0.13686721007344593, 0.14507667977181712, 0.15027278086502605, 0.1548472734298025, 0.1570363923481971, 0.1595965918939016, 0.16057767435922962, 0.1679959549557787, 0.16988006033275113, 0.16972073407878102, 0.17338830880543687, 0.17728303962013253, 0.17480885289953643, 0.1798861649550081, 0.18289454420270748, 0.18640958578791791, 0.18350129513587735, 0.18428805356392344, 0.18723665100441853, 0.18973914007713824, 0.18942384415425198, 0.1924150614834554, 0.19108747181883348, 0.1945954273107053, 0.1935517955379877, 0.1966500532114687, 0.20384197154033, 0.20118767694024384, 0.1995740031297582, 0.20175092042253603, 0.20419475667875908, 0.1991354610781879, 0.20247554306806384, 0.20118686849875708, 0.2042741098846005, 0.20488626070345822, 0.20825004537310138, 0.20928963639778958, 0.21010492430985342, 0.2131991695166053, 0.21247848817348136, 0.21292200578985432, 0.21230320838013042, 0.21148934914042308, 0.21236776550805808, 0.21769366961957556, 0.21557488288575014, 0.21394767826237346, 0.2116994714202114, 0.21982367621723475, 0.21879491217976502, 0.22063535391669734, 0.21874354520409647, 0.22017770996285801, 0.22060698831301484, 0.2201028314135895, 0.2194229270582845, 0.22130944073725925, 0.21910944622299375, 0.22378682845353115, 0.22172359462968377, 0.22195301334024514, 0.22240938131443025, 0.22794666385949153, 0.22374755999420873, 0.22494155683807232, 0.22318341790446108, 0.2241214384760652, 0.22640700443651726, 0.2269300691547474, 0.2319483407043587, 0.23009844981481806, 0.23236086936217207, 0.22779838842550404, 0.22482143048902783, 0.2289425609853518, 0.22781477549610435, 0.22880961428989718, 0.23446193945193478, 0.2304604595851402, 0.23214808860119424, 0.2336568035300038, 0.2319325822041371, 0.23139217210665058, 0.23287511440756428, 0.23386854515510097, 0.2338946553915072, 0.23495448127015478, 0.23464012491240505, 0.23703256901931444, 0.2336349254346298, 0.23444273929252138, 0.23495678361469383, 0.23202400010264104, 0.23684339194785062, 0.23320554371665356], [0.1087937626733089, 0.10064767171035845, 0.09875737416434542, 0.09886135807474497, 0.09662440344531542, 0.0971434578607978, 0.09552282123522703, 0.09587091680920595, 0.09405948272351301, 0.09636928842901776, 0.09656193383369961, 0.09603770829948695, 0.0986116528258224, 0.09949333864041239, 0.09752743146912053, 0.10078764261644514, 0.10178041911143379, 0.09974750224571152, 0.10290151929797421, 0.09893489497593023, 0.09646491938668576, 0.10190141207012596, 0.10067618111564082, 0.10010456268997546, 0.10378928497122392, 0.10068701825628816, 0.10155037163569379, 0.10022398122095402, 0.10227151284898327, 0.10129604801363931, 0.1023502836590915, 0.10671480913225155, 0.10864483931734457, 0.10490423074586777, 0.10122299794206248, 0.103914791767447, 0.10456377128120614, 0.10665431427954411, 0.10802634673315407, 0.11043734951201375, 0.10559989423836541, 0.10703247733115127, 0.1110337181874404, 0.10963852633002373, 0.10810995566248074, 0.10995265988148548, 0.10789595010057058, 0.10976249749550852, 0.10762828860258905, 0.11122675498079541, 0.11206659732800962, 0.11236798436645656, 0.11340515237152338, 0.10887215099413848, 0.1135606209409126, 0.11556545850291552, 0.10902583135543162, 0.11469090905326348, 0.11446607844244709, 0.11523436237841589, 0.11589574392523946, 0.11753772365363734, 0.11748041907923266, 0.11177426534848078, 0.11471252158037834, 0.11713275412102363, 0.11847282203632409, 0.1199640773040013, 0.12171505096581302, 0.11625058615447045, 0.11840188607056083, 0.11699594314128892, 0.11682218666685028, 0.11659895491354388, 0.11881707606007852, 0.1197402840519261, 0.1197758695703162, 0.1198520909316166, 0.12240331329552316, 0.12199793932636353, 0.1206787316373682, 0.12101722970005652, 0.1244251894577366, 0.12339022070428647, 0.12128354945830738, 0.12476721179778683, 0.12141022969483059, 0.1251800111372865, 0.12488974172160043, 0.12189334434078172, 0.12025720626286218, 0.1217252409753304, 0.12709495217720365, 0.12822634949976397, 0.12885174946306857, 0.1256936654430847, 0.12504340634538935, 0.13098744734418216, 0.12854484826739787, 0.12579542567775845], [0.17356943076929354, 0.17950470722913314, 0.18045686150484455, 0.17907236409938682, 0.18499209205428352, 0.18828987143108844, 0.19225752978060823, 0.19343219017106797, 0.18852130667024747, 0.19525726768316506, 0.19397271277565825, 0.19370614012308285, 0.19593436265876246, 0.19872284018187697, 0.19792364108129615, 0.19795989636793376, 0.198654036934268, 0.20016688735144791, 0.20179813161354856, 0.2032772329304228, 0.2003976661295949, 0.20032390594267488, 0.20241190204437626, 0.20247845317317875, 0.20072006928468566, 0.20353729072550406, 0.2031236752829252, 0.2015150534526117, 0.20915768372631274, 0.20563114800622545, 0.20404492260058832, 0.20157040437451088, 0.2067629092100646, 0.20875045131011322, 0.20872056171209147, 0.20867018807713686, 0.20769465528686146, 0.20911334554156977, 0.20712037513516934, 0.20778520739685052, 0.20668165513826933, 0.20933785455500023, 0.2116417675521078, 0.21024005349809638, 0.20755318867628852, 0.21089720334935214, 0.20857786504191306, 0.21063751110063858, 0.2134867619452431, 0.21428445413340955, 0.2079936207268803, 0.21281043227666846, 0.2148380740575642, 0.2096443271926291, 0.2108182672756749, 0.20963066986574908, 0.20917296245646333, 0.2100168935395983, 0.21401951259161547, 0.21330461796912872, 0.21417007721983455, 0.2081040218585191, 0.21413334992562652, 0.21580386389369588, 0.21748635004714442, 0.2147403625598814, 0.2174477720247239, 0.2119747030059392, 0.2127372734050339, 0.2186553265422553, 0.22121950925410067, 0.2182975395007477, 0.22120915388790172, 0.21619160263375295, 0.21988391791502038, 0.2190204686017179, 0.21796352815251074, 0.21693320686261583, 0.21428401484935614, 0.21586480306950392, 0.2166502247391805, 0.21758765655437298, 0.21543135223773452, 0.21849794794696747, 0.22168315112449302, 0.22246819530252931, 0.21891428444817534, 0.21944560729642829, 0.21764128480892558, 0.21233318746870805, 0.2204490174255454, 0.2192469605058636, 0.21933709603408236, 0.22041805970893188, 0.22221025655762947, 0.21562069313571353, 0.21753205191353128, 0.21516577243276058, 0.21920362302849944, 0.21386252923557247], [0.10464408130066864, 0.09684561915517337, 0.09405007075283794, 0.09417707855390298, 0.09120830989306135, 0.09305930700515613, 0.09131643478441862, 0.08983113541944795, 0.08848428901648628, 0.09058287763724555, 0.09023563968154026, 0.08644247255184898, 0.08734599522389999, 0.08663912320307596, 0.09023760523008433, 0.09070187007530442, 0.09229239045982042, 0.0871193564172586, 0.08789680006174648, 0.08962851849385917, 0.09218718383357832, 0.08782985509865562, 0.08851171230448725, 0.08989496559911186, 0.09136111568592604, 0.08997726080274963, 0.09215494370782022, 0.09104017932984962, 0.09119675141075999, 0.09000777823120963, 0.09044115950444774, 0.0921324078437408, 0.08878412581312604, 0.09106136016163674, 0.09009995141060617, 0.09137466605850846, 0.09217670853400867, 0.09272309234949784, 0.09166049615428751, 0.09011925351992288, 0.0905492813678433, 0.09059063624222385, 0.08899748139517707, 0.08989454091083353, 0.09148841008437286, 0.09070018354828904, 0.09077777276430068, 0.09135859422617783, 0.09327252651671118, 0.09426551860222805, 0.0939679012728131, 0.09281981366691638, 0.09418313056737837, 0.09250196841097298, 0.09260544237580624, 0.0935267082405665, 0.09112544000730238, 0.09274757236234264, 0.09135346575664557, 0.09358171196671138, 0.0922332139047618, 0.09390808963986194, 0.09414308793749815, 0.09234783482016233, 0.09307773328358715, 0.09311242064663147, 0.09262767171736917, 0.09470280114922928, 0.09164982624288853, 0.09216791057547685, 0.09197322671304815, 0.09509109782770701, 0.09596847263923637, 0.09649253608637097, 0.0969973018924666, 0.09564613304505433, 0.09393095357246906, 0.09480755084127875, 0.09562090078053653, 0.09578680345382022, 0.09358612482414341, 0.09418104976708039, 0.0964714257378044, 0.09605901917979087, 0.09543330894159657, 0.09380051901137257, 0.0938015855259895, 0.09177254835765362, 0.09398534196031852, 0.09380920560044655, 0.09439055660230303, 0.09481537392079734, 0.0929906726705406, 0.0957514731630839, 0.09518593864977522, 0.09524949802256728, 0.09519007760733532, 0.09400113727889794, 0.09709582317586331, 0.09671122055783805], [0.11746685211967496, 0.12164395646390802, 0.11851421444253145, 0.11697633697799892, 0.11430239558603102, 0.11228705215253322, 0.1155530574508794, 0.1129057521276424, 0.11434671014260582, 0.11121296572476409, 0.11354561414808793, 0.11127504278629496, 0.11382490139140175, 0.11139271509779707, 0.11413527749070784, 0.11177231320818838, 0.1177716383669277, 0.11288763202133201, 0.11742052930912929, 0.11410048253992332, 0.11414879115394025, 0.11373619203457659, 0.1153350066390855, 0.11669800952791155, 0.11614774502996188, 0.11541830036598627, 0.11627188931386766, 0.11432449398471242, 0.11753967816292639, 0.12057454172554126, 0.11989955990835333, 0.1190277930518496, 0.11779127306265547, 0.12026279221247337, 0.12009083558985714, 0.1176363392777123, 0.1177002204516785, 0.1150481273636424, 0.12098534574171779, 0.11940875483109314, 0.11943361474963704, 0.11663751882534965, 0.11935841275111282, 0.11884416808969488, 0.1206445366432912, 0.12117146032817631, 0.12227606382987168, 0.12284469894782697, 0.12063533230976854, 0.11933256103030919, 0.12199864696596138, 0.12296736792576539, 0.12124824930722647, 0.12487207406691594, 0.12089611825814088, 0.12075925474249778, 0.12312446162225076, 0.12125586851950734, 0.12275981811254869, 0.12690782367316453, 0.1234834150193394, 0.12679548909598873, 0.1244233169816529, 0.12680394653841684, 0.1267055205361996, 0.12328758001856338, 0.12331861067050053, 0.12463851123804608, 0.12598217433300674, 0.12637478113176404, 0.12402798552410688, 0.12408518622238705, 0.12489065914807364, 0.12498689354152678, 0.1260116025070675, 0.1272332274849591, 0.12745825572247524, 0.12575442627859182, 0.12838087412347643, 0.131148211424446, 0.1267272413716321, 0.12875201306604792, 0.13175786476457763, 0.133010404171836, 0.1319653447032864, 0.13332149526275366, 0.12859343844926324, 0.1269619398494378, 0.1326141371489695, 0.12897950456091894, 0.12940193618151763, 0.12974343438332195, 0.12931180561821937, 0.13300268027468562, 0.13345176322116936, 0.13149611992357477, 0.13088188661690547, 0.12934231785963263, 0.13699738341389125, 0.13455875248958896], [0.14969614818856541, 0.15190518650366294, 0.14998049006997577, 0.15315090523640984, 0.1548748461772371, 0.15416915387129784, 0.15439387845632885, 0.15852642245103793, 0.16066952303419466, 0.16045733598803316, 0.15997634484241977, 0.1626565426733876, 0.1638499323320942, 0.16730388042473546, 0.16483542233510337, 0.16806556907711173, 0.1662019678704793, 0.1674844548797531, 0.16782113239358934, 0.16702656896048687, 0.1706148269555301, 0.16778044233561487, 0.16683218158022461, 0.16990712436560848, 0.17083828810355128, 0.1731470799755991, 0.17096559987759793, 0.17465423472371772, 0.17154767305018964, 0.1743965782540661, 0.17862036011685814, 0.1784731167792107, 0.17619502137138737, 0.1757483829444732, 0.1765332837527398, 0.17622945387311426, 0.1808176542759315, 0.18183467550704713, 0.18397276450956412, 0.18179697192225838, 0.1830971823778518, 0.18427613119474887, 0.1819835051475137, 0.18639858355852948, 0.1819258173013015, 0.18373779334198298, 0.18357145336337702, 0.1857038819896819, 0.18193175414962884, 0.18224306308493643, 0.18484904847819142, 0.18342734170746047, 0.1829721912738882, 0.18311868193088085, 0.18591428638512683, 0.1883802922040537, 0.18529838641154542, 0.18743502381703375, 0.18473757288850973, 0.18698759996283154, 0.18537715691388917, 0.18890340499523484, 0.18690766727243444, 0.1860692794762902, 0.18594034638245743, 0.1907624755619765, 0.18651454504946258, 0.1851027594356805, 0.18716960638107633, 0.18697368392398808, 0.18728921489561073, 0.18780341583276408, 0.19069754029106065, 0.18869105138313208, 0.1913540162660607, 0.19092885073631558, 0.18844446872630294, 0.18833914875967428, 0.1909945215248926, 0.1911004222092782, 0.19322923509533554, 0.19085759664009663, 0.19362908610469642, 0.19108440101038235, 0.19317508142391873, 0.19555118531495586, 0.19319495007881396, 0.19280385138074782, 0.1922655733671555, 0.1938626313619079, 0.19343983899882083, 0.19520588533644628, 0.19233509859188458, 0.19754576504334673, 0.19363715444352791, 0.19225349291540958, 0.19633101761014302, 0.197097308445105, 0.19332682829249326, 0.19508980694070635]]
Total Percentage: [[36.268, 35.632000000000005, 35.152, 35.106, 34.69, 34.123999999999995, 34.516000000000005, 34.5, 34.272000000000006, 34.154, 34.594, 34.583999999999996, 34.486, 34.849999999999994, 34.764, 34.874, 34.592, 34.486, 34.489999999999995, 34.192, 34.117999999999995, 34.449999999999996, 34.69, 34.339999999999996, 34.448, 34.367999999999995, 34.104, 34.424, 34.286, 33.894000000000005, 34.416000000000004, 33.908, 34.544000000000004, 33.924, 34.205999999999996, 34.348, 34.32, 34.227999999999994, 34.239999999999995, 34.158, 34.589999999999996, 34.204, 34.367999999999995, 33.854, 33.966, 34.248, 34.294000000000004, 33.942, 34.18, 34.286, 34.138000000000005, 34.211999999999996, 34.636, 34.194, 34.062, 34.154, 33.95, 34.526, 33.83, 34.304, 34.48, 34.412, 34.376, 34.418, 34.078, 34.33, 34.506, 34.096, 34.136, 34.198, 34.886, 34.034, 33.724, 34.332, 34.608, 33.884, 34.306, 34.458, 34.044000000000004, 33.934, 34.128, 34.1, 33.998, 34.254, 34.338, 34.202, 34.589999999999996, 34.432, 34.184, 34.226, 34.386, 34.342, 34.48, 34.164, 34.472, 34.398, 34.188, 34.123999999999995, 34.382000000000005, 34.742], [46.534, 46.908, 46.696, 46.464, 46.582, 46.198, 46.604, 46.361999999999995, 46.478, 46.308, 46.336, 46.716, 47.199999999999996, 46.724, 46.302, 46.622, 46.586, 46.867999999999995, 47.0, 46.732, 47.412, 47.815999999999995, 47.046, 46.688, 47.27, 47.196, 47.13, 47.384, 47.208, 47.284, 47.312, 47.508, 47.226, 46.924, 47.502, 47.564, 47.766, 47.708, 47.510000000000005, 47.664, 47.576, 47.542, 47.477999999999994, 47.872, 47.88, 47.442, 47.318, 47.410000000000004, 47.672, 47.982, 47.660000000000004, 47.842, 48.11, 47.967999999999996, 47.346, 47.78, 47.836, 47.764, 47.696, 48.06, 47.738, 48.096, 47.954, 47.77, 47.774, 47.454, 47.798, 47.898, 47.702, 47.874, 48.112, 48.156, 48.536, 48.922, 48.0, 48.792, 48.284, 48.211999999999996, 48.06, 48.628, 48.294, 48.126000000000005, 48.461999999999996, 48.53, 48.374, 48.354, 48.172, 48.422, 48.354, 48.24, 48.376000000000005, 48.358000000000004, 48.338, 48.436, 48.74, 48.571999999999996, 48.766, 48.534, 48.724000000000004, 48.818], [46.788000000000004, 46.818, 46.650000000000006, 46.89, 46.756, 47.233999999999995, 47.312, 47.452, 47.648, 47.898, 48.342, 48.266, 48.646, 48.692, 48.616, 48.972, 49.422, 49.192, 49.308, 49.334, 49.566, 49.616, 49.425999999999995, 49.616, 49.906, 49.816, 49.964, 50.318, 50.605999999999995, 50.354, 50.258, 50.536, 50.478, 50.644, 50.986, 51.224000000000004, 51.246, 50.82, 51.134, 51.019999999999996, 51.012, 51.083999999999996, 50.992000000000004, 51.674, 51.196, 51.038, 51.202000000000005, 51.31400000000001, 51.696, 51.42, 51.366, 51.354, 51.408, 51.912000000000006, 52.004, 51.53, 51.834, 52.054, 51.812000000000005, 51.995999999999995, 51.774, 52.138, 51.842, 52.03, 52.048, 52.124, 52.032000000000004, 51.686, 52.308, 52.349999999999994, 51.995999999999995, 52.337999999999994, 52.23, 52.168000000000006, 52.578, 52.444, 52.470000000000006, 52.544000000000004, 53.028, 52.468, 52.388, 52.571999999999996, 52.54600000000001, 52.666000000000004, 52.678000000000004, 52.708, 52.586, 52.803999999999995, 52.334, 52.22599999999999, 52.958000000000006, 52.274, 52.296, 52.824000000000005, 52.22, 52.598, 52.644000000000005, 52.498, 53.20399999999999, 52.82], [44.988, 46.446, 46.996, 47.376000000000005, 48.204, 48.368, 48.918, 49.102000000000004, 49.312, 49.559999999999995, 50.266, 50.334, 50.61, 50.648, 50.836000000000006, 51.254, 51.7, 51.717999999999996, 51.636, 52.196, 52.324000000000005, 52.676, 52.298, 52.318, 52.34799999999999, 52.688, 52.994, 52.944, 52.986, 53.074, 53.571999999999996, 53.262, 53.012, 53.368, 53.458000000000006, 54.432, 53.937999999999995, 53.942, 54.308, 54.372, 54.083999999999996, 54.344, 54.588, 54.169999999999995, 54.556000000000004, 54.24, 54.74400000000001, 54.74400000000001, 54.762, 54.54, 54.638, 54.912000000000006, 54.364000000000004, 54.728, 54.614, 54.996, 55.21, 54.858, 55.013999999999996, 55.157999999999994, 55.484, 55.104, 55.196, 55.554, 55.800000000000004, 55.738, 55.767999999999994, 55.367999999999995, 55.584, 55.55799999999999, 55.48800000000001, 55.126, 55.669999999999995, 55.798, 55.986000000000004, 56.3, 55.858, 56.076, 55.87, 55.69, 55.876000000000005, 56.157999999999994, 56.092, 56.077999999999996, 55.86, 55.767999999999994, 55.84400000000001, 56.494, 56.198, 56.022000000000006, 56.19, 56.355999999999995, 56.282, 56.106, 55.916, 56.577999999999996, 56.528, 56.792, 56.506, 56.608000000000004], [46.949999999999996, 46.78, 47.752, 48.556, 48.556, 49.444, 50.096, 50.49400000000001, 50.73, 51.004000000000005, 51.112, 51.815999999999995, 52.07000000000001, 51.928, 52.236000000000004, 52.638, 52.696, 52.986, 53.256, 53.54600000000001, 53.364, 53.588, 53.644000000000005, 54.144000000000005, 54.09, 54.217999999999996, 53.996, 54.492, 54.339999999999996, 54.523999999999994, 55.054, 54.767999999999994, 54.864000000000004, 55.086, 55.274, 54.738, 55.128, 54.92399999999999, 55.254000000000005, 55.26, 55.474000000000004, 55.674, 55.886, 56.178, 56.092, 56.006, 55.896, 55.894, 56.120000000000005, 56.328, 56.18, 56.16, 56.042, 56.706, 56.64, 56.757999999999996, 56.604, 56.58, 56.62199999999999, 56.535999999999994, 56.535999999999994, 56.754000000000005, 56.474000000000004, 56.982, 56.858, 56.772, 56.69, 57.248, 56.83200000000001, 57.120000000000005, 57.008, 56.962, 57.232000000000006, 57.38999999999999, 57.548, 57.592, 57.812, 57.342000000000006, 56.828, 57.25599999999999, 57.269999999999996, 57.396, 57.858, 57.54, 57.8, 57.940000000000005, 57.55200000000001, 57.568, 57.692, 57.816, 57.824, 57.86599999999999, 57.843999999999994, 58.18600000000001, 57.821999999999996, 57.842000000000006, 57.87799999999999, 57.482, 58.086000000000006, 57.694], [44.07, 43.302, 42.988, 43.018, 42.558, 42.66, 42.437999999999995, 42.52, 42.16, 42.344, 42.422, 42.258, 42.736000000000004, 42.653999999999996, 42.44, 42.903999999999996, 43.052, 42.612, 43.004, 42.6, 42.36, 43.068, 42.814, 42.706, 43.144, 42.6, 42.65, 42.5, 42.702, 42.664, 42.64, 43.230000000000004, 43.57, 43.094, 42.65, 42.75, 42.854, 43.162, 43.282, 43.492, 42.937999999999995, 43.322, 43.553999999999995, 43.482, 43.274, 43.318, 43.114000000000004, 43.35, 43.22, 43.704, 43.64, 43.634, 43.696, 43.316, 43.68, 43.974000000000004, 43.13, 43.804, 43.822, 43.818, 44.062, 44.09, 44.046, 43.318, 43.662, 43.980000000000004, 44.028, 44.088, 44.522, 43.71, 44.068000000000005, 43.986, 43.678, 43.896, 44.092, 44.098, 44.028, 44.04, 44.478, 44.378, 44.242, 44.246, 44.588, 44.434000000000005, 44.322, 44.704, 44.322, 44.616, 44.462, 44.292, 43.932, 44.314, 44.862, 44.828, 45.138, 44.542, 44.512, 45.302, 44.854, 44.496], [46.983999999999995, 47.416000000000004, 47.568, 46.938, 47.604, 47.870000000000005, 48.16, 48.3, 47.92, 48.406, 48.418, 48.148, 48.449999999999996, 48.964, 48.51, 48.858000000000004, 48.638, 48.884, 49.134, 49.184, 48.844, 49.048, 49.286, 48.949999999999996, 48.870000000000005, 49.146, 49.156, 49.11, 49.706, 49.292, 49.198, 48.97, 49.232, 49.604, 49.769999999999996, 49.598, 49.547999999999995, 49.614000000000004, 49.468, 49.874, 49.686, 49.724000000000004, 49.814, 49.954, 49.794, 50.066, 49.653999999999996, 49.992, 50.288, 50.438, 49.653999999999996, 50.172000000000004, 50.478, 49.764, 49.872, 49.830000000000005, 49.866, 49.752, 50.44800000000001, 50.28399999999999, 50.392, 49.702, 50.248000000000005, 50.596, 50.727999999999994, 50.370000000000005, 50.656, 49.884, 50.09400000000001, 50.702000000000005, 50.9, 50.6, 51.092000000000006, 50.46000000000001, 51.014, 50.954, 50.854, 50.81400000000001, 50.56, 50.552, 50.705999999999996, 50.852, 50.548, 50.684, 51.064, 51.036, 50.724000000000004, 50.916, 50.824000000000005, 50.17, 50.982000000000006, 50.916, 51.13799999999999, 51.31, 51.385999999999996, 50.672, 50.878, 50.742, 50.983999999999995, 50.412], [42.114000000000004, 41.246, 40.738, 41.04, 40.498, 40.502, 40.228, 40.294000000000004, 40.166000000000004, 40.166000000000004, 40.288000000000004, 39.736, 39.873999999999995, 39.756, 40.146, 40.144000000000005, 40.528, 39.873999999999995, 40.01, 39.961999999999996, 40.27, 39.81, 39.958, 40.078, 40.217999999999996, 39.93, 40.076, 40.016, 40.228, 40.136, 40.04, 40.332, 39.932, 40.2, 39.978, 40.136, 40.354, 40.178000000000004, 40.11, 39.800000000000004, 40.0, 39.924, 39.745999999999995, 40.092, 40.12, 39.998, 39.988, 40.014, 40.398, 40.366, 40.354, 40.098, 40.274, 40.422000000000004, 40.292, 40.294000000000004, 39.751999999999995, 40.076, 39.961999999999996, 40.33, 40.117999999999995, 40.37, 40.306, 40.182, 40.166000000000004, 40.164, 40.174, 40.506, 39.934, 40.162, 39.982, 40.296, 40.538000000000004, 40.532000000000004, 40.75, 40.392, 40.102, 40.388000000000005, 40.428, 40.38, 40.23, 40.056000000000004, 40.598, 40.57, 40.444, 40.114, 40.138, 39.910000000000004, 40.196, 40.174, 40.226, 40.19, 40.11, 40.464, 40.292, 40.348, 40.202, 40.233999999999995, 40.664, 40.746], [43.55, 44.316, 44.018, 43.994, 43.68, 43.256, 43.476, 43.522, 43.546, 43.134, 43.34, 43.108000000000004, 43.342000000000006, 43.132, 43.288, 43.202, 43.924, 43.412, 43.864, 43.414, 43.46, 43.496, 43.431999999999995, 43.516, 43.646, 43.534, 43.614000000000004, 43.187999999999995, 43.61, 43.972, 43.85, 43.934, 43.634, 43.918, 43.876, 43.76, 43.794, 43.51, 43.922, 44.044, 43.918, 43.572, 43.836000000000006, 43.528, 43.862, 44.032, 44.13, 44.096000000000004, 43.71, 43.736000000000004, 44.032, 44.134, 43.926, 44.406, 43.844, 43.944, 44.112, 43.882, 44.11, 44.582, 43.918, 44.484, 43.896, 44.314, 44.416, 43.926, 44.13, 44.263999999999996, 44.03, 44.257999999999996, 44.086, 44.066, 44.1, 44.190000000000005, 44.272, 44.36, 44.548, 44.046, 44.428, 44.888, 44.24, 44.436, 44.762, 44.93, 44.653999999999996, 44.78, 44.528, 44.368, 44.692, 44.564, 44.538, 44.312000000000005, 44.528, 44.798, 44.894, 44.664, 44.584, 44.574000000000005, 45.314, 44.98], [45.396, 45.482, 45.332, 45.736, 45.864, 45.714, 45.626, 45.994, 46.402, 46.054, 46.150000000000006, 46.452, 46.678, 46.908, 46.774, 47.164, 46.702, 46.902, 47.096, 46.776, 47.146, 47.056, 46.698, 47.3, 47.318, 47.414, 47.374, 47.796, 47.304, 47.696, 47.964, 47.99, 47.872, 47.662, 47.833999999999996, 47.862, 48.192, 48.564, 48.59, 48.612, 48.49, 48.474000000000004, 48.216, 48.958, 48.434, 48.858000000000004, 48.556, 48.608000000000004, 48.22, 48.278, 48.596000000000004, 48.394, 48.653999999999996, 48.49, 48.815999999999995, 49.158, 48.57, 48.934, 48.758, 49.13, 48.714, 49.094, 49.02, 48.972, 48.918, 49.322, 48.714, 48.762, 48.980000000000004, 48.834, 49.112, 48.986000000000004, 49.218, 49.16, 49.303999999999995, 49.292, 49.056, 48.988, 49.328, 49.553999999999995, 49.472, 49.244, 49.418, 49.437999999999995, 49.452, 49.836000000000006, 49.358000000000004, 49.382, 49.266, 49.606, 49.706, 49.69, 49.44, 50.041999999999994, 49.498, 49.422, 49.906, 50.014, 49.49, 49.842]]
Total Delta Gamma: [1.84682583 2.01072555 1.70110338 1.5678079  1.70863809 1.91864809
 1.80505986 1.92649802 1.83674623 1.8449348 ]
Total Delta R: [1.3481485  1.23485303 1.24361429 1.63299165 1.49227351 1.17714394
 1.35938373 1.19479668 1.42069871 1.46261483]
