Complexity increased keeping gamma very unbalanced, and increasing K and N (K=8, N=9)
==================================================

N (neurons): 9
K (states): 8
T (time steps): 100000
Seed: None
Number of repetitions: 10

Initialization of parameters for HMM:
Pi: [1 0 0 0 0 0 0 0]
Gamma: [[0.72 0.04 0.04 0.04 0.04 0.04 0.04 0.04]
 [0.04 0.72 0.04 0.04 0.04 0.04 0.04 0.04]
 [0.04 0.04 0.72 0.04 0.04 0.04 0.04 0.04]
 [0.04 0.04 0.04 0.72 0.04 0.04 0.04 0.04]
 [0.04 0.04 0.04 0.04 0.72 0.04 0.04 0.04]
 [0.04 0.04 0.04 0.04 0.04 0.72 0.04 0.04]
 [0.04 0.04 0.04 0.04 0.04 0.04 0.72 0.04]
 [0.04 0.04 0.04 0.04 0.04 0.04 0.04 0.72]]
R: [[0.5 0.  0.  0.  0.  0.  0.  0. ]
 [0.  0.5 0.  0.  0.  0.  0.  0. ]
 [0.5 0.  0.5 0.  0.  0.  0.  0. ]
 [0.  0.5 0.  0.5 0.  0.  0.  0. ]
 [0.  0.  0.5 0.  0.5 0.  0.  0. ]
 [0.  0.  0.  0.5 0.  0.5 0.  0. ]
 [0.  0.  0.  0.  0.5 0.  0.5 0. ]
 [0.  0.  0.  0.  0.  0.5 0.  0.5]
 [0.  0.  0.  0.  0.  0.  0.5 0. ]
 [0.  0.  0.  0.  0.  0.  0.  0.5]]

Generated data:
Generated firings (y): [0 2 0 0 0 2 2 0 2 2 2 4 4 6 6 6 6 9 7 9 9 7 9 7 6 7 6 6 6 3 3 3 8 8 0 4 2
 2 7 7 3 0 5 5 5 7 5 7 7 5 5 5 5 5 7 4 4 8 7 7 5 5 9 8 6 6 0 2 0 0 2 0 2 0
 7 9 7 5 5 7 5 6 8 8 6 6 8 8 3 3 5 6 8 8 8 1 3 3 5 3]... (showing first 100 entries)
Generated states (z): [0 0 0 0 0 0 0 0 0 0 0 2 4 4 6 6 6 7 7 7 7 7 7 7 6 7 4 4 4 1 1 1 6 6 0 2 2
 2 5 5 3 0 5 5 5 5 5 5 5 5 5 5 5 5 5 4 4 6 5 5 5 5 7 6 6 6 0 0 0 0 0 0 0 0
 7 7 5 5 5 5 5 4 6 6 6 6 6 6 3 3 3 6 6 6 6 1 1 3 3 3]... (showing first 100 entries)

Estimated parameters:
Estimated Pi: [array([1.00000000e+000, 2.89836015e-019, 6.96893293e-087, 7.52386676e-086,
       1.83888148e-096, 1.51936737e-074, 2.78743652e-128, 3.92176918e-059]), array([5.11945104e-123, 1.25321705e-096, 1.77359947e-139, 9.72080421e-080,
       1.00000000e+000, 8.40770637e-090, 4.28462900e-065, 4.51830391e-088]), array([4.28768052e-121, 1.02952432e-093, 5.02610301e-057, 3.98078290e-130,
       6.00569866e-080, 4.56172646e-005, 7.58579253e-074, 9.99954383e-001]), array([3.39896755e-124, 1.34551629e-072, 1.59047116e-056, 1.00000000e+000,
       1.09080326e-015, 9.63803322e-047, 5.09689796e-178, 5.13074309e-018]), array([1.00000000e+000, 9.02360871e-198, 1.07548243e-122, 4.65709427e-095,
       6.00530313e-110, 1.25729915e-091, 8.23631756e-019, 1.15974095e-145]), array([9.99973814e-001, 3.36578327e-124, 2.41954302e-080, 5.96842235e-090,
       2.61859406e-005, 1.67575288e-101, 1.00211915e-087, 1.12728774e-070]), array([2.03970186e-066, 4.41875510e-083, 1.52517165e-118, 2.31183322e-002,
       1.91153363e-006, 1.78920569e-063, 5.75327908e-062, 9.76879756e-001]), array([4.62103218e-85, 6.56279259e-82, 2.12659327e-70, 9.43940660e-61,
       1.00000000e+00, 5.58099171e-87, 8.62395355e-57, 3.61894165e-65]), array([3.31654239e-053, 1.22033670e-129, 1.31012385e-065, 7.85402229e-005,
       9.03566151e-124, 9.05765095e-007, 5.06349300e-098, 9.99920554e-001]), array([1.00000000e+000, 1.46987743e-102, 8.40916477e-118, 2.50474221e-089,
       6.42065673e-028, 2.01709386e-109, 3.61830882e-011, 8.28479262e-024])]
Estimated Gamma: [array([[0.34099047, 0.43419471, 0.03661316, 0.04343035, 0.02506824,
        0.0578713 , 0.03317651, 0.03646532],
       [0.44416328, 0.33474471, 0.03367537, 0.02837226, 0.04108929,
        0.04242224, 0.03551429, 0.04205523],
       [0.0402698 , 0.03622637, 0.73147346, 0.04742509, 0.02791462,
        0.04131487, 0.03893472, 0.05493065],
       [0.04362722, 0.03248755, 0.05154671, 0.73861536, 0.06299165,
        0.03771496, 0.03914444, 0.02214954],
       [0.0320814 , 0.03968185, 0.0059185 , 0.04359655, 0.69367481,
        0.03778378, 0.03790954, 0.06911007],
       [0.0586112 , 0.01496477, 0.04364126, 0.03341809, 0.05215464,
        0.69952662, 0.04709541, 0.03693773],
       [0.0340952 , 0.04428622, 0.03766952, 0.04428644, 0.03331858,
        0.03850654, 0.72927194, 0.04626205],
       [0.00616145, 0.06341383, 0.05946204, 0.02085586, 0.06378816,
        0.0448597 , 0.03895315, 0.69208943]]), array([[3.58337799e-01, 3.41353879e-02, 4.25663678e-01, 3.73425257e-02,
        1.43584562e-02, 1.52924883e-02, 1.64818661e-01, 7.95374576e-03],
       [2.60142086e-03, 2.38738966e-01, 2.30791436e-02, 5.58146766e-01,
        1.75616594e-02, 2.22783762e-02, 7.71136247e-02, 4.22984147e-02],
       [6.87162419e-02, 2.57261272e-02, 2.21362973e-01, 4.75770330e-02,
        2.39688623e-02, 7.17086766e-02, 4.26461979e-01, 5.70611999e-02],
       [3.12389604e-02, 5.87480079e-01, 4.91637107e-02, 9.13551018e-02,
        8.04516898e-02, 3.80153702e-02, 1.19798990e-02, 7.16275386e-03],
       [6.54366966e-02, 5.60431748e-02, 2.87117211e-02, 2.29199252e-02,
        7.12546667e-01, 4.86058300e-02, 4.38238538e-02, 4.72659935e-02],
       [1.52824866e-01, 4.19504683e-02, 2.43569821e-02, 2.66193778e-02,
        4.14371565e-02, 6.94406196e-01, 3.56096378e-02, 4.00711418e-02],
       [3.15566974e-01, 1.52254771e-02, 1.38289215e-01, 8.49494962e-02,
        7.50790349e-02, 6.44994212e-02, 2.29255944e-01, 4.76363808e-02],
       [5.27704103e-03, 7.00319928e-04, 8.93725760e-02, 1.31089775e-01,
        3.45964743e-02, 4.51936411e-02, 1.09364003e-02, 7.50550370e-01]]), array([[0.30361368, 0.0266494 , 0.18632309, 0.12069683, 0.05787685,
        0.0307337 , 0.03792567, 0.0965445 ],
       [0.14616505, 0.7162116 , 0.09510901, 0.02520488, 0.00961087,
        0.01935773, 0.03768852, 0.07551276],
       [0.0277797 , 0.1054928 , 0.55230967, 0.02867719, 0.14227853,
        0.0602074 , 0.03241317, 0.00737996],
       [0.06834725, 0.0425936 , 0.00569078, 0.26470838, 0.03802978,
        0.01384869, 0.59737529, 0.02323887],
       [0.11960611, 0.01770507, 0.09525035, 0.00279286, 0.6769766 ,
        0.02996335, 0.03507238, 0.03910964],
       [0.06024978, 0.03448238, 0.0529307 , 0.01883925, 0.03538716,
        0.22709197, 0.00986165, 0.53567582],
       [0.26084069, 0.0179691 , 0.00632067, 0.51965546, 0.00297933,
        0.04795839, 0.15063411, 0.03381846],
       [0.01339773, 0.03889605, 0.00606573, 0.01942514, 0.03686089,
        0.57083876, 0.09902921, 0.18871999]]), array([[7.69231138e-01, 8.25628713e-02, 7.30586336e-02, 7.33525374e-02,
        4.60297216e-02, 1.07806845e-01, 7.78278439e-02, 7.73307811e-02],
       [4.02120688e-02, 6.90031189e-01, 3.84508281e-02, 5.29709940e-02,
        3.14300725e-02, 4.07038491e-02, 3.08988207e-02, 2.14112608e-02],
       [7.12462552e-02, 7.54649734e-02, 7.71193430e-01, 6.29195620e-02,
        5.63654408e-02, 8.78256739e-02, 6.96674980e-02, 5.94852039e-02],
       [1.81675795e-02, 2.11448569e-02, 1.42530812e-02, 3.29361289e-01,
        4.12870691e-03, 1.86535944e-02, 2.13370880e-03, 4.28155328e-01],
       [1.92845521e-02, 4.63707861e-02, 1.61743135e-02, 1.75294953e-01,
        2.36399103e-01, 2.77753979e-02, 9.07547296e-03, 1.73118142e-01],
       [2.05294331e-02, 4.21983851e-03, 1.54695062e-02, 2.87902539e-03,
        5.95545458e-01, 3.25486346e-01, 3.80305639e-02, 3.06582714e-04],
       [4.23685674e-02, 6.38614126e-02, 4.35387303e-02, 2.58673052e-02,
        1.95306107e-02, 1.96416397e-01, 7.50787229e-01, 1.19739921e-02],
       [1.89604063e-02, 1.63440724e-02, 2.78614767e-02, 2.77354334e-01,
        1.05708865e-02, 1.95331897e-01, 2.15788625e-02, 2.28218710e-01]]), array([[6.08427883e-01, 9.88487994e-03, 2.48667914e-02, 3.04437430e-02,
        3.75319653e-02, 1.56207050e-02, 3.09534154e-01, 5.99467801e-04],
       [5.74683526e-03, 2.77790373e-01, 2.01417421e-02, 1.05762173e-03,
        1.01074156e-02, 9.64202857e-02, 4.16263163e-02, 4.89540727e-01],
       [4.74223263e-02, 5.39669671e-02, 7.61131472e-01, 5.23313076e-02,
        4.71617069e-02, 1.44873801e-01, 4.20290918e-02, 2.33983116e-02],
       [4.76060729e-02, 1.62696524e-02, 6.58611056e-02, 2.45329146e-01,
        4.99337218e-01, 3.81016397e-02, 9.20354498e-03, 6.54583018e-02],
       [1.37569685e-02, 7.36285145e-03, 1.12054786e-03, 5.06123682e-01,
        3.04053947e-01, 4.42018141e-02, 8.81702651e-02, 2.16111994e-02],
       [4.95331950e-03, 1.11999382e-01, 3.51535429e-02, 2.85040420e-02,
        4.39206210e-02, 5.65290179e-01, 1.50157846e-01, 3.72934905e-03],
       [2.66463846e-01, 3.23202745e-03, 6.17857013e-02, 9.01117223e-02,
        2.11510090e-02, 6.36738438e-02, 2.81785236e-01, 1.45377323e-01],
       [5.62274860e-03, 5.19493867e-01, 2.99390966e-02, 4.60987351e-02,
        3.67361168e-02, 3.18177312e-02, 7.74935463e-02, 2.50285320e-01]]), array([[0.58380048, 0.00177576, 0.01992277, 0.04818963, 0.04271779,
        0.01359141, 0.0223712 , 0.03756277],
       [0.01655918, 0.36452949, 0.03664372, 0.08489316, 0.02587881,
        0.02635143, 0.52133013, 0.02187851],
       [0.07068589, 0.08105779, 0.75422475, 0.07711029, 0.07526716,
        0.06694258, 0.05602957, 0.0636765 ],
       [0.03597374, 0.0200095 , 0.03906026, 0.68762167, 0.03481308,
        0.03618665, 0.03930715, 0.03764493],
       [0.19394566, 0.01497771, 0.03672714, 0.00408391, 0.50766344,
        0.03004117, 0.04346872, 0.0213851 ],
       [0.04367379, 0.06880534, 0.0461921 , 0.03474011, 0.01842526,
        0.37551064, 0.01202589, 0.42937003],
       [0.01378176, 0.40742659, 0.02688803, 0.01861744, 0.25201143,
        0.03364422, 0.276385  , 0.04480057],
       [0.0415795 , 0.04141781, 0.04034124, 0.04474379, 0.04322303,
        0.4177319 , 0.02908234, 0.34368161]]), array([[0.76092593, 0.07400998, 0.03712315, 0.01168282, 0.18300037,
        0.03584148, 0.06737513, 0.04462056],
       [0.0319092 , 0.2866857 , 0.0132935 , 0.04137714, 0.04576417,
        0.49524682, 0.06055797, 0.01901349],
       [0.03915997, 0.01926632, 0.44773403, 0.04015648, 0.00638498,
        0.04265187, 0.40351201, 0.01281129],
       [0.00687966, 0.00173421, 0.00097224, 0.18410739, 0.03705402,
        0.0176817 , 0.07241857, 0.56846809],
       [0.02828178, 0.0337065 , 0.01527992, 0.20063323, 0.5633366 ,
        0.03993884, 0.06497022, 0.02040512],
       [0.04738425, 0.45303792, 0.06266483, 0.00893581, 0.03188682,
        0.3074917 , 0.0120946 , 0.07171701],
       [0.03947574, 0.08894208, 0.40722007, 0.04338791, 0.06923761,
        0.00896223, 0.29134866, 0.05070794],
       [0.04598347, 0.04261728, 0.01571226, 0.46971923, 0.06333543,
        0.05218535, 0.02772283, 0.21225651]]), array([[5.51254616e-01, 3.54232810e-02, 6.40366785e-02, 2.37251556e-01,
        3.29245026e-02, 6.89399777e-03, 4.75693723e-02, 1.72186951e-02],
       [1.58486171e-04, 4.85809225e-01, 3.08255527e-02, 2.43447471e-02,
        1.89641228e-02, 1.59787870e-02, 1.52956946e-02, 3.55214711e-01],
       [7.12039867e-02, 1.33046647e-03, 2.02410456e-01, 5.79802455e-02,
        4.89737330e-02, 5.28504070e-01, 3.07476274e-02, 5.81014171e-02],
       [1.97710971e-01, 8.11439243e-02, 3.49567297e-02, 5.55597950e-01,
        4.33113345e-02, 3.59375231e-02, 3.32062732e-02, 9.30204455e-03],
       [3.56814707e-02, 4.00016318e-02, 4.04172360e-02, 5.13314569e-02,
        7.43039850e-01, 5.09964114e-02, 5.61088337e-02, 3.93993121e-02],
       [2.68435472e-02, 5.83882749e-02, 5.33698537e-01, 1.75191529e-04,
        2.31702426e-02, 2.84434260e-01, 4.95365455e-02, 2.80800527e-02],
       [6.21301945e-02, 4.91551211e-02, 4.18264539e-02, 4.73579889e-02,
        6.06648958e-02, 7.25820561e-02, 7.03769351e-01, 5.03442469e-02],
       [5.50167273e-02, 2.48748075e-01, 5.18283562e-02, 2.59608642e-02,
        2.89513184e-02, 4.67289538e-03, 6.37663023e-02, 4.42339521e-01]]), array([[4.11840603e-01, 4.74256981e-01, 3.15542713e-02, 1.01527085e-02,
        3.19722688e-03, 8.94279552e-02, 6.77178774e-02, 3.98588003e-03],
       [2.99483613e-01, 2.43839725e-01, 3.35992218e-02, 1.66756300e-02,
        2.10751006e-01, 1.37250774e-02, 1.73283216e-02, 4.82943640e-02],
       [6.54157274e-02, 7.33342231e-02, 7.43048192e-01, 8.57407079e-02,
        6.27640023e-02, 8.87352606e-02, 7.06390738e-02, 3.50435407e-03],
       [1.42378832e-02, 2.52423085e-02, 5.18958482e-02, 2.77432037e-03,
        3.96340960e-02, 6.38623409e-01, 1.01392366e-02, 1.70399789e-01],
       [4.35471275e-02, 1.11070299e-01, 2.92424871e-02, 5.83804765e-02,
        5.92555944e-01, 1.67406178e-04, 2.55445294e-02, 2.21364559e-02],
       [6.43045004e-02, 9.67082170e-03, 1.86259216e-02, 1.22509994e-01,
        3.77874887e-02, 6.27207592e-02, 2.73017958e-02, 5.98622604e-01],
       [5.60695244e-02, 5.96958178e-02, 6.64052318e-02, 5.58531150e-02,
        4.98442782e-02, 8.18736743e-02, 7.32643784e-01, 4.29139147e-02],
       [4.51010213e-02, 2.88982440e-03, 2.56288258e-02, 6.47913047e-01,
        3.46595812e-03, 2.47264579e-02, 4.86853814e-02, 1.10142638e-01]]), array([[3.58324587e-04, 4.26862266e-02, 2.65129116e-02, 2.12034242e-02,
        2.15857534e-02, 4.41820953e-02, 7.10553178e-01, 2.94657548e-02],
       [2.23376762e-02, 3.24062589e-01, 2.37754253e-02, 2.60138084e-05,
        1.28251239e-02, 5.68083452e-01, 1.85997531e-02, 1.03667564e-02],
       [7.63076543e-02, 2.26527115e-02, 7.70338866e-01, 7.32555074e-02,
        1.22768022e-01, 1.29002634e-01, 7.23447462e-02, 2.33959668e-02],
       [5.10659348e-02, 8.05034324e-02, 6.98704272e-02, 7.59795393e-01,
        6.41001784e-03, 3.85081699e-02, 8.55823925e-02, 1.18987234e-01],
       [7.16049760e-04, 9.16438525e-02, 1.99960265e-02, 8.38381942e-03,
        3.93445319e-01, 1.73697013e-02, 2.57267161e-02, 4.17493522e-01],
       [2.85959564e-02, 4.24790322e-01, 2.33263374e-02, 5.57328254e-02,
        8.24511561e-02, 1.84424099e-01, 1.49434539e-02, 2.79518105e-02],
       [6.88405687e-01, 5.42463605e-03, 2.70163583e-02, 3.56558591e-02,
        3.45956271e-02, 1.36277358e-02, 5.05054917e-02, 3.52641564e-02],
       [1.32212717e-01, 8.23622984e-03, 3.91636475e-02, 4.59471581e-02,
        3.25918981e-01, 4.80211286e-03, 2.17442684e-02, 3.37074799e-01]])]
Estimated R: [array([[3.42379035e-01, 2.17766451e-01, 1.50105894e-04, 3.17772294e-05,
        2.27392559e-05, 4.91270294e-06, 2.81166816e-06, 8.32081477e-04],
       [1.40630044e-04, 4.27298889e-04, 5.18321411e-04, 5.05179736e-01,
        1.01956330e-02, 1.25540013e-03, 1.44908041e-06, 3.17569475e-04],
       [3.40787237e-01, 7.16097112e-01, 3.86644561e-05, 1.43952239e-03,
        2.95864538e-05, 2.57210445e-02, 3.32580827e-05, 6.64117851e-04],
       [2.79804874e-04, 1.07708723e-03, 8.65799019e-05, 4.88357216e-01,
        5.20107169e-01, 2.87372494e-03, 2.28475093e-05, 1.36025424e-02],
       [3.16096334e-01, 6.03856887e-02, 1.79463788e-05, 5.00589462e-04,
        1.06496622e-04, 5.55941218e-01, 4.96458327e-03, 7.77248136e-04],
       [3.41284927e-08, 7.37556919e-04, 2.34706037e-03, 1.65113875e-03,
        4.69050553e-01, 2.84587949e-03, 1.38926157e-07, 5.15558181e-01],
       [2.79989483e-04, 2.44174979e-03, 3.54364273e-07, 8.05293621e-05,
        4.12629417e-05, 4.04976079e-01, 5.06771276e-01, 5.20814012e-04],
       [2.38892432e-06, 7.83756181e-04, 4.95612866e-01, 2.60979926e-03,
        2.20779563e-05, 3.82221746e-03, 6.03432342e-05, 4.64162297e-01],
       [2.63823504e-05, 2.13505247e-04, 5.14655670e-07, 1.99745882e-06,
        3.03208997e-04, 1.32878117e-03, 4.88098414e-01, 1.79470387e-03],
       [8.16411561e-06, 6.97943996e-05, 5.01227587e-01, 1.47694880e-04,
        1.21273218e-04, 1.23074211e-03, 4.48776533e-05, 1.77044441e-03]]), array([[2.26692015e-06, 2.21213501e-06, 3.48208594e-06, 1.29644625e-04,
        3.96107780e-01, 5.16268087e-05, 1.47979846e-03, 4.07688748e-04],
       [5.67274563e-03, 9.65180556e-05, 1.68126746e-02, 1.42514084e-04,
        4.31092481e-04, 3.87654486e-01, 7.09175876e-03, 2.52475806e-06],
       [8.14754584e-07, 1.44704910e-01, 3.14788885e-04, 1.96992096e-01,
        5.52190580e-01, 4.12488576e-06, 7.33186104e-03, 8.98403921e-04],
       [1.58460026e-01, 5.20075394e-04, 5.80543248e-02, 3.24926717e-03,
        4.41173242e-04, 5.26590240e-01, 1.50693427e-01, 2.31691753e-03],
       [2.84971694e-06, 6.12389460e-01, 4.56976472e-03, 4.92746495e-01,
        4.98065509e-02, 4.64479312e-06, 1.26288496e-03, 5.44492200e-03],
       [3.53394618e-01, 1.51255356e-04, 4.10635993e-01, 4.86344997e-04,
        6.65060078e-04, 3.87727791e-02, 2.55476972e-01, 3.92715663e-06],
       [5.76283336e-06, 2.41412987e-01, 6.62661790e-03, 2.99541904e-01,
        2.97957202e-05, 8.77750025e-05, 8.47679587e-04, 5.19094938e-01],
       [3.01150736e-01, 1.67990511e-04, 2.83125093e-01, 1.12288707e-03,
        1.40743044e-04, 2.87665791e-02, 4.34445973e-01, 1.12544429e-03],
       [1.01513289e-07, 4.90267226e-04, 6.20321812e-03, 5.34256836e-03,
        5.79193986e-05, 4.42101560e-08, 3.61555879e-04, 4.70689494e-01],
       [1.81310079e-01, 6.43238906e-05, 2.13654043e-01, 2.46278150e-04,
        1.29305352e-04, 1.80677003e-02, 1.41008090e-01, 1.57398389e-05]]), array([[3.14524921e-05, 8.31278546e-06, 1.88643569e-03, 1.93932935e-08,
        6.20648577e-05, 2.42957042e-01, 2.67228898e-05, 2.78667472e-01],
       [1.17429544e-02, 3.34558600e-01, 6.18527943e-03, 5.58625530e-05,
        1.19971855e-07, 3.67702853e-04, 1.32240842e-05, 1.21945976e-03],
       [1.29252137e-02, 1.33227729e-04, 4.66749159e-03, 2.39263916e-03,
        2.26400432e-04, 5.66840027e-01, 2.41209691e-03, 4.37009084e-01],
       [9.54674505e-02, 5.68876756e-01, 9.10048649e-02, 4.63100843e-07,
        1.43555681e-07, 5.55612489e-05, 2.43756980e-05, 2.47714003e-03],
       [2.39296669e-01, 1.48412259e-07, 1.06159941e-04, 1.86296872e-01,
        3.98596413e-06, 1.88930325e-01, 2.90492206e-01, 2.77596809e-01],
       [1.13245451e-01, 9.61067745e-02, 6.76261369e-01, 3.86606083e-09,
        3.34293872e-02, 2.96599364e-04, 6.24014393e-07, 3.45542149e-05],
       [2.32311063e-01, 3.40947843e-05, 1.61796351e-04, 5.72206729e-01,
        1.92659441e-06, 2.52677746e-05, 4.23930262e-01, 2.49396886e-03],
       [1.79656544e-01, 2.81886623e-04, 1.81250084e-01, 2.20298491e-08,
        5.79447063e-01, 5.02914016e-04, 1.01939665e-05, 4.89220009e-04],
       [8.29208594e-02, 1.64273302e-07, 6.63279218e-05, 2.39047381e-01,
        3.21590010e-07, 5.99531519e-08, 2.83086483e-01, 4.12664920e-06],
       [3.24023417e-02, 3.49888812e-08, 3.84101912e-02, 8.49031723e-09,
        3.86828587e-01, 2.45011952e-05, 3.81178672e-06, 8.16518220e-06]]), array([[1.16410140e-07, 4.63413469e-04, 2.85949104e-04, 7.84565290e-01,
        4.05740131e-02, 1.54265310e-03, 5.55818442e-09, 2.29307419e-01],
       [2.42752760e-01, 2.37483711e-05, 4.32607614e-05, 4.93510976e-04,
        1.50402471e-03, 7.64382864e-04, 1.39797596e-06, 2.81142377e-04],
       [6.09861307e-07, 5.32717165e-04, 3.22799866e-04, 1.94560042e-01,
        5.57651433e-01, 4.98293596e-01, 6.33177572e-03, 7.63043776e-01],
       [4.76483820e-01, 7.36471809e-04, 6.30951286e-05, 7.22653359e-04,
        3.69920333e-03, 3.43875818e-03, 5.32495502e-06, 1.43212840e-04],
       [6.49152941e-04, 4.06006660e-03, 1.37947075e-03, 1.43232966e-02,
        3.89443364e-01, 4.86289749e-01, 5.60306638e-01, 3.04730510e-03],
       [2.67510351e-01, 1.11988254e-04, 2.23798330e-01, 2.59964869e-03,
        1.59968162e-03, 2.61195951e-03, 2.89005986e-04, 9.09352717e-04],
       [5.72516449e-04, 5.25363800e-01, 1.00547500e-03, 2.04963637e-04,
        8.02500174e-04, 4.26066795e-03, 4.32675415e-01, 7.07541737e-04],
       [1.18853823e-02, 1.03062040e-03, 5.02990073e-01, 1.93571158e-03,
        3.10599460e-03, 1.85809420e-03, 3.28920819e-04, 2.50289015e-03],
       [1.29367688e-04, 4.67639184e-01, 1.38833997e-04, 5.03278033e-05,
        9.17862417e-04, 6.64145363e-04, 9.82758240e-07, 1.33006764e-05],
       [1.59240059e-05, 3.79894968e-05, 2.69972712e-01, 5.44555337e-04,
        7.01923250e-04, 2.75994154e-04, 6.05329431e-05, 4.40587951e-05]]), array([[2.88826004e-01, 1.62578154e-09, 4.74760309e-07, 1.22736114e-05,
        3.36158882e-06, 3.76443930e-05, 1.61609239e-01, 6.54755337e-09],
       [7.14430003e-07, 8.53615093e-05, 3.26327333e-01, 4.84554050e-05,
        1.00000033e-06, 3.59422132e-03, 1.12159772e-02, 2.25305421e-04],
       [5.12116192e-01, 1.22864981e-09, 3.07800486e-05, 1.77066555e-03,
        9.94239965e-04, 8.26091125e-03, 3.81030461e-01, 1.44124472e-08],
       [2.59644637e-07, 5.01625394e-04, 5.53741480e-01, 7.23965149e-04,
        8.07496773e-06, 1.29284467e-01, 3.37182579e-02, 2.34851661e-03],
       [1.99048307e-01, 1.20927319e-09, 2.36184460e-05, 2.38516238e-01,
        2.51086736e-01, 3.93531164e-02, 2.85642684e-01, 1.31060026e-08],
       [9.15034393e-10, 1.73584094e-01, 1.19563425e-01, 9.21043659e-08,
        1.80458913e-09, 6.20055702e-01, 4.36156486e-02, 4.91090606e-02],
       [8.50597856e-06, 3.74005664e-09, 2.06424349e-04, 5.00222346e-01,
        4.98941925e-01, 3.17445472e-02, 1.23236147e-02, 4.08015867e-06],
       [1.05852461e-09, 4.64565336e-01, 9.84765327e-05, 6.92333858e-06,
        2.14015253e-07, 1.54021729e-01, 5.14289960e-02, 6.25625184e-01],
       [1.35957025e-08, 7.72785151e-07, 6.21414584e-06, 2.58699021e-01,
        2.48964440e-01, 7.28971327e-03, 3.10203648e-03, 1.29495060e-04],
       [1.23639417e-09, 3.61262802e-01, 1.77357513e-06, 2.06154729e-08,
        7.62407645e-09, 6.35794826e-03, 1.63130846e-02, 3.22558324e-01]]), array([[5.15072881e-01, 3.74891060e-08, 8.08535170e-05, 3.29846843e-04,
        1.06608835e-01, 3.52035930e-05, 1.35883872e-06, 6.66393104e-04],
       [6.55183952e-04, 2.33728631e-04, 2.52361172e-01, 1.36369259e-04,
        4.79033863e-04, 2.31274084e-04, 4.38652218e-04, 2.15236680e-04],
       [4.59837395e-01, 3.08993121e-02, 3.80963349e-04, 8.04281791e-04,
        6.81153317e-01, 3.83102122e-04, 1.89970457e-01, 2.65042072e-03],
       [2.02235019e-03, 1.29412643e-03, 4.93183555e-01, 1.72132495e-03,
        2.78735018e-04, 2.68635856e-04, 1.02984472e-03, 4.25284091e-03],
       [2.13816394e-02, 6.08195289e-01, 3.97424641e-04, 3.00607396e-03,
        2.10304318e-01, 1.67185053e-04, 5.62373832e-01, 2.66350073e-03],
       [3.50624121e-04, 1.56648468e-03, 2.50421359e-01, 1.20842039e-03,
        1.12256585e-03, 4.04344557e-01, 2.04730118e-03, 7.38200894e-02],
       [3.07711991e-04, 3.53861531e-01, 1.40551982e-04, 5.25584227e-01,
        3.26941920e-07, 1.44495246e-03, 2.42457554e-01, 1.69160241e-03],
       [2.50075432e-05, 3.08633805e-03, 3.03323065e-03, 1.20554132e-03,
        3.33923777e-05, 2.27952574e-01, 8.95692476e-04, 7.64567090e-01],
       [2.04490187e-04, 4.85443556e-04, 3.56298986e-07, 4.65455400e-01,
        1.67985188e-06, 1.87042897e-04, 6.25610965e-04, 1.30563387e-03],
       [1.42716275e-04, 3.77709182e-04, 5.33298029e-07, 5.48515015e-04,
        1.77960407e-05, 3.64985473e-01, 1.59696664e-04, 1.48167192e-01]]), array([[6.47891082e-06, 2.79230920e-06, 4.31845447e-07, 3.12079923e-01,
        1.18061975e-02, 1.49745896e-05, 2.91040952e-04, 3.31153195e-01],
       [3.09374174e-05, 2.83741196e-01, 4.98941420e-05, 9.31116357e-06,
        2.34712224e-03, 2.19373305e-01, 1.27806999e-04, 2.20428947e-04],
       [1.28280033e-05, 9.12029634e-04, 9.21925970e-08, 5.51050940e-01,
        1.18278604e-01, 3.33834237e-04, 4.96697432e-03, 5.69423451e-01],
       [5.93310616e-04, 4.04536453e-01, 2.40395140e-03, 1.66927774e-04,
        5.56144385e-03, 5.77880070e-01, 7.96221145e-05, 1.77213301e-03],
       [9.37935715e-02, 4.18721396e-04, 5.16323765e-07, 1.36401702e-01,
        6.53947849e-01, 6.57709576e-05, 4.17937890e-03, 9.42833641e-02],
       [7.96401489e-05, 3.08118381e-01, 2.45937795e-01, 1.55166267e-05,
        8.80634320e-03, 1.95972623e-01, 2.29783172e-01, 3.06711886e-05],
       [5.54881989e-01, 5.86692549e-04, 6.72471209e-06, 1.96220942e-04,
        1.94877883e-01, 9.34514920e-04, 6.90768787e-03, 2.87783405e-03],
       [3.94635015e-04, 6.96131579e-04, 4.36408470e-01, 2.31342695e-06,
        2.26346042e-03, 5.18923143e-03, 5.49286214e-01, 1.83553225e-07],
       [3.50016215e-01, 8.91016720e-04, 2.16302959e-04, 7.56251924e-05,
        7.55092534e-04, 2.19533271e-04, 3.00944711e-03, 2.32066821e-04],
       [1.90395002e-04, 9.65855916e-05, 3.14975821e-01, 1.51975802e-06,
        1.35600398e-03, 1.61419095e-05, 2.01368655e-01, 6.67157959e-06]]), array([[1.32672881e-05, 1.21923743e-04, 4.21792086e-04, 2.48432850e-04,
        4.50097484e-01, 6.47709585e-05, 5.91847173e-05, 1.47715259e-03],
       [1.38959033e-02, 1.60999434e-03, 1.27494618e-03, 4.94381924e-01,
        1.15283410e-04, 1.77368906e-05, 1.64413638e-04, 1.41926252e-03],
       [2.00513210e-04, 1.17523709e-05, 1.01579174e-04, 3.18348859e-03,
        5.36753341e-01, 6.58813426e-04, 2.31675062e-01, 4.29707619e-04],
       [5.83071985e-01, 2.42667861e-03, 3.87624856e-04, 3.73576926e-01,
        1.43201901e-03, 9.14625392e-05, 2.04491558e-05, 5.97338994e-03],
       [1.52675746e-03, 1.20242058e-02, 1.13413475e-03, 3.37539911e-03,
        1.00806788e-02, 1.39226902e-03, 5.68448678e-01, 3.82828337e-02],
       [3.95886993e-01, 1.56230863e-05, 2.14723747e-01, 1.16218733e-01,
        1.09075083e-03, 2.46526916e-01, 4.94408357e-04, 1.66880708e-03],
       [7.40531388e-05, 5.69322810e-01, 1.56617727e-03, 1.33606342e-03,
        1.50578240e-05, 2.33990388e-04, 1.98989184e-01, 5.29265030e-01],
       [5.24873768e-03, 5.55305279e-04, 5.44267956e-01, 7.34393269e-03,
        3.10601372e-04, 4.57628158e-01, 1.26024071e-04, 3.17281965e-03],
       [6.26447655e-05, 4.13540071e-01, 8.75359404e-05, 7.19992919e-05,
        6.25451209e-05, 1.96136545e-05, 2.22924202e-05, 4.17903581e-01],
       [1.91444983e-05, 3.71634935e-04, 2.36034507e-01, 2.63101661e-04,
        4.22384392e-05, 2.93366269e-01, 3.02787845e-07, 4.07415760e-04]]), array([[4.16760781e-04, 1.08772836e-07, 1.03713797e-05, 2.40165481e-01,
        2.70045711e-07, 2.38659911e-01, 2.89422348e-05, 2.65582826e-01],
       [1.00818366e-02, 1.08813710e-02, 3.20887662e-05, 4.63270026e-04,
        6.10879785e-01, 1.16013260e-03, 5.04566661e-05, 5.82607373e-05],
       [2.91925736e-03, 1.76861785e-05, 6.33120170e-05, 4.97952846e-01,
        2.67299574e-05, 4.80799339e-01, 1.63491460e-04, 4.70455055e-01],
       [3.39388444e-01, 6.98616931e-01, 3.92702548e-04, 4.10359654e-04,
        3.69958277e-01, 1.73059886e-03, 1.81806981e-05, 8.49443654e-05],
       [4.93666993e-03, 4.55151439e-05, 2.42525883e-01, 2.51727460e-01,
        3.04357394e-05, 2.60559320e-01, 2.28939866e-04, 2.61964858e-01],
       [6.14678828e-01, 2.68131219e-01, 4.15518482e-04, 5.61262186e-07,
        1.22335767e-02, 8.17455040e-04, 1.87918664e-01, 3.41160852e-06],
       [3.67269817e-03, 6.25596888e-04, 5.01793959e-01, 9.17662794e-03,
        3.65865240e-04, 1.04034081e-02, 9.01939432e-04, 1.81042271e-03],
       [2.29813345e-02, 2.05886658e-02, 1.27706391e-03, 3.00925894e-05,
        6.33132673e-03, 5.58088797e-03, 5.25152774e-01, 1.44146496e-05],
       [5.26432125e-04, 1.07971159e-03, 2.53328473e-01, 7.18269703e-05,
        1.09359082e-04, 2.83676640e-04, 2.53714195e-04, 2.36554984e-05],
       [3.97738591e-04, 1.31950564e-05, 1.60627885e-04, 1.47499033e-06,
        6.43745494e-05, 5.27056514e-06, 2.85282897e-01, 2.15169226e-06]]), array([[3.49233936e-01, 2.16180056e-06, 9.31490767e-07, 5.98615041e-06,
        1.53521133e-04, 7.76579405e-06, 3.41061646e-01, 5.90675425e-04],
       [1.73146947e-04, 9.81937593e-08, 2.56347953e-01, 7.62012021e-06,
        2.14729461e-03, 1.69102977e-05, 2.17986703e-04, 8.59540356e-05],
       [5.44476582e-01, 2.23554867e-07, 1.33966308e-03, 6.95092764e-04,
        6.83948294e-02, 2.42615113e-04, 5.80427516e-01, 1.46285709e-01],
       [9.33355699e-04, 1.02186133e-04, 4.96926059e-01, 5.38023683e-03,
        1.43115153e-03, 2.66600651e-03, 1.58919000e-04, 4.80739446e-03],
       [1.04201367e-01, 1.04692963e-04, 3.56931107e-04, 9.94987900e-04,
        5.34747253e-01, 4.48610829e-03, 7.79061209e-02, 6.21538453e-01],
       [4.28785409e-05, 7.46574131e-06, 2.43253569e-01, 2.52037688e-01,
        2.78056289e-03, 2.69779280e-03, 9.93964005e-06, 4.20674500e-03],
       [3.86950588e-05, 5.24882145e-01, 5.32707791e-04, 2.13195235e-04,
        3.86190113e-01, 4.98493904e-01, 3.08063560e-05, 2.15466475e-01],
       [1.05005886e-04, 6.98373625e-03, 1.19260639e-03, 4.86908693e-01,
        9.30749677e-04, 1.70734458e-02, 1.33719038e-04, 6.54886454e-03],
       [7.80790732e-04, 4.63671461e-01, 3.56179565e-05, 8.70323378e-05,
        2.89502019e-03, 4.58268146e-01, 1.99484605e-06, 3.34274938e-04],
       [1.42420860e-05, 4.24582976e-03, 1.39618970e-05, 2.53669468e-01,
        3.29504651e-04, 1.60473060e-02, 5.13510450e-05, 1.35453818e-04]])]

Total NMI: [[np.float64(0.435259006596588), np.float64(0.4561166226530729), np.float64(0.45720205714313494), np.float64(0.45443173045128743), np.float64(0.4547803448365576), np.float64(0.46584677474072017), np.float64(0.4870248152748524), np.float64(0.5265365028421185), np.float64(0.5553551930535285), np.float64(0.5740391659461819), np.float64(0.5933516138313087), np.float64(0.6040833497280601), np.float64(0.6144271767668749), np.float64(0.6295604441114574), np.float64(0.6542988840057119), np.float64(0.6757976994247482), np.float64(0.6944523244053592), np.float64(0.7096193689833479), np.float64(0.7234016966401524), np.float64(0.7324908609598006), np.float64(0.7403238450204751), np.float64(0.745749060301852), np.float64(0.7516519089363864), np.float64(0.7543797025163838), np.float64(0.7576615176542046)], [np.float64(0.36381208987029673), np.float64(0.32843447079195814), np.float64(0.3189689646519839), np.float64(0.3351266854633351), np.float64(0.3555282663741915), np.float64(0.36848287654359624), np.float64(0.3938931042821957), np.float64(0.40572201757424864), np.float64(0.432136242138335), np.float64(0.4509787720781408), np.float64(0.46854351368388086), np.float64(0.4688443231213525), np.float64(0.47953711924794273), np.float64(0.4742790835006672), np.float64(0.490758962340578), np.float64(0.49370800299689444), np.float64(0.5086332228502877), np.float64(0.5179296132223811), np.float64(0.5333542156794993), np.float64(0.5469498463776994), np.float64(0.5670005089142668), np.float64(0.5873712713760529), np.float64(0.6084130392388434), np.float64(0.6245405826736096), np.float64(0.6300478561161816)], [np.float64(0.349330887586371), np.float64(0.3646089575686272), np.float64(0.40514454192285704), np.float64(0.39855228836418943), np.float64(0.4217693874674955), np.float64(0.4285379742942522), np.float64(0.44473609869732167), np.float64(0.4636960527425034), np.float64(0.4900169239178908), np.float64(0.5139996619539672), np.float64(0.5484832718616451), np.float64(0.5681054776131089), np.float64(0.5865543055028801), np.float64(0.5914975284009385), np.float64(0.5996930476419157), np.float64(0.6038514437120778), np.float64(0.6104290158628369), np.float64(0.6106509637991703), np.float64(0.6153985090547841), np.float64(0.6166399898723484), np.float64(0.6184348500371464), np.float64(0.6202329028308433), np.float64(0.6212631919490141), np.float64(0.6260153467990198), np.float64(0.6304721936735933)], [np.float64(0.44495558875075225), np.float64(0.46983967594418924), np.float64(0.46723466291863686), np.float64(0.46788054122131767), np.float64(0.4858063754458115), np.float64(0.5048989201804446), np.float64(0.536136663281481), np.float64(0.552618567579228), np.float64(0.5734019740213537), np.float64(0.5978440024517435), np.float64(0.6260187688223172), np.float64(0.6496707329226304), np.float64(0.6559243603917447), np.float64(0.6678074863529249), np.float64(0.6729750176654481), np.float64(0.6813539395069036), np.float64(0.68271257182111), np.float64(0.6881641679776396), np.float64(0.6901801130720917), np.float64(0.7007753477619876), np.float64(0.7031587579885745), np.float64(0.7156372401068112), np.float64(0.7152612505226922), np.float64(0.7242423835638715), np.float64(0.7209275165688802)], [np.float64(0.2734123929023882), np.float64(0.3687535348627829), np.float64(0.41555483338541055), np.float64(0.4293984822773735), np.float64(0.4369374932309421), np.float64(0.45269465039213963), np.float64(0.47346506076393696), np.float64(0.5075782695260809), np.float64(0.5253173836083019), np.float64(0.5394150246274807), np.float64(0.5467234117323394), np.float64(0.556039571248258), np.float64(0.5617606112538679), np.float64(0.5701624881725802), np.float64(0.5731143114746351), np.float64(0.5810656685081221), np.float64(0.5843813293502387), np.float64(0.5908838176155995), np.float64(0.5939244996811857), np.float64(0.5973251516700281), np.float64(0.6015869378855515), np.float64(0.6043608766868929), np.float64(0.6099863223475516), np.float64(0.6172966759258879), np.float64(0.6256135444410219)], [np.float64(0.34124795530563484), np.float64(0.36114467860786814), np.float64(0.39985122397571976), np.float64(0.4256943813783877), np.float64(0.4400089921043194), np.float64(0.44422684826130804), np.float64(0.4610870679412624), np.float64(0.479530088794338), np.float64(0.4956457962477916), np.float64(0.5108677537297156), np.float64(0.5226804017199899), np.float64(0.5505395207513022), np.float64(0.5721988474050883), np.float64(0.6145253055112943), np.float64(0.629205877810966), np.float64(0.6487853531297166), np.float64(0.6507534515979982), np.float64(0.6592231859954115), np.float64(0.6631048625039804), np.float64(0.6691755646481966), np.float64(0.675646826014125), np.float64(0.6815655452590166), np.float64(0.687269834610736), np.float64(0.68956006840796), np.float64(0.6961047649731978)], [np.float64(0.3092922529235821), np.float64(0.36067724811617846), np.float64(0.37373061181059286), np.float64(0.3595137602169801), np.float64(0.36922402791799663), np.float64(0.37675983318786466), np.float64(0.39091338391742436), np.float64(0.4226940507732064), np.float64(0.4454723527798104), np.float64(0.4617095599112872), np.float64(0.4760949574286154), np.float64(0.4905878421040355), np.float64(0.5230822411711814), np.float64(0.5502109287022641), np.float64(0.5684769782456824), np.float64(0.5790723421962358), np.float64(0.5879830650772515), np.float64(0.5983262193229436), np.float64(0.6057342444033349), np.float64(0.6101048589739341), np.float64(0.6152708460043104), np.float64(0.6189417077530253), np.float64(0.6247141416279041), np.float64(0.6315830381812191), np.float64(0.6362404150585047)], [np.float64(0.28558948640895), np.float64(0.32952177419229145), np.float64(0.37372692835400484), np.float64(0.39548887089545476), np.float64(0.4279837311330456), np.float64(0.4475736538945186), np.float64(0.45979682333708266), np.float64(0.47488879775761833), np.float64(0.49570671963578844), np.float64(0.5179141570250422), np.float64(0.5467332027936374), np.float64(0.5773406091875775), np.float64(0.5896371194806667), np.float64(0.5992938464424066), np.float64(0.6080340610838256), np.float64(0.6171191112663561), np.float64(0.6294862782618034), np.float64(0.6426914564208775), np.float64(0.6568169484894877), np.float64(0.6637512931512739), np.float64(0.6716367384600723), np.float64(0.6771115326331435), np.float64(0.6885583584254581), np.float64(0.6911463791377546), np.float64(0.7023652710501997)], [np.float64(0.2898524446395489), np.float64(0.29312184963489507), np.float64(0.2871906375991778), np.float64(0.33467397388118825), np.float64(0.39071453654829763), np.float64(0.42009836852218596), np.float64(0.4428358748206885), np.float64(0.4725753310718601), np.float64(0.5023296835915663), np.float64(0.5238286725162132), np.float64(0.536709459136408), np.float64(0.5483234206550365), np.float64(0.5579219165192129), np.float64(0.5694276896555321), np.float64(0.582538206431438), np.float64(0.5931202960349227), np.float64(0.6050240520887074), np.float64(0.6260657978872349), np.float64(0.6401933451743045), np.float64(0.6481468729214733), np.float64(0.6518216348483001), np.float64(0.6565581562331714), np.float64(0.6625576379324681), np.float64(0.6658254647086034), np.float64(0.6735477456666109)], [np.float64(0.27441833000216975), np.float64(0.26412906238023737), np.float64(0.28944037840109466), np.float64(0.29189417890937647), np.float64(0.31506734372931067), np.float64(0.3387901525632396), np.float64(0.373107501774819), np.float64(0.39874812190435704), np.float64(0.425501484285397), np.float64(0.440450182841823), np.float64(0.46373291309318726), np.float64(0.4799997028518058), np.float64(0.5048947304858462), np.float64(0.5274317123226413), np.float64(0.5511000300060623), np.float64(0.5669435026252857), np.float64(0.5838844498234813), np.float64(0.6032465166676296), np.float64(0.6177560845213039), np.float64(0.6294900467041682), np.float64(0.6480853817091009), np.float64(0.6595956667441627), np.float64(0.6727965509458006), np.float64(0.6769180520976343), np.float64(0.6786078142120592)]]
Total Percentage: [[np.float64(17.765), np.float64(20.646), np.float64(22.272), np.float64(21.598), np.float64(23.687), np.float64(21.457), np.float64(22.227), np.float64(20.457), np.float64(22.041), np.float64(20.730999999999998), np.float64(23.551), np.float64(22.485), np.float64(22.905), np.float64(22.086), np.float64(21.859), np.float64(20.768), np.float64(20.531), np.float64(19.923), np.float64(19.67), np.float64(19.413), np.float64(19.205), np.float64(19.204), np.float64(19.137999999999998), np.float64(19.293), np.float64(19.226)], [np.float64(2.1950000000000003), np.float64(4.93), np.float64(4.5920000000000005), np.float64(5.223), np.float64(3.994), np.float64(5.86), np.float64(3.276), np.float64(7.072000000000001), np.float64(3.221), np.float64(5.526), np.float64(3.3869999999999996), np.float64(4.6690000000000005), np.float64(3.8989999999999996), np.float64(4.079), np.float64(3.8280000000000003), np.float64(3.309), np.float64(3.09), np.float64(1.7399999999999998), np.float64(1.555), np.float64(0.8420000000000001), np.float64(0.561), np.float64(0.22100000000000003), np.float64(0.147), np.float64(0.10200000000000001), np.float64(0.10300000000000001)], [np.float64(12.388), np.float64(11.988999999999999), np.float64(13.375), np.float64(14.918999999999999), np.float64(14.988999999999999), np.float64(15.432000000000002), np.float64(14.555000000000001), np.float64(14.298), np.float64(14.066), np.float64(14.258000000000001), np.float64(15.116999999999999), np.float64(15.367), np.float64(15.795), np.float64(15.882), np.float64(16.220000000000002), np.float64(16.148), np.float64(16.470000000000002), np.float64(16.311999999999998), np.float64(16.643), np.float64(16.435), np.float64(16.736), np.float64(16.543), np.float64(16.782), np.float64(16.598), np.float64(16.86)], [np.float64(2.207), np.float64(2.246), np.float64(2.2950000000000004), np.float64(2.545), np.float64(2.787), np.float64(4.128), np.float64(4.962), np.float64(5.272), np.float64(4.904), np.float64(3.734), np.float64(2.045), np.float64(1.084), np.float64(0.8009999999999999), np.float64(0.7230000000000001), np.float64(0.611), np.float64(0.625), np.float64(0.5499999999999999), np.float64(0.601), np.float64(0.5519999999999999), np.float64(0.638), np.float64(0.608), np.float64(0.673), np.float64(0.66), np.float64(0.73), np.float64(0.722)], [np.float64(22.226000000000003), np.float64(25.951999999999998), np.float64(30.604), np.float64(31.322), np.float64(30.564999999999998), np.float64(30.828), np.float64(28.89), np.float64(28.62), np.float64(27.706999999999997), np.float64(27.944999999999997), np.float64(27.493000000000002), np.float64(27.633000000000003), np.float64(27.171), np.float64(27.334000000000003), np.float64(27.165), np.float64(27.264), np.float64(27.338), np.float64(27.382), np.float64(27.88), np.float64(27.746), np.float64(28.866000000000003), np.float64(28.711), np.float64(30.176), np.float64(30.489), np.float64(31.997999999999998)], [np.float64(16.541), np.float64(15.451999999999998), np.float64(14.35), np.float64(11.544), np.float64(10.644), np.float64(9.427000000000001), np.float64(8.862), np.float64(8.806), np.float64(9.84), np.float64(9.763), np.float64(11.202), np.float64(11.016), np.float64(13.633000000000001), np.float64(12.314), np.float64(17.091), np.float64(13.925), np.float64(19.772000000000002), np.float64(16.158), np.float64(20.739), np.float64(18.397), np.float64(21.249000000000002), np.float64(19.858999999999998), np.float64(21.634999999999998), np.float64(20.931), np.float64(22.061)], [np.float64(7.517), np.float64(6.837), np.float64(7.249), np.float64(10.241), np.float64(11.469), np.float64(12.120000000000001), np.float64(10.225), np.float64(10.685), np.float64(9.205), np.float64(9.844), np.float64(9.199), np.float64(9.547), np.float64(9.431000000000001), np.float64(9.104), np.float64(9.318999999999999), np.float64(9.1), np.float64(9.666), np.float64(9.347999999999999), np.float64(10.301), np.float64(9.934999999999999), np.float64(10.816), np.float64(10.413), np.float64(11.723), np.float64(11.633000000000001), np.float64(13.141)], [np.float64(11.440999999999999), np.float64(17.136000000000003), np.float64(18.353), np.float64(17.88), np.float64(14.926), np.float64(12.415), np.float64(13.097), np.float64(12.73), np.float64(13.513), np.float64(13.011000000000001), np.float64(13.109000000000002), np.float64(12.979), np.float64(12.681999999999999), np.float64(12.389), np.float64(11.113000000000001), np.float64(10.455), np.float64(9.315), np.float64(8.508000000000001), np.float64(8.205), np.float64(7.919), np.float64(7.89), np.float64(7.553), np.float64(7.1), np.float64(6.973999999999999), np.float64(6.807)], [np.float64(7.183000000000001), np.float64(10.583), np.float64(8.862), np.float64(10.125), np.float64(10.618), np.float64(10.606), np.float64(9.364), np.float64(7.739), np.float64(6.081), np.float64(5.550999999999999), np.float64(5.357), np.float64(5.298), np.float64(5.28), np.float64(5.131), np.float64(5.224), np.float64(5.386), np.float64(5.556), np.float64(5.7509999999999994), np.float64(6.2), np.float64(6.314), np.float64(6.474), np.float64(5.744), np.float64(5.343), np.float64(4.607), np.float64(3.624)], [np.float64(12.837000000000002), np.float64(10.964), np.float64(13.184000000000001), np.float64(11.684), np.float64(12.911), np.float64(13.577), np.float64(13.402), np.float64(12.915), np.float64(11.895999999999999), np.float64(11.505), np.float64(11.31), np.float64(11.799999999999999), np.float64(11.504), np.float64(11.436), np.float64(12.552), np.float64(14.387), np.float64(15.384999999999998), np.float64(16.796), np.float64(16.285), np.float64(16.553), np.float64(14.430000000000001), np.float64(14.079), np.float64(13.164000000000001), np.float64(13.061), np.float64(13.062999999999999)]]
Total Delta Gamma: [1.88626178 2.15669418 2.21986256 1.71943502 2.00812923 1.85331557
 2.06138836 1.95856599 2.10505416 2.13595291]
Total Delta R: [1.93841575 2.1272272  2.07330581 2.06625001 1.87073385 1.84724704
 2.08744107 2.08996068 1.94909128 1.9096804 ]
