Complexity increased keeping gamma very unbalanced, and increasing K (K=8)
==================================================

N (neurons): 3
K (states): 8
T (time steps): 100000
Seed: None
Number of repetitions: 10

Initialization of parameters for HMM:
Pi: [1 0 0 0 0 0 0 0]
Gamma: [[0.72 0.04 0.04 0.04 0.04 0.04 0.04 0.04]
 [0.04 0.72 0.04 0.04 0.04 0.04 0.04 0.04]
 [0.04 0.04 0.72 0.04 0.04 0.04 0.04 0.04]
 [0.04 0.04 0.04 0.72 0.04 0.04 0.04 0.04]
 [0.04 0.04 0.04 0.04 0.72 0.04 0.04 0.04]
 [0.04 0.04 0.04 0.04 0.04 0.72 0.04 0.04]
 [0.04 0.04 0.04 0.04 0.04 0.04 0.72 0.04]
 [0.04 0.04 0.04 0.04 0.04 0.04 0.04 0.72]]
R: [[0.5        0.         0.5        0.         0.33333333 0.33333333
  0.33333333 0.        ]
 [0.         0.5        0.5        0.         0.         0.33333333
  0.33333333 0.33333333]
 [0.5        0.         0.         0.5        0.33333333 0.
  0.33333333 0.33333333]
 [0.         0.5        0.         0.5        0.33333333 0.33333333
  0.         0.33333333]]

Generated data:
Generated firings (y): [2 2 0 2 0 3 2 0 0 0 0 0 2 1 2 2 2 3 1 1 1 0 1 0 2 1 3 1 1 1 0 3 2 2 2 3 0
 0 0 0 1 1 3 1 2 3 2 1 2 0 2 0 3 3 1 0 0 1 1 0 3 2 0 1 1 0 1 0 1 1 1 1 1 0
 2 2 2 2 1 1 1 3 0 3 3 1 3 0 1 1 3 2 3 0 0 0 1 1 0 1]... (showing first 100 entries)
Generated states (z): [0 0 0 0 0 3 3 0 0 0 0 0 0 7 7 3 3 3 1 1 1 6 6 6 6 6 5 2 1 1 4 3 3 3 4 4 5
 5 6 6 1 1 1 7 7 7 7 1 4 4 6 6 1 1 2 2 2 2 2 4 3 3 2 2 2 2 2 2 2 2 2 2 2 6
 6 7 7 7 5 5 5 5 5 5 5 5 5 5 5 5 4 4 7 2 2 2 2 2 2 7]... (showing first 100 entries)

Estimated parameters:
Estimated Pi: [array([1.22993747e-23, 9.59489412e-15, 1.89752594e-11, 1.00000000e+00,
       1.38961517e-31, 2.80087824e-74, 1.97334927e-16, 1.34953105e-23]), array([1.13477424e-33, 1.96768341e-13, 1.00000000e+00, 1.33672381e-31,
       5.48423984e-34, 4.40084799e-26, 1.22393749e-75, 2.04717118e-18]), array([6.52247370e-17, 1.57945639e-15, 2.56040935e-18, 2.37771235e-17,
       2.07005750e-26, 1.00000000e+00, 8.08734028e-38, 1.03457678e-11]), array([1.03340861e-28, 6.25266612e-01, 4.93911145e-46, 2.13536042e-17,
       3.74733386e-01, 2.18786042e-35, 1.32349575e-09, 7.01878700e-13]), array([3.08087282e-56, 4.83141875e-32, 5.44174910e-01, 2.11424462e-29,
       5.52853168e-27, 4.55825090e-01, 8.55369180e-22, 5.43691358e-25]), array([9.99999961e-01, 6.30640190e-52, 2.12374087e-25, 1.56529823e-22,
       1.78043538e-17, 2.92363068e-79, 3.85725073e-08, 6.44473233e-26]), array([2.18964680e-15, 4.37661182e-24, 2.50830675e-41, 3.85800986e-19,
       9.42206404e-26, 2.67559288e-23, 1.34056053e-21, 1.00000000e+00]), array([3.10275807e-05, 4.42693403e-06, 7.76596732e-43, 9.99964545e-01,
       7.94453919e-27, 1.31682340e-11, 1.35012625e-54, 2.39807564e-35]), array([1.00000000e+00, 6.42265651e-21, 1.48934074e-20, 3.64835796e-21,
       1.30836149e-15, 2.34148663e-29, 5.19617369e-16, 1.59740254e-44]), array([1.37847007e-28, 1.00000000e+00, 3.87935631e-31, 1.19617086e-60,
       1.56602099e-26, 4.18347085e-25, 9.02725625e-13, 1.35434470e-23])]
Estimated Gamma: [array([[8.87008152e-02, 1.18942627e-01, 6.79026479e-02, 7.32209099e-02,
        3.17127958e-01, 1.64010675e-01, 7.18135257e-02, 6.48485930e-02],
       [2.35203386e-01, 1.06360140e-01, 4.40650113e-02, 4.09807496e-01,
        3.83753344e-02, 4.13895006e-02, 2.18695917e-03, 1.52967168e-01],
       [1.47749180e-01, 8.78403523e-02, 2.40194816e-01, 4.30301974e-02,
        2.68866477e-03, 8.28919886e-02, 3.33590054e-01, 7.47570482e-02],
       [2.45042971e-02, 4.90038324e-01, 4.70645310e-02, 3.16766129e-01,
        4.30529777e-02, 2.53519670e-04, 8.36566213e-02, 5.78380704e-02],
       [1.57556412e-01, 3.87070837e-02, 5.64698550e-02, 9.31535147e-02,
        4.72390198e-01, 1.27101365e-01, 5.74711295e-04, 1.68634822e-02],
       [3.24339065e-02, 7.25029777e-02, 6.26293456e-02, 2.45838499e-03,
        9.21431142e-02, 4.65883787e-01, 4.34052485e-03, 2.24986446e-01],
       [1.92361601e-01, 7.70711515e-02, 9.68345591e-02, 2.78545238e-02,
        2.90144062e-02, 4.82595067e-02, 1.63201857e-01, 3.71505676e-01],
       [1.21490402e-01, 8.53734404e-03, 3.84839234e-01, 3.37088441e-02,
        5.20734704e-03, 7.02096572e-02, 3.40635747e-01, 3.62335160e-02]]), array([[1.37883073e-01, 2.21912506e-01, 4.09815784e-02, 2.59011659e-01,
        2.12686360e-02, 8.83782546e-02, 9.04833464e-02, 2.53649359e-02],
       [3.96507657e-02, 4.59039743e-01, 2.09029657e-02, 1.01412470e-02,
        8.55988240e-03, 2.84639143e-02, 9.21541978e-03, 1.26395894e-02],
       [1.45083175e-02, 1.11913542e-01, 7.19922311e-01, 8.77039510e-03,
        4.47820519e-03, 2.67592459e-02, 7.15668888e-02, 1.66713476e-01],
       [1.11050789e-01, 1.05684485e-02, 1.10747871e-02, 6.45390429e-03,
        4.44106653e-01, 1.55207284e-01, 1.53423309e-01, 2.29491883e-01],
       [1.24623327e-02, 1.69745158e-02, 3.56814875e-02, 9.45948003e-03,
        3.41479239e-01, 1.81223016e-01, 4.26768889e-01, 1.49787717e-01],
       [3.11859187e-01, 8.37156297e-02, 8.50518940e-03, 3.98490911e-01,
        1.43578920e-03, 6.90555029e-02, 3.38043141e-04, 1.30417260e-01],
       [3.32504096e-01, 7.72172174e-03, 6.08125197e-02, 4.75198427e-02,
        4.74665500e-02, 2.37768085e-01, 1.68585593e-01, 1.45418642e-01],
       [4.00814395e-02, 8.81538934e-02, 1.02119161e-01, 2.60152561e-01,
        1.31205045e-01, 2.13144698e-01, 7.96185115e-02, 1.40166496e-01]]), array([[0.01011368, 0.0790854 , 0.45038196, 0.07861894, 0.20184481,
        0.00345401, 0.08913388, 0.03812125],
       [0.48841766, 0.19585033, 0.15969207, 0.03343917, 0.01898814,
        0.03834801, 0.00091834, 0.01826562],
       [0.01317084, 0.02256974, 0.08755434, 0.38208388, 0.17196779,
        0.04095883, 0.03463538, 0.20066718],
       [0.27868517, 0.05762567, 0.11093895, 0.23094443, 0.01476897,
        0.00437516, 0.23426509, 0.06879195],
       [0.00659216, 0.0558468 , 0.0743573 , 0.21518107, 0.31576779,
        0.01736519, 0.04632104, 0.27987492],
       [0.01678676, 0.24365945, 0.02041511, 0.0054627 , 0.09482908,
        0.54110739, 0.00241011, 0.10827912],
       [0.01281842, 0.00444105, 0.00163286, 0.0115395 , 0.12821441,
        0.12897321, 0.58259336, 0.27260948],
       [0.17341531, 0.34092157, 0.0950274 , 0.04273032, 0.05361901,
        0.22541821, 0.0097228 , 0.01339049]]), array([[0.10811394, 0.05345877, 0.1112819 , 0.05445936, 0.13977439,
        0.35930303, 0.1039224 , 0.00366115],
       [0.00618371, 0.12320435, 0.07619049, 0.04455508, 0.37936024,
        0.01318439, 0.42294653, 0.02354674],
       [0.44685483, 0.0317771 , 0.27409936, 0.06509467, 0.05741563,
        0.0614138 , 0.01954532, 0.00681115],
       [0.31224351, 0.13570417, 0.2578762 , 0.09513165, 0.11430075,
        0.00573859, 0.03544064, 0.02700829],
       [0.00388195, 0.43415545, 0.00241476, 0.03656799, 0.14978646,
        0.03948273, 0.12418495, 0.2563841 ],
       [0.0154567 , 0.00905825, 0.21448821, 0.08477086, 0.00996719,
        0.39865397, 0.03558727, 0.16687616],
       [0.07265386, 0.10804163, 0.0279598 , 0.60972143, 0.0283935 ,
        0.01957995, 0.19255739, 0.01160775],
       [0.03461149, 0.10460027, 0.03568927, 0.00969897, 0.12100183,
        0.10264354, 0.0658155 , 0.50410466]]), array([[2.04430492e-01, 6.03162111e-01, 9.91111490e-04, 2.27275096e-02,
        2.00913559e-02, 1.10763559e-02, 1.31891569e-01, 1.25547757e-01],
       [4.82408782e-01, 1.10921771e-01, 4.28799540e-02, 1.21131741e-02,
        3.49433010e-02, 6.29221040e-02, 3.23030530e-01, 1.92630600e-02],
       [1.68061447e-04, 9.51762725e-02, 1.15907536e-01, 5.95619472e-02,
        7.60657432e-04, 6.29236738e-01, 2.79000125e-02, 5.66448522e-02],
       [1.73022153e-01, 5.76003469e-02, 1.12253021e-01, 1.52441108e-01,
        1.65240088e-01, 4.12912372e-02, 1.25822883e-01, 1.43416202e-01],
       [2.71427103e-02, 9.15521035e-03, 1.49219832e-01, 2.66427848e-01,
        2.48487508e-01, 4.53917784e-02, 4.50522220e-03, 1.89364815e-01],
       [1.71592257e-02, 1.68607784e-02, 4.40059088e-01, 2.89786794e-03,
        3.47283608e-02, 1.14216561e-01, 3.21663057e-01, 4.93980528e-02],
       [7.54387488e-02, 4.48804080e-02, 8.31678867e-02, 2.49666170e-02,
        2.86687089e-01, 6.55704698e-02, 4.39527826e-02, 3.29292557e-01],
       [2.02298261e-02, 6.22431022e-02, 5.55215702e-02, 4.58863928e-01,
        2.09061639e-01, 3.02947564e-02, 2.12339437e-02, 8.70727035e-02]]), array([[2.70728461e-01, 1.93801809e-02, 7.61128114e-02, 8.42940645e-02,
        2.39053860e-01, 5.59724150e-02, 3.96775057e-01, 4.23438110e-02],
       [8.87091777e-02, 3.07299256e-01, 1.89086947e-01, 1.59614799e-02,
        4.61760891e-02, 1.63201665e-01, 2.10021744e-02, 3.85856177e-02],
       [1.26805435e-01, 8.62409204e-04, 2.75175729e-01, 4.67432375e-02,
        1.78405982e-02, 3.55706165e-01, 1.52523967e-01, 2.02614059e-03],
       [2.40534577e-02, 6.85026895e-03, 4.32845657e-02, 4.44682244e-01,
        2.25926306e-02, 1.32499264e-01, 6.10934256e-02, 2.41191854e-01],
       [2.70481224e-02, 7.94241594e-02, 1.03794879e-02, 2.82541426e-01,
        2.02305322e-01, 1.43673062e-02, 1.26644159e-01, 2.94118981e-01],
       [2.78897954e-02, 5.40438870e-01, 3.75395484e-02, 1.12400593e-02,
        7.00383133e-03, 1.24039221e-01, 3.18924464e-03, 2.43846508e-02],
       [3.98383272e-01, 6.40096628e-05, 3.67055701e-01, 2.45092192e-02,
        1.85034056e-01, 2.09370309e-02, 1.67305068e-01, 1.37859010e-04],
       [3.63822788e-02, 4.56808463e-02, 1.36521041e-03, 9.00282699e-02,
        2.79993612e-01, 1.33276933e-01, 7.14669043e-02, 3.57211086e-01]]), array([[1.96746385e-01, 1.33573179e-02, 1.94636973e-01, 1.68125323e-02,
        1.84399869e-01, 2.20250157e-01, 1.16778475e-01, 1.02096196e-01],
       [1.74902193e-02, 8.01586239e-02, 5.35113926e-02, 1.08989586e-01,
        1.04163175e-01, 3.78469328e-01, 7.18628544e-02, 2.14869242e-03],
       [1.37896497e-02, 8.13547831e-03, 4.30412696e-01, 3.46148767e-01,
        3.81166375e-03, 3.91862274e-02, 6.84194196e-02, 1.69179369e-02],
       [1.52285592e-02, 1.44318127e-01, 5.77558003e-02, 7.12737691e-03,
        1.22152972e-01, 2.82347696e-01, 1.94880976e-01, 1.19640725e-02],
       [1.85917940e-01, 2.72763709e-01, 1.47242389e-03, 2.71752591e-02,
        3.95093480e-01, 2.43751802e-02, 6.41779441e-03, 1.08781794e-02],
       [1.78004510e-03, 1.27270536e-01, 1.81670782e-01, 2.76107571e-01,
        2.97484777e-02, 4.49893453e-02, 1.81573294e-01, 4.43590720e-03],
       [1.87648130e-01, 3.44078245e-01, 3.60907289e-02, 4.31197442e-02,
        9.39019784e-02, 9.93809217e-03, 1.75433053e-01, 1.56557163e-02],
       [3.81399071e-01, 9.91796288e-03, 4.44492029e-02, 1.74519164e-01,
        6.67283840e-02, 4.43973450e-04, 1.84634132e-01, 8.35903299e-01]]), array([[1.60205376e-01, 5.36661595e-02, 1.79450113e-01, 4.77970552e-01,
        1.89754916e-02, 5.24151635e-02, 6.68291174e-03, 2.68756082e-04],
       [1.35481317e-01, 1.48310670e-01, 1.28832812e-01, 5.36283810e-02,
        1.06104906e-01, 1.45626715e-01, 8.28704227e-02, 1.64772606e-01],
       [5.22858447e-02, 1.20742208e-02, 4.03521912e-01, 4.19700510e-02,
        3.21315503e-01, 2.25393793e-02, 1.08315257e-01, 6.87636757e-02],
       [2.87668896e-01, 2.99939382e-01, 8.57994353e-02, 1.70504370e-01,
        1.18553724e-02, 2.00434095e-02, 4.60763140e-02, 1.66934450e-02],
       [1.36246347e-01, 6.02530187e-03, 1.00965298e-02, 7.74266395e-03,
        1.78003044e-01, 6.11364134e-02, 2.07018569e-02, 5.75285383e-01],
       [2.99867416e-03, 4.08161550e-01, 2.08869513e-02, 3.48953998e-02,
        4.15212097e-03, 4.02765429e-01, 1.62893177e-03, 8.11398725e-02],
       [1.61766489e-04, 3.04124362e-02, 3.97254156e-02, 1.07156710e-02,
        2.42007240e-01, 1.75811547e-01, 6.53098425e-01, 4.88120641e-02],
       [2.24951778e-01, 4.14102800e-02, 1.31686831e-01, 2.02572911e-01,
        1.17586322e-01, 1.19661945e-01, 8.06258807e-02, 4.42641973e-02]]), array([[0.43021618, 0.00162706, 0.00352261, 0.0447749 , 0.00191371,
        0.0983512 , 0.17621582, 0.2573725 ],
       [0.02050107, 0.31728054, 0.1862786 , 0.1951284 , 0.17797757,
        0.00075936, 0.0052558 , 0.08067397],
       [0.15298909, 0.00170797, 0.36048744, 0.01031723, 0.00183288,
        0.02606731, 0.45309419, 0.03768845],
       [0.01253996, 0.26129019, 0.05137775, 0.06807512, 0.17508848,
        0.15436191, 0.00160834, 0.26498458],
       [0.26842206, 0.06574725, 0.02289301, 0.05435649, 0.06553929,
        0.45930696, 0.04829821, 0.01347578],
       [0.06307008, 0.08801046, 0.01594422, 0.15243695, 0.53222248,
        0.06960685, 0.02555123, 0.0576783 ],
       [0.01389648, 0.12219768, 0.02062546, 0.27574395, 0.03610764,
        0.12765299, 0.19078691, 0.18490713],
       [0.03836509, 0.14213884, 0.33887091, 0.19916695, 0.00931796,
        0.06389342, 0.0991895 , 0.1032193 ]]), array([[0.23829108, 0.04389279, 0.07291284, 0.52130529, 0.00419935,
        0.00555449, 0.03791624, 0.11182059],
       [0.10496017, 0.38319993, 0.01676253, 0.01903681, 0.01810061,
        0.04484925, 0.30130046, 0.06187004],
       [0.06639963, 0.01795798, 0.30121388, 0.13760256, 0.14246387,
        0.01808082, 0.18987375, 0.10513085],
       [0.41315358, 0.00479326, 0.07783833, 0.17098581, 0.2881417 ,
        0.04091597, 0.02464212, 0.00759965],
       [0.13839774, 0.00485756, 0.12724561, 0.00931147, 0.195973  ,
        0.03173604, 0.30732072, 0.15065261],
       [0.03014072, 0.08762654, 0.01708415, 0.09444753, 0.05070787,
        0.71275883, 0.00196706, 0.12975597],
       [0.00280814, 0.3862895 , 0.27546176, 0.01947223, 0.04277742,
        0.01759651, 0.11775511, 0.05717324],
       [0.00584895, 0.07138243, 0.1114809 , 0.02783828, 0.2576362 ,
        0.12850809, 0.01922453, 0.37599706]])]
Estimated R: [array([[0.14822274, 0.13223047, 0.36178961, 0.01395387, 0.02617175,
        0.02756687, 0.56608435, 0.78624218],
       [0.28852401, 0.06855204, 0.32136195, 0.01267623, 0.21377704,
        0.81220187, 0.18058854, 0.03077166],
       [0.14520113, 0.34540146, 0.30798921, 0.80964303, 0.06393113,
        0.00095364, 0.2353972 , 0.12981971],
       [0.41805212, 0.45381603, 0.00885923, 0.16372687, 0.69612008,
        0.15927762, 0.01792991, 0.05316645]]), array([[0.05193141, 0.00170167, 0.49949687, 0.20376096, 0.57065314,
        0.07169708, 0.52354611, 0.13714935],
       [0.27645175, 0.00088216, 0.00363462, 0.50449576, 0.22499991,
        0.70760559, 0.01129169, 0.5194273 ],
       [0.09391126, 0.49836381, 0.4828209 , 0.07670671, 0.09920375,
        0.17254338, 0.00204528, 0.26397655],
       [0.57770558, 0.49905236, 0.01404762, 0.21503658, 0.1051432 ,
        0.04815395, 0.46311693, 0.07944681]]), array([[9.43522117e-02, 1.55481073e-01, 1.07861060e-01, 1.59475898e-02,
        5.37689770e-01, 1.56058360e-01, 7.30159638e-01, 1.88054286e-01],
       [2.50695778e-01, 2.11257268e-02, 3.32257436e-01, 7.00535397e-01,
        2.93656229e-01, 8.30910697e-04, 1.84573903e-01, 2.03308956e-01],
       [2.24169035e-01, 1.75668088e-01, 1.73745431e-01, 1.73885346e-01,
        8.05663007e-02, 7.21781819e-01, 8.51906778e-02, 3.08247642e-01],
       [4.30782975e-01, 6.47725112e-01, 3.86136073e-01, 1.09631667e-01,
        8.80876997e-02, 1.21328911e-01, 7.57810009e-05, 3.00389117e-01]]), array([[0.21704888, 0.07048246, 0.07463482, 0.06018374, 0.19100572,
        0.38846791, 0.06823049, 0.69847692],
       [0.28341671, 0.03600305, 0.71559738, 0.19238581, 0.01994662,
        0.54431874, 0.0823373 , 0.07111889],
       [0.07322501, 0.6204561 , 0.0125198 , 0.19383966, 0.66086077,
        0.02483119, 0.27174304, 0.22375799],
       [0.4263094 , 0.27305839, 0.197248  , 0.5535908 , 0.12818688,
        0.04238216, 0.57768917, 0.00664621]]), array([[4.15212566e-01, 5.59479864e-01, 2.70550746e-01, 2.84624908e-02,
        4.04003338e-02, 3.92825079e-01, 2.82858046e-01, 1.54853212e-02],
       [5.58007686e-01, 3.89439299e-01, 6.07055269e-04, 2.55549827e-01,
        2.53294934e-01, 1.11784534e-02, 2.24345311e-01, 3.72538455e-01],
       [9.75267365e-03, 4.56559816e-02, 6.81290224e-01, 9.11001085e-02,
        1.71870883e-01, 4.47905990e-01, 2.82652980e-01, 1.95745842e-01],
       [1.70270746e-02, 5.42485516e-03, 4.75519755e-02, 6.24887574e-01,
        5.34433849e-01, 1.48090477e-01, 2.10143664e-01, 4.16230382e-01]]), array([[0.01553065, 0.2188834 , 0.06877769, 0.09665597, 0.63114675,
        0.06725123, 0.1382793 , 0.72718386],
       [0.02068883, 0.483247  , 0.08340264, 0.65534725, 0.00092687,
        0.57613578, 0.02328698, 0.12858618],
       [0.80342982, 0.01496053, 0.11740367, 0.22914428, 0.31101153,
        0.00195488, 0.45987405, 0.14224501],
       [0.16035069, 0.28290906, 0.730416  , 0.01885249, 0.05691485,
        0.35465811, 0.37855967, 0.00198494]]), array([[2.84464221e-01, 1.16581570e-01, 1.89409310e-02, 1.30766585e-02,
        8.13481599e-01, 2.24503314e-01, 3.43349079e-01, 3.21705975e-02],
       [3.50638298e-03, 6.12176236e-01, 1.57801247e-01, 5.25120097e-01,
        1.12012838e-02, 4.36087479e-01, 1.36392715e-01, 2.84195331e-04],
       [5.21407111e-01, 2.10798132e-01, 2.61894791e-02, 2.89021393e-01,
        1.74176210e-01, 1.51226199e-01, 2.28459332e-01, 6.80310295e-01],
       [1.90622285e-01, 6.04440623e-02, 7.97068343e-01, 1.72781851e-01,
        1.14090750e-03, 1.88183007e-01, 2.91798874e-01, 2.87234913e-01]]), array([[0.0091098 , 0.40379194, 0.00156303, 0.16050168, 0.0507944 ,
        0.74532426, 0.39115301, 0.23503249],
       [0.02917784, 0.14950317, 0.23157764, 0.05616309, 0.54857678,
        0.00305641, 0.59822209, 0.36238187],
       [0.44787886, 0.44045421, 0.02573893, 0.70070676, 0.12549571,
        0.24928103, 0.00194687, 0.03021262],
       [0.5138335 , 0.00625068, 0.74112039, 0.08262848, 0.2751331 ,
        0.0023383 , 0.00867803, 0.37237302]]), array([[0.06962434, 0.04448199, 0.69203196, 0.13046395, 0.03232346,
        0.02348516, 0.42200117, 0.62465101],
       [0.03398419, 0.88473587, 0.08009462, 0.43853217, 0.05132692,
        0.07711448, 0.27522057, 0.09383069],
       [0.8667607 , 0.05029741, 0.2196852 , 0.13946   , 0.31328879,
        0.16247525, 0.2317176 , 0.02154309],
       [0.02963076, 0.02048472, 0.00818822, 0.29154388, 0.60306083,
        0.73692511, 0.07106066, 0.2599752 ]]), array([[5.86002543e-02, 2.06414226e-01, 7.19912987e-01, 7.60750271e-02,
        3.00758080e-01, 7.06249723e-04, 5.94384749e-01, 1.46669907e-01],
       [4.89384021e-01, 7.11267020e-03, 1.87762752e-01, 5.06139797e-01,
        4.23084880e-01, 3.07803370e-02, 4.67459569e-02, 3.72663916e-01],
       [5.93627980e-02, 7.84188052e-01, 5.10168964e-02, 5.47429096e-03,
        1.49587472e-01, 4.09428574e-01, 2.38642789e-01, 2.30169255e-01],
       [3.92652927e-01, 2.28505128e-03, 4.13073641e-02, 4.12310885e-01,
        1.26569567e-01, 5.59084839e-01, 1.20226506e-01, 2.50496922e-01]])]

Total NMI: [[np.float64(0.20769361367951295), np.float64(0.23301221435323774), np.float64(0.24139184068127653), np.float64(0.24084065142510294), np.float64(0.24209426496467618), np.float64(0.2404976578961086), np.float64(0.23932890472310506), np.float64(0.2391112677566489), np.float64(0.23750374437332158), np.float64(0.23699825538107372), np.float64(0.23702134426890187), np.float64(0.2345294094986916), np.float64(0.23383611974919197), np.float64(0.23183386512599352), np.float64(0.2317710049929416), np.float64(0.23044471211863513), np.float64(0.23032138660598805), np.float64(0.229356798335241), np.float64(0.23019560427358404), np.float64(0.22898462104222161), np.float64(0.22990014412856177), np.float64(0.22883805522032233), np.float64(0.22963685907429118), np.float64(0.22900652438048497), np.float64(0.229763797895033)], [np.float64(0.13411027269604173), np.float64(0.14318025304919588), np.float64(0.1552739528019289), np.float64(0.16747208446348585), np.float64(0.1870950510153225), np.float64(0.2008284337550665), np.float64(0.2132725357998998), np.float64(0.21738320231757932), np.float64(0.22447219886400874), np.float64(0.2217084815926927), np.float64(0.2267961002511372), np.float64(0.22423570148457142), np.float64(0.2296456655370501), np.float64(0.22763533986166495), np.float64(0.23303923603814436), np.float64(0.23083269466441095), np.float64(0.23611269908838384), np.float64(0.2327137090000539), np.float64(0.23851070512919478), np.float64(0.23422824893536812), np.float64(0.24108542867144991), np.float64(0.23497896970041973), np.float64(0.24424294948715763), np.float64(0.23425266522813118), np.float64(0.24616630788849825)], [np.float64(0.1626898915662628), np.float64(0.2094629946787844), np.float64(0.20087757444632295), np.float64(0.20850622170834965), np.float64(0.20267434810915638), np.float64(0.20627222601230744), np.float64(0.20385203701179733), np.float64(0.20707289795567038), np.float64(0.20650545178868168), np.float64(0.20942956810776867), np.float64(0.2098020921213402), np.float64(0.21152121562168033), np.float64(0.21230238204247448), np.float64(0.21249599321919785), np.float64(0.213291451001982), np.float64(0.21341403203038628), np.float64(0.21436247430653285), np.float64(0.21397157865879204), np.float64(0.21468791822542413), np.float64(0.21425472960755826), np.float64(0.21500555735317733), np.float64(0.2144452299431457), np.float64(0.2154045834076983), np.float64(0.21463726897944352), np.float64(0.21550870021731106)], [np.float64(0.1749167552175087), np.float64(0.22584206154446235), np.float64(0.2231049755445183), np.float64(0.2214313415753877), np.float64(0.21973411890344613), np.float64(0.21983857190656478), np.float64(0.22105828576058054), np.float64(0.22221620850646776), np.float64(0.2238004665612188), np.float64(0.22617446652334403), np.float64(0.2265575736153509), np.float64(0.23006434466769074), np.float64(0.23057522984405016), np.float64(0.23170314140467488), np.float64(0.23287273879467987), np.float64(0.23257157142802093), np.float64(0.23452549117514224), np.float64(0.23385778514826047), np.float64(0.23722064541740268), np.float64(0.23606474156817814), np.float64(0.239487009957176), np.float64(0.23849472167345628), np.float64(0.24025340828563196), np.float64(0.23889237838732214), np.float64(0.24127056028277685)], [np.float64(0.20235169498160138), np.float64(0.20434824502949905), np.float64(0.20408202890541974), np.float64(0.20847316026905927), np.float64(0.20647289443690217), np.float64(0.2081611409464401), np.float64(0.2058093821032504), np.float64(0.20496325243965843), np.float64(0.20264450774607876), np.float64(0.20234773464681496), np.float64(0.19946276903486615), np.float64(0.1978040331425008), np.float64(0.1968948426925282), np.float64(0.19547855069703512), np.float64(0.19653597243678386), np.float64(0.19573358642206165), np.float64(0.1968951165551632), np.float64(0.19523807994086279), np.float64(0.1956995509745444), np.float64(0.19299068512525497), np.float64(0.19401053917879896), np.float64(0.1918433333974298), np.float64(0.19312951310876086), np.float64(0.19149537909846995), np.float64(0.1916571631076987)], [np.float64(0.19701797125449932), np.float64(0.20653570603407612), np.float64(0.21332717118876715), np.float64(0.22474403416463706), np.float64(0.2151855406268448), np.float64(0.22819678748779695), np.float64(0.21882823388604833), np.float64(0.2305613603953377), np.float64(0.22390171318906246), np.float64(0.23301303408263083), np.float64(0.2276502128140642), np.float64(0.23554353891333604), np.float64(0.2296158238953155), np.float64(0.23662150278302557), np.float64(0.23217711945489952), np.float64(0.23740781046950005), np.float64(0.23252208895106988), np.float64(0.2375088854509006), np.float64(0.2328431084341005), np.float64(0.23756422106159886), np.float64(0.23283190347016056), np.float64(0.2383004951819642), np.float64(0.2328306386261891), np.float64(0.23855063428446174), np.float64(0.23280021351845484)], [np.float64(0.2012418982411482), np.float64(0.20889360662404247), np.float64(0.2004383496097145), np.float64(0.2177004313374464), np.float64(0.2115169473338093), np.float64(0.2222848975128117), np.float64(0.21888387436768553), np.float64(0.22810208232014692), np.float64(0.22431567494312507), np.float64(0.23063810713869154), np.float64(0.22398903070488682), np.float64(0.23057148548389647), np.float64(0.2218384696802686), np.float64(0.2296260722969945), np.float64(0.2184032054428602), np.float64(0.22776042226226612), np.float64(0.21432357253501866), np.float64(0.22533433552234597), np.float64(0.21033536814559536), np.float64(0.22291106876686115), np.float64(0.2062131090031403), np.float64(0.22171173499808491), np.float64(0.2017388313933363), np.float64(0.22032172519226353), np.float64(0.19709364632324664)], [np.float64(0.1626268526623361), np.float64(0.19480031504698692), np.float64(0.2005060835927892), np.float64(0.20849224369484323), np.float64(0.20254246481136182), np.float64(0.20963305284197525), np.float64(0.20788450794435828), np.float64(0.213691505611137), np.float64(0.21097411616289383), np.float64(0.2165543950352543), np.float64(0.21071360581957754), np.float64(0.2148858773868988), np.float64(0.21284179238721973), np.float64(0.21690770219476244), np.float64(0.21638334230214193), np.float64(0.22036916187281463), np.float64(0.2189192347722906), np.float64(0.2254161382231429), np.float64(0.22294566414978753), np.float64(0.2286963940883228), np.float64(0.22571383251353144), np.float64(0.23093391480701267), np.float64(0.2286091364660016), np.float64(0.23250139484313745), np.float64(0.23068956442679112)], [np.float64(0.1420798050753603), np.float64(0.18809513501369957), np.float64(0.21090539812258635), np.float64(0.22188881338418165), np.float64(0.22379508585933705), np.float64(0.2269041558555154), np.float64(0.229163809774479), np.float64(0.2296787207813345), np.float64(0.2284496433833711), np.float64(0.22534797825756908), np.float64(0.22244609181319594), np.float64(0.2196726296618317), np.float64(0.21775421813600676), np.float64(0.21599577368603526), np.float64(0.21635630326976554), np.float64(0.2144615111687393), np.float64(0.21338365315162608), np.float64(0.21238185087531605), np.float64(0.21187590893083091), np.float64(0.21147116247945036), np.float64(0.211880365343324), np.float64(0.21211641017250465), np.float64(0.21262758118322622), np.float64(0.2125529828251531), np.float64(0.21318538060749573)], [np.float64(0.22442271611369385), np.float64(0.20735186895143148), np.float64(0.23624979587002692), np.float64(0.2350834867286371), np.float64(0.23701128830763657), np.float64(0.23793069409847115), np.float64(0.2371983254465887), np.float64(0.23654105218336782), np.float64(0.23537465801593857), np.float64(0.23506852482548576), np.float64(0.23191902023267466), np.float64(0.23226838479307854), np.float64(0.22953386702753967), np.float64(0.23157458294205585), np.float64(0.23171532314924564), np.float64(0.23482208298573226), np.float64(0.2367025705721806), np.float64(0.23907464574824067), np.float64(0.2415264049201282), np.float64(0.24286372804608763), np.float64(0.24437162052959896), np.float64(0.24559413209025754), np.float64(0.2476921193098226), np.float64(0.2480421631620671), np.float64(0.24961725598129794)]]
Total Percentage: [[np.float64(15.83), np.float64(14.139), np.float64(13.892), np.float64(14.102), np.float64(14.072999999999999), np.float64(14.085), np.float64(14.341000000000001), np.float64(14.421999999999999), np.float64(14.734), np.float64(14.649000000000001), np.float64(14.704), np.float64(14.482000000000001), np.float64(14.562), np.float64(14.374999999999998), np.float64(14.506), np.float64(14.407), np.float64(14.475), np.float64(14.371), np.float64(14.462), np.float64(14.368), np.float64(14.45), np.float64(14.329), np.float64(14.435), np.float64(14.306), np.float64(14.407)], [np.float64(11.693000000000001), np.float64(12.971), np.float64(11.971), np.float64(11.689), np.float64(10.791), np.float64(10.274), np.float64(10.101), np.float64(9.668000000000001), np.float64(9.554), np.float64(9.171999999999999), np.float64(9.353), np.float64(9.017), np.float64(9.245000000000001), np.float64(8.7), np.float64(9.092), np.float64(8.539), np.float64(8.95), np.float64(8.354000000000001), np.float64(8.827), np.float64(8.135), np.float64(8.725), np.float64(7.992000000000001), np.float64(8.616999999999999), np.float64(7.889), np.float64(8.495)], [np.float64(16.32), np.float64(13.980999999999998), np.float64(12.889000000000001), np.float64(13.034), np.float64(12.429), np.float64(12.441), np.float64(12.109), np.float64(12.043), np.float64(11.733), np.float64(11.648), np.float64(11.317), np.float64(11.196), np.float64(10.816), np.float64(10.665), np.float64(10.326), np.float64(10.174999999999999), np.float64(9.942), np.float64(9.927), np.float64(9.709), np.float64(9.708), np.float64(9.456000000000001), np.float64(9.565), np.float64(9.165), np.float64(9.404), np.float64(8.903)], [np.float64(9.037), np.float64(11.198), np.float64(11.205), np.float64(10.823), np.float64(10.563), np.float64(10.156), np.float64(10.025), np.float64(9.682), np.float64(9.824), np.float64(9.651), np.float64(10.043000000000001), np.float64(9.839), np.float64(10.232), np.float64(10.056), np.float64(10.263), np.float64(10.203), np.float64(10.284), np.float64(10.264), np.float64(10.168000000000001), np.float64(10.251000000000001), np.float64(10.184), np.float64(10.254000000000001), np.float64(10.245), np.float64(10.341000000000001), np.float64(10.302)], [np.float64(9.200999999999999), np.float64(8.843), np.float64(9.131), np.float64(8.243), np.float64(8.571), np.float64(8.314), np.float64(8.574), np.float64(8.314), np.float64(8.544), np.float64(8.05), np.float64(8.359), np.float64(8.167), np.float64(8.407), np.float64(8.187999999999999), np.float64(8.443000000000001), np.float64(8.314), np.float64(8.43), np.float64(8.315999999999999), np.float64(8.445), np.float64(8.332), np.float64(8.541), np.float64(8.413), np.float64(8.688), np.float64(8.482000000000001), np.float64(8.847)], [np.float64(18.666), np.float64(16.258), np.float64(17.941), np.float64(14.258000000000001), np.float64(16.817), np.float64(13.838000000000001), np.float64(15.854), np.float64(13.555), np.float64(15.010000000000002), np.float64(13.257), np.float64(14.610999999999999), np.float64(12.986), np.float64(14.395), np.float64(12.740000000000002), np.float64(14.213000000000001), np.float64(12.641), np.float64(14.115), np.float64(12.533), np.float64(14.05), np.float64(12.450999999999999), np.float64(13.977), np.float64(12.375), np.float64(13.891), np.float64(12.289), np.float64(13.741999999999999)], [np.float64(12.475999999999999), np.float64(10.995000000000001), np.float64(9.824), np.float64(10.143), np.float64(9.429), np.float64(9.727), np.float64(9.871), np.float64(10.077), np.float64(10.018), np.float64(9.995), np.float64(10.008000000000001), np.float64(9.976), np.float64(10.107), np.float64(10.111), np.float64(10.26), np.float64(10.202), np.float64(10.668999999999999), np.float64(10.419), np.float64(11.12), np.float64(10.772), np.float64(11.468), np.float64(11.187), np.float64(11.952), np.float64(11.584999999999999), np.float64(12.296999999999999)], [np.float64(14.246), np.float64(11.663), np.float64(11.114), np.float64(11.253), np.float64(11.097999999999999), np.float64(11.639), np.float64(11.407), np.float64(11.851), np.float64(11.629000000000001), np.float64(12.048), np.float64(11.633000000000001), np.float64(11.995000000000001), np.float64(11.677999999999999), np.float64(12.08), np.float64(11.638), np.float64(12.147), np.float64(11.632000000000001), np.float64(12.129), np.float64(11.507000000000001), np.float64(12.026), np.float64(11.465), np.float64(11.904), np.float64(11.394), np.float64(11.792), np.float64(11.344)], [np.float64(19.067999999999998), np.float64(20.897), np.float64(21.299), np.float64(22.431), np.float64(21.926000000000002), np.float64(22.039), np.float64(21.747), np.float64(21.667), np.float64(21.372), np.float64(21.081), np.float64(20.633000000000003), np.float64(20.212), np.float64(19.814999999999998), np.float64(19.292), np.float64(19.044), np.float64(18.734), np.float64(18.497), np.float64(18.446), np.float64(18.279), np.float64(18.318), np.float64(18.245), np.float64(18.217), np.float64(18.215), np.float64(18.159), np.float64(18.233)], [np.float64(16.16), np.float64(14.254), np.float64(14.297), np.float64(13.816999999999998), np.float64(13.03), np.float64(13.26), np.float64(12.153), np.float64(12.456), np.float64(11.67), np.float64(11.946), np.float64(11.388), np.float64(11.941), np.float64(11.324), np.float64(11.57), np.float64(11.043), np.float64(11.101999999999999), np.float64(10.729), np.float64(10.786999999999999), np.float64(10.584), np.float64(10.667), np.float64(10.600999999999999), np.float64(10.709), np.float64(10.764999999999999), np.float64(10.928), np.float64(11.019)]]
Total Delta Gamma: [1.99711927 1.97149664 2.07921137 1.93458407 2.18614996 1.91465052
 2.00989034 2.07383913 2.10058873 1.91503675]
Total Delta R: [1.53565618 1.6531828  1.51051016 1.28072153 1.80307558 1.69812144
 1.44622731 1.9837996  1.31244505 1.58847083]
