Complexity increased keeping gamma very unbalanced, and increasing K (K=8)
==================================================

N (neurons): 3
K (states): 8
T (time steps): 50000
Seed: None
Number of repetitions: 10
Number of iterations: 100

Initialization of parameters for HMM:
Pi: [1 0 0 0 0 0 0 0]
Gamma: [[0.72 0.04 0.04 0.04 0.04 0.04 0.04 0.04]
 [0.04 0.72 0.04 0.04 0.04 0.04 0.04 0.04]
 [0.04 0.04 0.72 0.04 0.04 0.04 0.04 0.04]
 [0.04 0.04 0.04 0.72 0.04 0.04 0.04 0.04]
 [0.04 0.04 0.04 0.04 0.72 0.04 0.04 0.04]
 [0.04 0.04 0.04 0.04 0.04 0.72 0.04 0.04]
 [0.04 0.04 0.04 0.04 0.04 0.04 0.72 0.04]
 [0.04 0.04 0.04 0.04 0.04 0.04 0.04 0.72]]
R: [[0.5        0.         0.5        0.         0.33333333 0.33333333
  0.33333333 0.        ]
 [0.         0.5        0.5        0.         0.         0.33333333
  0.33333333 0.33333333]
 [0.5        0.         0.         0.5        0.33333333 0.
  0.33333333 0.33333333]
 [0.         0.5        0.         0.5        0.33333333 0.33333333
  0.         0.33333333]]

Generated data:
Generated firings (y): [2 0 1 3 3 3 0 3 0 0 3 2 3 3 3 3 1 1 1 0 1 0 0 0 0 0 1 3 3 2 3 2 3 2 3 3 2
 3 2 3 3 3 3 2 1 3 3 1 1 1 1 0 0 1 1 0 0 0 0 1 2 1 2 1 0 0 1 1 2 3 3 3 2 3
 1 1 1 1 2 1 3 3 3 2 3 2 1 2 3 2 2 0 0 2 3 2 1 1 2 1]... (showing first 100 entries)
Generated states (z): [0 0 1 1 1 1 4 4 4 4 3 3 3 3 3 3 5 5 6 6 6 6 6 6 6 6 5 5 3 4 4 3 3 3 3 3 3
 3 3 3 3 3 3 3 7 7 7 7 2 2 2 2 2 2 2 2 6 6 6 6 6 6 6 6 6 2 2 2 7 7 7 7 7 7
 7 7 7 7 7 7 3 3 3 3 7 7 7 7 7 7 0 0 0 4 4 6 6 6 6 6]... (showing first 100 entries)

Estimated parameters:
Estimated Pi: [array([0.06561976, 0.01737262, 0.17377417, 0.22821594, 0.03538758,
       0.1118492 , 0.1038559 , 0.26392483]), array([0.09144218, 0.10866125, 0.13295501, 0.21253678, 0.25754597,
       0.11778174, 0.04969218, 0.02938488]), array([3.19846600e-02, 1.66106907e-05, 1.43386481e-01, 1.72615546e-01,
       1.46105070e-01, 7.51954557e-02, 2.79594710e-01, 1.51101467e-01]), array([0.12166698, 0.09868854, 0.12694991, 0.1535067 , 0.19906583,
       0.04268302, 0.09061867, 0.16682036]), array([0.14078648, 0.07006371, 0.1468547 , 0.08201688, 0.05564925,
       0.27175031, 0.21169913, 0.02117954]), array([0.24205089, 0.00467921, 0.15292569, 0.04259831, 0.21665011,
       0.10593247, 0.01620107, 0.21896225]), array([0.37853067, 0.04194035, 0.07435669, 0.10336736, 0.03435721,
       0.10094121, 0.05628882, 0.21021767]), array([0.04093729, 0.08585374, 0.05900833, 0.23165608, 0.07636463,
       0.2492455 , 0.17455263, 0.08238181]), array([0.0829467 , 0.17613075, 0.02202603, 0.0387632 , 0.12585121,
       0.18514545, 0.04754218, 0.32159447]), array([0.11709071, 0.03204338, 0.05835636, 0.05019106, 0.25016099,
       0.25466558, 0.13315557, 0.10433636])]
Estimated Gamma: [array([[4.19879989e-02, 1.10844218e-02, 5.49195372e-02, 1.24300567e-02,
        2.12672102e-01, 2.63365304e-01, 2.42855264e-01, 1.60685315e-01],
       [1.02815503e-01, 1.80092934e-02, 3.83965460e-01, 1.03942303e-01,
        9.27920677e-03, 8.77172193e-02, 2.93187441e-01, 1.08357307e-03],
       [9.54707318e-03, 1.37390791e-02, 3.46879475e-02, 3.37119743e-01,
        1.13504690e-02, 3.37524020e-01, 1.72380796e-01, 8.36508728e-02],
       [3.58620520e-02, 5.67204857e-02, 5.46873366e-02, 4.69397112e-01,
        6.28591818e-02, 1.38866391e-01, 1.09536535e-01, 7.20709054e-02],
       [7.25542730e-02, 4.36006815e-02, 1.42456865e-02, 8.48723114e-02,
        1.62627839e-01, 4.17361777e-01, 3.47900561e-03, 2.01258425e-01],
       [1.87680333e-04, 2.07380937e-02, 1.39577155e-02, 2.24480537e-02,
        5.29670362e-01, 1.90280197e-01, 1.52509804e-01, 7.02080936e-02],
       [1.18532494e-01, 2.32753314e-01, 5.69172493e-02, 3.99318482e-02,
        9.62744263e-03, 1.99658992e-01, 1.87652562e-01, 1.54926098e-01],
       [5.51240355e-02, 1.15882128e-01, 5.98751027e-02, 2.32881470e-01,
        5.05433489e-02, 9.63966122e-02, 3.21520199e-02, 3.57145282e-01]]), array([[5.07248623e-01, 8.76483506e-02, 5.26157622e-02, 2.77465076e-02,
        1.95047098e-02, 2.01430478e-01, 7.69910171e-02, 2.68145511e-02],
       [2.40654158e-02, 2.15351503e-01, 2.27873911e-02, 6.34906938e-02,
        4.81269346e-03, 2.62016167e-01, 1.36912015e-01, 2.70564120e-01],
       [1.21211481e-03, 6.81854843e-02, 1.40126219e-01, 7.49386290e-02,
        2.79008005e-01, 4.69105703e-02, 7.60676324e-02, 3.13551345e-01],
       [2.58683962e-01, 3.82710507e-01, 4.27845594e-02, 3.64999106e-02,
        1.85589618e-01, 2.84084116e-03, 6.05015163e-03, 8.48404500e-02],
       [2.47815735e-01, 2.17612467e-01, 3.61760686e-02, 1.31852101e-02,
        2.73435327e-01, 2.43032636e-04, 8.85109430e-02, 1.23021217e-01],
       [4.37382768e-01, 1.14004488e-01, 4.19760273e-02, 1.02427347e-01,
        1.50479678e-01, 2.34162813e-03, 4.59979343e-02, 1.05390130e-01],
       [2.52553349e-02, 1.57203535e-01, 8.88616579e-02, 6.11107090e-03,
        2.84603009e-01, 4.29540020e-02, 3.84723986e-01, 1.02874048e-02],
       [1.21910913e-01, 1.82142769e-01, 5.31552041e-02, 8.19083730e-03,
        1.24193407e-01, 1.33537259e-01, 4.17706314e-02, 3.35098980e-01]]), array([[5.15008419e-02, 1.86524499e-01, 7.12151163e-03, 1.02042151e-02,
        2.70403266e-01, 3.96003998e-01, 5.04417863e-03, 7.31974896e-02],
       [1.44808905e-01, 2.87988093e-01, 1.43246792e-01, 3.62252996e-02,
        2.86277405e-02, 3.88045142e-02, 1.64307320e-01, 1.55991337e-01],
       [1.91944873e-03, 1.16023681e-01, 6.42871044e-02, 1.89777464e-01,
        1.15244390e-01, 4.39609304e-02, 2.40966962e-01, 2.27820020e-01],
       [2.73241851e-02, 7.98131880e-02, 1.07204071e-01, 5.31419539e-04,
        2.75911648e-02, 2.62096097e-01, 1.35492654e-01, 3.59947221e-01],
       [1.08345669e-01, 1.00233003e-01, 6.57364225e-03, 9.48529978e-02,
        3.06194593e-02, 3.37374929e-01, 2.16911941e-01, 1.05088359e-01],
       [7.14216510e-02, 4.79750594e-02, 1.86867965e-01, 4.96318386e-02,
        2.30281700e-02, 5.94151104e-01, 1.17273276e-02, 1.51968841e-02],
       [6.28911471e-03, 1.72957445e-01, 8.20206117e-02, 1.08194633e-01,
        3.19049413e-01, 1.66566167e-03, 2.53135462e-01, 5.66876600e-02],
       [4.49361468e-02, 1.06016359e-01, 7.61259169e-02, 1.58510065e-01,
        5.30370273e-02, 5.04613828e-02, 4.53320286e-02, 4.65581074e-01]]), array([[0.21111281, 0.22995614, 0.03160378, 0.05013594, 0.01250183,
        0.30356688, 0.11506686, 0.04605577],
       [0.18527729, 0.12529044, 0.04759948, 0.0158526 , 0.23184378,
        0.1100552 , 0.27672225, 0.00735897],
       [0.05844694, 0.01989669, 0.01535086, 0.14167699, 0.24122917,
        0.15767386, 0.20947585, 0.15624964],
       [0.12454901, 0.02318079, 0.00294673, 0.11968593, 0.15435853,
        0.11658129, 0.39886401, 0.05983371],
       [0.0612167 , 0.33210289, 0.08288536, 0.03736898, 0.10321474,
        0.14516078, 0.03612865, 0.2019219 ],
       [0.16344616, 0.01590941, 0.01286097, 0.10350441, 0.497609  ,
        0.0772202 , 0.0291419 , 0.10030796],
       [0.35059369, 0.16228335, 0.00857972, 0.04093764, 0.05980236,
        0.08642948, 0.24646928, 0.04490448],
       [0.20394145, 0.32408132, 0.01111996, 0.03425373, 0.31281834,
        0.00434171, 0.09772564, 0.01171785]]), array([[0.00840753, 0.02877145, 0.0113766 , 0.24212603, 0.3665859 ,
        0.05130749, 0.27245948, 0.01896552],
       [0.26636406, 0.08747015, 0.24501841, 0.18869105, 0.00467486,
        0.04149453, 0.15114871, 0.01513824],
       [0.04396946, 0.11349638, 0.17202301, 0.07837072, 0.07197198,
        0.06512445, 0.2362432 , 0.2188008 ],
       [0.15284871, 0.11090747, 0.01744641, 0.14845236, 0.07604274,
        0.38652244, 0.07577428, 0.0320056 ],
       [0.08144159, 0.02236174, 0.09492418, 0.03756263, 0.40469298,
        0.09517173, 0.13086452, 0.13298063],
       [0.07459744, 0.04222967, 0.05052126, 0.1371437 , 0.12265245,
        0.11682421, 0.38084044, 0.07519082],
       [0.27963002, 0.09814272, 0.07177944, 0.05301057, 0.0981973 ,
        0.13422989, 0.14225215, 0.1227579 ],
       [0.03539593, 0.04222524, 0.07852841, 0.1657744 , 0.31333915,
        0.06446034, 0.01023573, 0.2900408 ]]), array([[0.33904735, 0.00344827, 0.31215409, 0.02710425, 0.02583302,
        0.22745789, 0.01295736, 0.05199776],
       [0.07231469, 0.24095073, 0.31838935, 0.01470135, 0.00493455,
        0.08891783, 0.16849329, 0.0912982 ],
       [0.04146716, 0.37642965, 0.06693555, 0.11477705, 0.226751  ,
        0.09777125, 0.01963299, 0.05623534],
       [0.18497272, 0.03337964, 0.02429597, 0.21587447, 0.08380795,
        0.32169339, 0.03670217, 0.09927369],
       [0.36285689, 0.03675962, 0.18665106, 0.02252366, 0.02744789,
        0.29101682, 0.01613938, 0.05660468],
       [0.04499157, 0.00069327, 0.0105668 , 0.09269515, 0.00209117,
        0.50544176, 0.3106802 , 0.03284009],
       [0.16280818, 0.02679909, 0.11897505, 0.05203411, 0.04621284,
        0.38120334, 0.05149254, 0.16047486],
       [0.0986261 , 0.17985545, 0.09802748, 0.00413068, 0.01149022,
        0.1821938 , 0.39129056, 0.0343857 ]]), array([[1.00034044e-01, 3.96655198e-01, 4.00898713e-02, 1.17306317e-01,
        3.45171072e-03, 1.00625907e-01, 1.98341918e-01, 4.34950336e-02],
       [5.07669806e-02, 2.46480282e-01, 3.98852910e-02, 2.05341098e-01,
        1.11046222e-01, 1.08183531e-01, 2.82247275e-02, 2.10071869e-01],
       [9.06693570e-02, 4.52640503e-02, 1.52019508e-01, 6.64741748e-02,
        3.07025503e-01, 9.32443959e-02, 1.08198355e-01, 1.37104656e-01],
       [2.01865640e-01, 4.71746592e-03, 3.00210769e-01, 1.69872433e-01,
        4.13555363e-03, 1.21413503e-01, 1.12904197e-01, 8.48804395e-02],
       [3.27087138e-02, 2.50666459e-01, 1.61643894e-01, 3.54797958e-02,
        2.65454208e-01, 6.22061289e-02, 4.27934650e-02, 1.49047336e-01],
       [1.44959531e-03, 5.43825126e-02, 1.33858839e-01, 3.37183223e-01,
        2.93122666e-04, 1.18006279e-01, 1.85484888e-01, 1.69341540e-01],
       [2.06150889e-03, 8.01644820e-02, 5.21169248e-03, 1.23959597e-01,
        1.30747278e-01, 6.19734090e-03, 5.04209801e-01, 1.47448300e-01],
       [8.40403677e-02, 2.51276352e-02, 2.77106640e-02, 2.98047954e-01,
        1.18156286e-01, 6.59553143e-02, 3.07857318e-01, 7.31044608e-02]]), array([[0.46245742, 0.18418329, 0.07860049, 0.05408413, 0.01047075,
        0.00971054, 0.07840051, 0.12209287],
       [0.02074823, 0.07292009, 0.01369953, 0.01679923, 0.02809405,
        0.03713821, 0.08111785, 0.72948281],
       [0.02352254, 0.12938192, 0.16926506, 0.25311186, 0.06485663,
        0.05666323, 0.12835777, 0.17484099],
       [0.14645023, 0.01941907, 0.3068749 , 0.0730817 , 0.05054187,
        0.31483901, 0.07767964, 0.01111358],
       [0.00154213, 0.1563768 , 0.17022176, 0.35484395, 0.03304537,
        0.01416536, 0.15216538, 0.11763926],
       [0.09191191, 0.00573059, 0.18120863, 0.20777251, 0.06842795,
        0.25255969, 0.06782323, 0.12456547],
       [0.01879489, 0.00412603, 0.05177158, 0.33330156, 0.22758353,
        0.34703153, 0.00102662, 0.01636426],
       [0.18019172, 0.26544461, 0.30929256, 0.10753375, 0.03437048,
        0.0148185 , 0.06866972, 0.01967867]]), array([[0.00511435, 0.12805779, 0.46542782, 0.04240569, 0.09862308,
        0.02600993, 0.10857783, 0.12578353],
       [0.00342609, 0.10238294, 0.29258194, 0.17203564, 0.17306687,
        0.09859707, 0.15089855, 0.00701089],
       [0.19976264, 0.03587396, 0.32541128, 0.01568562, 0.17366073,
        0.04496858, 0.20003411, 0.00460307],
       [0.06188879, 0.00436774, 0.15877247, 0.42215254, 0.00049498,
        0.25742016, 0.00117417, 0.09372915],
       [0.00336011, 0.03141313, 0.40277386, 0.01871212, 0.00418374,
        0.17642596, 0.02124986, 0.3418812 ],
       [0.03182948, 0.18797351, 0.17983243, 0.0155772 , 0.09123231,
        0.07141321, 0.02024907, 0.40189279],
       [0.10153992, 0.19370341, 0.17275545, 0.21116195, 0.02857013,
        0.10176641, 0.18773458, 0.00276816],
       [0.00884151, 0.12567925, 0.05815407, 0.24986763, 0.03137289,
        0.20766937, 0.08380738, 0.23460791]]), array([[2.34666182e-03, 4.43008087e-01, 1.21044398e-01, 6.66472656e-02,
        8.44038097e-02, 9.11587274e-03, 7.64007371e-02, 1.97033168e-01],
       [1.82150505e-01, 3.07054645e-01, 2.93622169e-02, 1.24111994e-01,
        5.85495462e-02, 8.55548074e-03, 1.15820645e-01, 1.74394967e-01],
       [1.25261721e-01, 4.27666019e-02, 9.93182589e-02, 5.92536657e-03,
        6.80167734e-03, 2.06970839e-02, 4.35730213e-02, 6.55656269e-01],
       [2.44822834e-01, 1.19692129e-01, 6.16462267e-05, 9.84761840e-02,
        3.19453164e-02, 5.78398008e-02, 3.50999798e-01, 9.61622914e-02],
       [2.34435338e-02, 3.43301503e-02, 7.02392416e-02, 1.93689828e-01,
        3.49037088e-02, 6.37149487e-03, 1.91345676e-02, 6.17887476e-01],
       [3.30154183e-02, 1.56118268e-03, 1.25760716e-01, 4.25015336e-02,
        5.04862692e-02, 3.91569835e-02, 1.58871773e-01, 5.48646123e-01],
       [1.19046009e-01, 1.20674065e-01, 4.96269017e-02, 6.29286498e-02,
        1.09232437e-01, 1.25117740e-01, 2.25291367e-01, 1.88082830e-01],
       [2.26082733e-01, 6.84717411e-02, 2.27927088e-01, 8.01988944e-02,
        1.78284787e-02, 1.94638434e-01, 2.03818464e-02, 1.64470785e-01]])]
Estimated R: [array([[0.142033  , 0.31923934, 0.35259926, 0.11960857, 0.15164237,
        0.36489703, 0.29852834, 0.29713804],
       [0.42757801, 0.00104159, 0.04680275, 0.03708678, 0.7324663 ,
        0.29226197, 0.14088898, 0.09251813],
       [0.13031034, 0.04449081, 0.24788051, 0.7616531 , 0.01757867,
        0.09552456, 0.11980409, 0.4018509 ],
       [0.30007865, 0.63522826, 0.35271747, 0.08165154, 0.09831266,
        0.24731644, 0.44077858, 0.20849292]]), array([[0.07733258, 0.28781086, 0.15257895, 0.32270985, 0.39682534,
        0.12093145, 0.03090079, 0.66849941],
       [0.125442  , 0.1641453 , 0.50272287, 0.11361411, 0.41007193,
        0.16802967, 0.68472239, 0.0975142 ],
       [0.55454079, 0.22879144, 0.17910896, 0.29544815, 0.12846554,
        0.19184844, 0.0612338 , 0.06418147],
       [0.24268462, 0.3192524 , 0.16558921, 0.2682279 , 0.06463719,
        0.51919044, 0.22314302, 0.16980492]]), array([[0.30553254, 0.53081841, 0.19635091, 0.10753811, 0.29975229,
        0.27165116, 0.29687021, 0.078951  ],
       [0.60593318, 0.11210176, 0.07353662, 0.12375083, 0.1625293 ,
        0.48341221, 0.02049608, 0.28269115],
       [0.0172334 , 0.0710303 , 0.2155194 , 0.5748561 , 0.38200373,
        0.08377238, 0.58911516, 0.22588968],
       [0.07130088, 0.28604953, 0.51459307, 0.19385496, 0.15571468,
        0.16116425, 0.09351854, 0.41246817]]), array([[0.29927924, 0.24984451, 0.00387156, 0.17228567, 0.104272  ,
        0.06773206, 0.57830677, 0.36331948],
       [0.14208779, 0.4757682 , 0.47029511, 0.15870287, 0.34644233,
        0.11939608, 0.20721018, 0.0513668 ],
       [0.17071461, 0.15031942, 0.36851842, 0.34537863, 0.3476923 ,
        0.29224168, 0.09818031, 0.5102535 ],
       [0.38791835, 0.12406787, 0.15731491, 0.32363283, 0.20159337,
        0.52063018, 0.11630274, 0.07506022]]), array([[0.17478437, 0.26341711, 0.25231937, 0.47902453, 0.07740348,
        0.36689698, 0.37237222, 0.13933948],
       [0.00585222, 0.33091729, 0.57553186, 0.16343893, 0.13952422,
        0.2211998 , 0.15232564, 0.69403128],
       [0.5477334 , 0.28830052, 0.14923563, 0.10250761, 0.09153262,
        0.38383618, 0.4290737 , 0.00203291],
       [0.27163002, 0.11736508, 0.02291313, 0.25502892, 0.69153968,
        0.02806704, 0.04622844, 0.16459634]]), array([[0.21598575, 0.78222501, 0.25938028, 0.16101975, 0.22449582,
        0.09409069, 0.25423709, 0.52914778],
       [0.10141352, 0.01671022, 0.11503781, 0.51100667, 0.07206872,
        0.46107454, 0.19287475, 0.05530942],
       [0.55966652, 0.08451112, 0.58638923, 0.15856781, 0.57984505,
        0.09145573, 0.05763286, 0.29279525],
       [0.1229342 , 0.11655366, 0.03919267, 0.16940576, 0.1235904 ,
        0.35337904, 0.4952553 , 0.12274755]]), array([[0.19069346, 0.64225701, 0.34871842, 0.34351212, 0.01161723,
        0.36371176, 0.07568944, 0.21047334],
       [0.04216505, 0.17940318, 0.11700106, 0.07142625, 0.84915607,
        0.23778697, 0.16634888, 0.3451793 ],
       [0.76272897, 0.08849004, 0.32897614, 0.270402  , 0.0905684 ,
        0.37618565, 0.1045676 , 0.31500046],
       [0.00441252, 0.08984977, 0.20530439, 0.31465963, 0.0486583 ,
        0.02231562, 0.65339408, 0.12934689]]), array([[0.47785831, 0.15908301, 0.30608616, 0.14224584, 0.39555964,
        0.12784987, 0.07954021, 0.33202922],
       [0.39036277, 0.63297778, 0.04778069, 0.06550407, 0.17537518,
        0.03733436, 0.23328093, 0.49399776],
       [0.0201816 , 0.12224603, 0.06360085, 0.51989922, 0.21184631,
        0.58230306, 0.4865861 , 0.06384584],
       [0.11159732, 0.08569318, 0.58253231, 0.27235088, 0.21721887,
        0.25251271, 0.20059276, 0.11012718]]), array([[0.12434382, 0.50589399, 0.35635419, 0.04434926, 0.35107233,
        0.21536956, 0.41921308, 0.03439438],
       [0.72185576, 0.12164171, 0.43289427, 0.11427064, 0.39259807,
        0.03445373, 0.20899226, 0.02408874],
       [0.0656882 , 0.14448769, 0.06889637, 0.24634299, 0.15780868,
        0.28853331, 0.05956401, 0.91114194],
       [0.08811222, 0.22797662, 0.14185516, 0.59503711, 0.09852091,
        0.46164341, 0.31223065, 0.03037494]]), array([[0.17294294, 0.30812427, 0.09112472, 0.63592948, 0.05518935,
        0.01990507, 0.51915979, 0.22585719],
       [0.45242306, 0.64293088, 0.06377339, 0.0061793 , 0.28914192,
        0.22276794, 0.1061688 , 0.12483079],
       [0.21900894, 0.0298605 , 0.17062348, 0.27059363, 0.38705416,
        0.75280801, 0.35384821, 0.19931396],
       [0.15562506, 0.01908435, 0.67447841, 0.08729759, 0.26861456,
        0.00451898, 0.0208232 , 0.44999807]])]

Total NMI: [[0.1490049635050097, 0.15403871304757424, 0.16167336165639787, 0.16470390183253733, 0.16585373779601031, 0.16691672431473645, 0.16494312069052475, 0.16797528577697307, 0.16994838998641695, 0.1715957367153505, 0.1736439940209384, 0.17673996864500302, 0.17483610827437338, 0.17426868484195976, 0.17312486180354172, 0.17790512765378258, 0.17635507717548032, 0.1809467180127184, 0.18071299415606748, 0.17839847748497278, 0.17614417062043747, 0.17746335773021016, 0.17559040996618913, 0.1789017530070118, 0.18079480310926352, 0.18071125300861007, 0.18085579267000135, 0.17919385761343407, 0.17788840349409835, 0.1774939836035876, 0.1823672221457611, 0.1771971977036574, 0.1785743924254705, 0.18089616198028804, 0.17936241574565276, 0.1780300873226072, 0.1779862835478737, 0.1823799301887698, 0.18212569439585122, 0.1807792254755083, 0.18314916519985608, 0.181974892619545, 0.17957637968277287, 0.18038208919557164, 0.18450350977575528, 0.18572803027560822, 0.18507420256500332, 0.18503086801457944, 0.18393325523107995, 0.18897675743740788, 0.18768210808252353, 0.1875806506025602, 0.185451069778313, 0.18623553776212987, 0.18559551785088046, 0.1865673877130472, 0.18605678332632275, 0.18223435661640341, 0.18517205062655417, 0.18618953357237147, 0.1836928199772027, 0.186751921384992, 0.18954205883086894, 0.18738128988836417, 0.18330124872051565, 0.18614719648257536, 0.18448332040110393, 0.18361555084355707, 0.18720126036457696, 0.1898330629720561, 0.18995921405272242, 0.18719074482479814, 0.18936827638146428, 0.18527720334275358, 0.1866490123780228, 0.18657883726342986, 0.1853475840860769, 0.18744594235481474, 0.185738204797663, 0.1886120486503629, 0.18626343739364834, 0.18699068681361045, 0.1856302674511693, 0.1864709514293568, 0.1867695740351258, 0.18549738440374433, 0.18768115754190726, 0.1880754180253797, 0.1889178046571601, 0.18690758042779698, 0.18827786209571007, 0.1889082531450572, 0.18843943299451965, 0.18944685793260466, 0.18772941025869702, 0.1857197272703251, 0.18642528835561858, 0.1895547978740655, 0.18645339707941253, 0.18858647036494058], [0.10302994984334621, 0.10496711394021568, 0.10993069759809995, 0.11002077782644101, 0.1099859145755198, 0.11060869939824093, 0.11412280137341387, 0.1157741950545605, 0.11836816606322322, 0.11836637112599707, 0.11714795369059627, 0.12096672717356238, 0.11942926665742684, 0.11812240363839713, 0.120417912726448, 0.11965518249619586, 0.12187860411745885, 0.12378662646465342, 0.1253820808690179, 0.1265035548950025, 0.12475729073588163, 0.12338188498957108, 0.1254863408178226, 0.1281129852399767, 0.12859369474712334, 0.1271559294585576, 0.13172227768901318, 0.12830155736547294, 0.1295891997203721, 0.13225457040766148, 0.12837938667909954, 0.13046053695925405, 0.1310372647844896, 0.12771178974133496, 0.12875774034536, 0.13425854484955937, 0.13137706163530377, 0.13186507604575562, 0.129386671148795, 0.13238382060254608, 0.1342459855779726, 0.13172803051436924, 0.13445500711141847, 0.13873348960832013, 0.13703408575349274, 0.1363213303661605, 0.13392947944196917, 0.13796108228267462, 0.13853996415111336, 0.13441455536869087, 0.13327283177157184, 0.13616969542879814, 0.13850221028654708, 0.13926943201111877, 0.1367652314367542, 0.135750203020166, 0.13812241253717356, 0.1407299000631986, 0.139103561570036, 0.1381200903808305, 0.13476425415058127, 0.13580351383217257, 0.13716427849431023, 0.13780212162903138, 0.1432075469943773, 0.140395126440974, 0.1384157561839812, 0.13951837636456046, 0.13898774184096852, 0.14249221250618435, 0.14185771059539432, 0.1412739348660339, 0.14070409838522024, 0.1406108000427516, 0.14354686801040467, 0.1396715266243322, 0.13981220855579019, 0.14126570025369473, 0.13959492028214318, 0.14220490783153666, 0.1415733680176429, 0.14076015388952726, 0.14353810239625703, 0.14442663174875794, 0.14271389934021236, 0.14256734496731352, 0.1413959300556473, 0.14469511481170783, 0.1449287825201714, 0.145739746511132, 0.1466483222103426, 0.14393963955688704, 0.14302199996287093, 0.14378710161235445, 0.14395357177866872, 0.14525707489774434, 0.14453112079484376, 0.1463795223294061, 0.1446406733394513, 0.14653778036105336], [0.12999781249795972, 0.1319655802304424, 0.13352698719263464, 0.13644918773833214, 0.13352047780149726, 0.13552879376253116, 0.13808255083784915, 0.13750379427972684, 0.14058056037157285, 0.14204128822667503, 0.14200503095465813, 0.14356198386810384, 0.14251829099688798, 0.14141178547401148, 0.14205860409669616, 0.14273136831403574, 0.1474490301075321, 0.14689363079366213, 0.1465375002368588, 0.14625275997120418, 0.14906612175921527, 0.14900025909913428, 0.1476391574578208, 0.14778712342164904, 0.15041770744134741, 0.15206235827888812, 0.1497844498934511, 0.15146320129499088, 0.15363049517230384, 0.15377437781844414, 0.15532062190224566, 0.15483314900357725, 0.15543121077168714, 0.15739748667244133, 0.15511641299461743, 0.15412087120109652, 0.15473517907998144, 0.1557739215890471, 0.15612791304009568, 0.15741176716538577, 0.15849143411554423, 0.1582235138741266, 0.15810134492115394, 0.1568962401563812, 0.159430936152353, 0.15854297354883118, 0.1636056094830122, 0.1604882088922082, 0.1623408462125762, 0.16288223507830274, 0.16144123140640365, 0.16221951356017425, 0.15947097942770752, 0.16396644359635498, 0.16212864000499008, 0.16202015972864978, 0.1622556931465631, 0.16352059642853028, 0.16463685867118888, 0.16548268624846843, 0.16283693343592243, 0.16544291400967887, 0.1661739908287872, 0.16599096123164572, 0.16641875602485387, 0.16505674797213196, 0.16828968030327934, 0.16980003023247559, 0.16629690246974224, 0.16778832741180613, 0.1656059780215387, 0.16729781572226574, 0.16515544459565032, 0.16733003286248294, 0.16774091967067398, 0.16853344543915635, 0.1664504605138426, 0.16805933230405967, 0.16634327641876281, 0.1663621753398023, 0.16312086495584466, 0.1678734729532078, 0.16740425648360338, 0.17236561157264607, 0.16988752837994642, 0.17570986951602954, 0.17465224365832288, 0.17341915148758164, 0.17293465187920554, 0.1708611133201159, 0.1716250877734683, 0.17511082066020414, 0.17003952011300913, 0.17287726390737498, 0.17160701866904793, 0.17221573768076212, 0.17318480012397727, 0.17459875481508424, 0.17319195641851037, 0.17200827159673304], [0.0881389362467555, 0.09097169381091451, 0.08779051448837345, 0.08649022188681309, 0.08914265172899806, 0.08826019948584278, 0.08812126799353327, 0.08578845590811461, 0.08609155039312692, 0.08740070435728826, 0.083492519778346, 0.08519074966619261, 0.08483792672114229, 0.08512736631442779, 0.08570786734657573, 0.08741180516575738, 0.08430117096777247, 0.08294083202620575, 0.08304061330414421, 0.08220509519854044, 0.08323998690524177, 0.084697330568935, 0.08505140160047328, 0.08056173967463269, 0.08368096403038543, 0.08537153131898721, 0.08463614035362338, 0.08117449228650608, 0.0821870650534422, 0.08599011310881059, 0.08602389131538835, 0.08518421402983314, 0.08470963457310986, 0.08333568031548327, 0.08236125781247433, 0.08273923902247994, 0.08269724593193352, 0.08370296827313821, 0.08285199503969287, 0.08505204208060753, 0.08404469100966491, 0.08409378822865624, 0.08305741033782832, 0.0829989504304949, 0.08613040727011659, 0.08565225300738734, 0.08349484957545943, 0.08622140257118656, 0.0849727667977472, 0.08379001081114401, 0.08797085696650407, 0.08300286284052738, 0.08402888831377212, 0.08578828471907811, 0.08382472963027893, 0.08328191544251774, 0.08504699276782549, 0.08516409044821628, 0.08372713732941985, 0.08421483349088431, 0.08774399632028114, 0.08372173752628437, 0.08278793578579427, 0.08200086166443474, 0.0846431446010827, 0.0816295777595376, 0.08239076031149659, 0.08415857750657747, 0.08164455878397275, 0.08407538735799377, 0.08431685016641557, 0.08683993717781423, 0.08703180192767919, 0.08496799074186791, 0.08359001449866323, 0.08456177739280492, 0.08386681398049184, 0.08531516623273959, 0.08415158619969994, 0.08267892595964547, 0.08441320500276198, 0.08363463965466378, 0.08512890188098987, 0.0873086627863854, 0.08527631540071659, 0.08406959280598163, 0.08333304340033543, 0.08466322767376186, 0.0827950456345637, 0.08309166381326047, 0.08096403585105306, 0.08510200568714414, 0.08472134167917039, 0.08449604506551854, 0.08343225966064356, 0.08299580593413697, 0.08401570459170155, 0.08271888114397065, 0.0843263832479812, 0.08495566428611082], [0.07359777163155154, 0.0776882724218172, 0.08133391929020026, 0.0836212460207749, 0.08530529817928326, 0.08880759371758479, 0.08803123121044018, 0.09045491086395441, 0.093271600280149, 0.09361547074539144, 0.09127034143469616, 0.09515107763790999, 0.09615889783453527, 0.09504833091618643, 0.09453411448768141, 0.09739517761010483, 0.09833525646164952, 0.09939046574755873, 0.09971241317542295, 0.10277882018897343, 0.10287828817474265, 0.10237723624345371, 0.09980523624338579, 0.10156203699301773, 0.10266577893318121, 0.10272522737101081, 0.10462642007100778, 0.10648404651337876, 0.10447103911783356, 0.10741964347886562, 0.10750531138120643, 0.10822274001955062, 0.10769325248561853, 0.10933946345075565, 0.108836463789655, 0.11174556644189508, 0.11018720329243441, 0.11224318600614908, 0.1105589757587599, 0.11068514619803276, 0.11334465918976794, 0.11144739334433379, 0.11082191953258666, 0.11279200700632686, 0.11480118743725136, 0.11338799977344104, 0.1160978307002214, 0.11287508914360275, 0.11627058060875699, 0.1148557150359685, 0.11368189252465827, 0.11685013352188021, 0.11593539087664644, 0.1176981628041986, 0.1153709063945545, 0.11659426143602444, 0.11716923209996032, 0.11699701411591873, 0.1192567701924092, 0.11663691106017626, 0.12073326656040714, 0.1215759933691737, 0.1191323145314317, 0.12089671822189965, 0.11676845242953422, 0.11948821801989312, 0.11844599995435372, 0.11694958894374222, 0.11936614097101905, 0.12027537798229959, 0.11906621942525954, 0.12193440972708754, 0.121506700331318, 0.1216904909634737, 0.12071104793256812, 0.12360350182282062, 0.12312616911344375, 0.1214658451281832, 0.1216422568662795, 0.12051265063592695, 0.12261300845968878, 0.12398220992813307, 0.12337648762553087, 0.12284906361439918, 0.1241615948727012, 0.12483776124753498, 0.12436501637210892, 0.12449485567741878, 0.1263992533093518, 0.12513446615718166, 0.12489676483949708, 0.12872874643304014, 0.12795162233657165, 0.12343199474138723, 0.12763996467817856, 0.1235251365470619, 0.12519527239705253, 0.12356349668873919, 0.12788669796178653, 0.1264775943064886], [0.1491752792838618, 0.1577968915767441, 0.16456376804507417, 0.16243888522908465, 0.16710965681502177, 0.17179677919714575, 0.1719119891928589, 0.17391727759925074, 0.16950529665441383, 0.17729500474944462, 0.17914803409148944, 0.17646414355877202, 0.178825558293364, 0.1815042240732455, 0.17986915671283008, 0.1784398106341667, 0.18060374453013056, 0.17788090188685854, 0.18331544490372417, 0.1826441722087343, 0.18475492217860767, 0.18575857516185992, 0.18687889899313592, 0.18634084276011326, 0.18735618047899838, 0.19002352290164745, 0.18928838585626115, 0.18757061058270513, 0.18778007356677504, 0.18858268675549728, 0.18688824090055592, 0.1899960458725924, 0.18822121316677182, 0.18929428062428272, 0.18996260854453167, 0.191369259690536, 0.19358531872590748, 0.19132581281363822, 0.19001208370708814, 0.18994496257091373, 0.19277834180805534, 0.19240744347349178, 0.19095521332599744, 0.18893766772543621, 0.1873360550687988, 0.19045690209401064, 0.18831536397581974, 0.19276653646195882, 0.18982487550401336, 0.1892479310090871, 0.19034125650507336, 0.190052108375346, 0.19591020182516364, 0.1947347262563397, 0.1932484824991086, 0.19141872256164538, 0.1910123781745739, 0.18974867577790042, 0.1919187043956387, 0.1937914720701237, 0.19461205485367525, 0.19525342759903322, 0.20037351640835288, 0.19592840125152486, 0.19628419987340578, 0.19672792136462808, 0.19769757002127236, 0.19684883645395806, 0.19621851840729873, 0.1938056447205551, 0.19308465167406175, 0.1951519142773328, 0.19530565444377412, 0.19806863088945437, 0.2005377857027135, 0.19754311259507534, 0.19548409467513686, 0.1955201391118813, 0.1952751365949856, 0.19993603969605517, 0.19880093943658297, 0.19698792108076738, 0.19679722335423216, 0.19443423367677118, 0.19565149571875576, 0.19558076857899873, 0.19813801401364323, 0.19931604423254515, 0.19495470955297914, 0.19568232757339454, 0.20139113006343073, 0.20101346467634829, 0.19941499913217461, 0.19581988536925093, 0.1970487813859263, 0.20052117759585553, 0.20168288290399353, 0.20058341763281745, 0.20505126947976857, 0.19830009916612187], [0.11871951447477466, 0.12285237665868907, 0.12481686936151479, 0.12613378885049803, 0.12701265193112504, 0.1288423469940793, 0.1290446369887821, 0.1302102752319793, 0.13166498071673505, 0.13044411103602516, 0.13214247728583012, 0.13155865553314275, 0.1362424129045222, 0.1350005410359787, 0.13791799256183743, 0.13902393840739996, 0.13959233708495944, 0.13772784732378668, 0.1396057176808305, 0.1427634208826936, 0.13907453733700356, 0.14378687264894202, 0.14465156837450593, 0.14474983570737907, 0.14192946346537158, 0.14236300042269465, 0.1441801945617234, 0.14511862726054636, 0.14841885694045046, 0.14494020046686157, 0.1470486953471071, 0.14563686961955213, 0.1434279132840918, 0.14709342906347156, 0.149426068598591, 0.14667220495789757, 0.14981610615627006, 0.15064833680521506, 0.1493123811106475, 0.1494126077865705, 0.15204202803874522, 0.15021781261581593, 0.1504887958309328, 0.14985723076635882, 0.15230458029502625, 0.15521145962402735, 0.15534082799477433, 0.15465761512926027, 0.15427538565080776, 0.15153748929448363, 0.15671600671932015, 0.15504712224939554, 0.15462017539785738, 0.15482416103739674, 0.1528786976660279, 0.15372128433560436, 0.15384586315027293, 0.154548141793322, 0.15045612242057593, 0.15583602634548438, 0.15834017804057338, 0.15440940274224144, 0.15808890496993816, 0.15841264342659309, 0.16070479707006366, 0.15934139990048832, 0.1578356445679298, 0.15746385810785452, 0.16090017399880224, 0.15984122936338302, 0.1589203828493236, 0.15869631676184343, 0.158576214299951, 0.1570295224149829, 0.15969493825204686, 0.16122985317855187, 0.16145588604292216, 0.16163679016239202, 0.16627362101043955, 0.16267061707327485, 0.1603440924979547, 0.1605257823221723, 0.16186915039555744, 0.16207478264660735, 0.1598853463838906, 0.16363391267951338, 0.16250099382060434, 0.16313397770816365, 0.16425230077837433, 0.16194485879629847, 0.1623736502125409, 0.1623246073159414, 0.16833126477943733, 0.16632111211482534, 0.16307080735637333, 0.1649921899379572, 0.16269566298645377, 0.1639958190540062, 0.16597072040436545, 0.16615918636779442], [0.1474402837173138, 0.1544241453720784, 0.16177497996798515, 0.16901980991914434, 0.16732629912617267, 0.1671953027860241, 0.17141311526481465, 0.1744923183988175, 0.17671365781984202, 0.1734753661937409, 0.17716830141029447, 0.17998516479763405, 0.1799411046106346, 0.17757128743338732, 0.17961078028861638, 0.18071514921044834, 0.17897559558079285, 0.18423269146731625, 0.1836414612171626, 0.1846086423043176, 0.18458939811175545, 0.18563757288528282, 0.18661035543836363, 0.18677196039021732, 0.1852253208616586, 0.18606492069777272, 0.18984941099425423, 0.18588693968225514, 0.18333757244452772, 0.18412732297899695, 0.1881261211606142, 0.18552246826353438, 0.1843658635008782, 0.1896555450943068, 0.18857737680634656, 0.1897417628703015, 0.1927418590861242, 0.1880146610516941, 0.19062702457272526, 0.1885318170040161, 0.1934119195689835, 0.19168899124511427, 0.1907770088804892, 0.19324276920756517, 0.19242733225821518, 0.18892405270672577, 0.19280052740434944, 0.19574801609409484, 0.19311830613517245, 0.18872742376218843, 0.1896205201426757, 0.1940949691322516, 0.19322399803814186, 0.19390945843013427, 0.1926671173008514, 0.19491882296413035, 0.19424732693827154, 0.19747895938148716, 0.19039361077959233, 0.19481588946608128, 0.196739510651246, 0.19616350011476644, 0.1972576719357515, 0.19522488722284745, 0.196609204644385, 0.1987951970755738, 0.19868146167982975, 0.19821903702847837, 0.19501814413678722, 0.19451690010183667, 0.19572313257212456, 0.19795039274722998, 0.1971641503050543, 0.1967077427751353, 0.19587930253835753, 0.19410058387536502, 0.19750906504458066, 0.20061722660645312, 0.19879190528210483, 0.19885301614854828, 0.19781734079012167, 0.19878336647982447, 0.1993461115783304, 0.19773802398037277, 0.19644745204690134, 0.19555059588014662, 0.19586994489789303, 0.195445238601012, 0.19978654998371298, 0.1980964958861787, 0.1998341001215884, 0.20607618996166438, 0.20127951407265898, 0.19834783052200158, 0.2015089018102748, 0.20134743465666277, 0.20085527935720696, 0.1992036387535583, 0.2037544386203105, 0.19914604981854114], [0.15915036631610655, 0.1623258654847707, 0.16421150066500526, 0.16455407679394235, 0.1646190370017414, 0.16464036814205926, 0.16311304493070472, 0.16698718977297833, 0.16884579896101945, 0.16878703474830284, 0.17023089613708503, 0.17244963586328868, 0.17806737613668142, 0.17812158592179161, 0.17571036449977379, 0.17491135698057006, 0.17512655336847904, 0.17526280363785535, 0.1794589219592322, 0.17899015847353944, 0.1781595889148908, 0.18387385778884704, 0.1800791191742632, 0.17858048256704442, 0.18293274303695306, 0.17920680535909428, 0.18369933829205057, 0.1833535756735063, 0.18181155191644832, 0.18403323262105128, 0.184440399192713, 0.18089110192170318, 0.18474545408888504, 0.18614500430723438, 0.18472659700936922, 0.18417354005488934, 0.18299226969196694, 0.18130542230411875, 0.18123680219507257, 0.1817403069914029, 0.18450703304364693, 0.18380395469934646, 0.1858756477464755, 0.18366583012614213, 0.18533009994488586, 0.18728925812050237, 0.1869201173457666, 0.18271668259925217, 0.1906839350886935, 0.18556619315437808, 0.1872085311571625, 0.187747119507331, 0.18582315368704685, 0.18705533976267902, 0.18876695143841798, 0.1921274579595699, 0.18885526171380823, 0.18851635245963255, 0.18585996998493556, 0.18832122724705863, 0.19139984725204717, 0.19035726953792179, 0.1872564555847684, 0.18875592227599208, 0.1885728698904838, 0.18900069140956066, 0.1931568885173563, 0.19183645812773018, 0.19328718459136063, 0.19287896508541313, 0.19025442951290827, 0.19186206658857038, 0.19334475597569564, 0.19010831076894386, 0.19109759992300038, 0.19170314345227335, 0.19244575166429004, 0.19091243661304455, 0.19046078706827518, 0.19279382088697036, 0.1928481474944626, 0.1930545866863584, 0.1954525140788748, 0.19188453688298915, 0.19316635825550768, 0.1899782717171339, 0.1947534804725496, 0.19420399638446442, 0.19361577813329955, 0.19476621627572357, 0.19163932303870332, 0.19564699884083883, 0.1942859360395604, 0.19167742271805244, 0.1949311712599033, 0.1944226370913069, 0.1927740753010007, 0.19136058620439045, 0.1950609937445075, 0.19789960004645163], [0.10641255965750002, 0.11060233411144005, 0.11045072821378067, 0.11660366194852237, 0.11576745246964858, 0.11828102538663586, 0.12125746327424766, 0.12113833389236328, 0.12119961583222259, 0.12175081550886131, 0.12238895156031679, 0.12326694654162215, 0.12280683234888833, 0.12598950183886212, 0.12698396012819077, 0.12750001251093862, 0.12495078327562809, 0.13013199291182792, 0.13079326046971007, 0.13265706374851208, 0.12973139351608842, 0.13154636339409942, 0.13035324188150615, 0.12994296793840537, 0.1321941806796228, 0.13208310877174406, 0.13285298773888274, 0.1356678601993626, 0.1322839796302754, 0.13297182074938135, 0.13388294673329154, 0.13647534278975035, 0.13333775585512478, 0.13471897196282007, 0.13633727823475683, 0.13668343061039936, 0.13549718514852796, 0.1378353999926602, 0.13860763479632168, 0.1376025534415846, 0.1362838159841351, 0.1351281231822941, 0.13542206609926408, 0.13809385444788327, 0.13672729922205565, 0.13621514458109527, 0.13884425938705808, 0.14069950040246126, 0.14287736815929444, 0.14018367679159904, 0.1411064512144275, 0.1386939917016355, 0.14042915986826626, 0.14413471292008354, 0.14207695718325192, 0.1421111507045746, 0.1435684972124131, 0.14251766352114537, 0.141312028409353, 0.14332874495151435, 0.140121363079435, 0.14458587801678413, 0.143450451967899, 0.14411961447120633, 0.1439950151212396, 0.14219038930516775, 0.14389692510532529, 0.1447823716300845, 0.1440827112719759, 0.14286507395632958, 0.14577669022873055, 0.1476269677553383, 0.1431940579206102, 0.14670663426393235, 0.1441334858842587, 0.14559803040383845, 0.1460415280204391, 0.14646538587378033, 0.15247818296335514, 0.14629579489365446, 0.1461087608654017, 0.1445039333202267, 0.1464942262438212, 0.14782297139448544, 0.1454727144122723, 0.14659900823930389, 0.14702373858749543, 0.14617352095781921, 0.14746239976354114, 0.15281528139576703, 0.14976258826513172, 0.1501754580984313, 0.1502019245307138, 0.1500899672238681, 0.14917633530212387, 0.14807781293127192, 0.14726250504973415, 0.14817696795728139, 0.14790063740774778, 0.14856412360739207]]
Total Percentage: [[43.488, 43.908, 44.757999999999996, 45.06, 45.226, 45.156, 44.914, 45.262, 45.438, 45.664, 45.614, 46.050000000000004, 45.816, 45.751999999999995, 45.528, 46.1, 46.036, 46.316, 46.316, 46.104, 45.778, 46.034000000000006, 45.745999999999995, 46.2, 46.448, 46.217999999999996, 46.138, 45.998, 45.918, 45.708, 46.346, 45.714, 46.098, 45.964, 45.986, 45.763999999999996, 45.976, 46.467999999999996, 46.328, 46.135999999999996, 46.292, 46.228, 46.046, 46.17, 46.652, 46.598, 46.672000000000004, 46.626, 46.318, 47.026, 46.717999999999996, 46.812, 46.492, 46.662, 46.426, 46.534, 46.454, 46.176, 46.56, 46.514, 46.354, 46.674, 46.864, 46.546, 46.251999999999995, 46.576, 46.318, 46.158, 46.44, 46.833999999999996, 46.996, 46.622, 46.816, 46.08, 46.424, 46.696, 46.506, 46.642, 46.588, 46.9, 46.461999999999996, 46.758, 46.46, 46.48, 46.546, 46.376, 46.654, 46.716, 46.778, 46.514, 46.658, 46.882000000000005, 46.608, 46.858, 46.623999999999995, 46.354, 46.244, 46.832, 46.36, 46.57], [38.332, 38.57, 39.428000000000004, 39.294000000000004, 39.248, 39.141999999999996, 39.648, 39.852, 39.976, 40.004, 39.776, 40.288000000000004, 40.14, 39.879999999999995, 40.138, 40.158, 40.226, 40.522000000000006, 41.024, 41.010000000000005, 40.714, 40.583999999999996, 40.588, 40.94, 41.146, 40.942, 41.524, 41.154, 41.108, 41.548, 41.136, 41.29, 41.410000000000004, 40.928, 40.967999999999996, 41.764, 41.286, 41.455999999999996, 41.166000000000004, 41.349999999999994, 41.644, 41.144, 41.496, 42.034, 42.056, 41.808, 41.418, 41.908, 42.232, 41.622, 41.542, 41.846, 41.794, 41.961999999999996, 41.872, 41.642, 41.856, 42.162, 41.948, 41.754000000000005, 41.306, 41.577999999999996, 41.782000000000004, 41.924, 42.51, 42.242000000000004, 41.818, 42.048, 41.958, 42.39, 42.124, 42.144, 42.158, 42.086, 42.437999999999995, 42.0, 42.1, 42.199999999999996, 42.198, 42.47, 42.294, 42.07, 42.384, 42.652, 42.174, 42.218, 42.176, 42.356, 42.588, 42.624, 42.693999999999996, 42.327999999999996, 42.52, 42.408, 42.508, 42.66, 42.44, 42.674, 42.392, 42.628], [41.248000000000005, 41.582, 41.67, 41.998000000000005, 41.498000000000005, 41.61, 41.958, 41.942, 42.356, 42.392, 42.494, 42.35, 42.32, 42.236000000000004, 42.324, 42.466, 42.794, 42.728, 42.764, 42.672, 43.106, 43.088, 42.892, 42.716, 43.122, 43.356, 43.132, 43.269999999999996, 43.384, 43.476, 43.546, 43.580000000000005, 43.65, 43.712, 43.51, 43.36, 43.412, 43.59, 43.494, 43.738, 43.652, 43.82, 43.712, 43.604, 43.984, 43.84, 44.226, 43.966, 44.074000000000005, 44.288, 44.07, 44.204, 43.768, 44.275999999999996, 44.285999999999994, 44.166, 44.044, 44.448, 44.624, 44.59, 44.32, 44.462, 44.734, 44.588, 44.486, 44.554, 44.932, 45.046, 44.616, 44.662, 44.55, 44.712, 44.534, 44.684000000000005, 44.528, 44.696000000000005, 44.534, 44.751999999999995, 44.546, 44.382, 43.996, 44.522, 44.668, 45.144, 44.808, 45.516, 45.33, 45.286, 45.194, 44.922000000000004, 45.044000000000004, 45.402, 44.666, 45.186, 45.03, 45.032, 45.152, 45.495999999999995, 45.268, 45.126], [36.937999999999995, 37.178, 36.884, 36.634, 36.996, 36.76, 36.806, 36.488, 36.502, 36.814, 36.158, 36.256, 36.456, 36.234, 36.462, 36.514, 36.234, 35.874, 35.878, 35.936, 36.074, 36.26, 36.454, 35.798, 36.17, 36.364000000000004, 36.356, 35.82, 35.936, 36.488, 36.437999999999995, 36.292, 36.272, 36.022, 35.83, 36.059999999999995, 35.974000000000004, 36.196, 35.884, 36.36, 36.153999999999996, 36.226, 36.022, 35.992000000000004, 36.431999999999995, 36.374, 36.006, 36.47, 36.238, 36.214, 36.842000000000006, 36.059999999999995, 36.094, 36.386, 36.032, 36.056, 36.25, 36.284, 36.112, 36.268, 36.482, 36.122, 36.012, 35.99, 36.230000000000004, 35.815999999999995, 35.852000000000004, 35.954, 35.912, 36.166, 36.214, 36.574, 36.588, 36.187999999999995, 36.082, 36.064, 36.086, 36.306, 36.208, 35.758, 36.26, 35.954, 36.226, 36.57, 36.374, 36.288, 36.158, 36.276, 35.980000000000004, 35.870000000000005, 35.662, 36.214, 36.214, 36.222, 36.052, 35.91, 36.193999999999996, 35.96, 36.205999999999996, 36.402], [33.238, 33.614, 34.089999999999996, 34.432, 34.577999999999996, 35.03, 35.118, 35.282000000000004, 35.594, 35.455999999999996, 35.354, 35.97, 35.934, 35.83, 35.794, 36.014, 36.1, 36.378, 36.344, 36.83, 36.77, 36.55, 36.34, 36.620000000000005, 36.675999999999995, 36.764, 36.794, 37.12, 36.836, 37.284, 37.297999999999995, 37.472, 37.24, 37.482, 37.36, 37.796, 37.378, 37.413999999999994, 37.466, 37.462, 37.76, 37.652, 37.44, 37.606, 37.872, 37.836, 38.166, 38.09, 38.17, 38.013999999999996, 37.798, 38.084, 38.17, 38.452, 38.058, 38.084, 38.354, 38.212, 38.556000000000004, 38.072, 38.408, 38.690000000000005, 38.302, 38.626, 38.048, 38.54, 38.22, 38.256, 38.548, 38.516, 38.464, 38.641999999999996, 38.628, 38.628, 38.694, 38.862, 39.094, 38.56, 38.674, 38.57, 38.82, 38.902, 39.025999999999996, 38.7, 39.078, 39.12, 39.034, 38.964, 39.160000000000004, 38.928000000000004, 39.096, 39.494, 39.467999999999996, 38.664, 39.288000000000004, 38.734, 39.138, 38.775999999999996, 39.538000000000004, 39.147999999999996], [44.926, 45.616, 46.328, 45.876, 46.274, 46.738, 46.776, 47.0, 46.404, 46.983999999999995, 47.514, 46.748, 47.122, 47.434, 47.452, 47.254000000000005, 47.577999999999996, 47.308, 47.642, 47.574, 47.752, 47.8, 47.77, 47.638000000000005, 47.818, 48.232, 48.182, 47.943999999999996, 47.932, 48.0, 47.994, 48.134, 47.94, 48.074, 48.184, 48.146, 48.416, 48.384, 47.94, 48.082, 48.142, 48.392, 48.24, 48.230000000000004, 47.886, 48.336, 47.826, 48.384, 48.19, 47.896, 48.036, 48.242000000000004, 48.742000000000004, 48.466, 48.384, 48.242000000000004, 47.974, 47.906, 48.124, 48.370000000000005, 48.596000000000004, 48.582, 48.826, 48.452, 48.437999999999995, 48.571999999999996, 48.54, 48.824, 48.726, 48.4, 48.422, 48.466, 48.556, 48.827999999999996, 48.912, 48.653999999999996, 48.536, 48.558, 48.29, 48.646, 48.6, 48.524, 48.443999999999996, 48.309999999999995, 48.57, 48.442, 48.808, 48.94, 48.418, 48.209999999999994, 48.954, 49.114000000000004, 48.924, 48.577999999999996, 48.492000000000004, 48.744, 48.76, 48.748000000000005, 49.198, 48.718], [39.302, 39.861999999999995, 40.022000000000006, 40.058, 40.126, 40.472, 40.346, 40.534, 40.624, 40.594, 40.86, 40.544000000000004, 41.366, 41.18, 41.416, 41.672, 41.654, 41.252, 41.43, 42.018, 41.42, 42.108000000000004, 42.096000000000004, 42.124, 41.827999999999996, 41.742000000000004, 42.11, 41.966, 42.384, 41.998000000000005, 42.248000000000005, 42.071999999999996, 41.756, 42.346000000000004, 42.577999999999996, 42.122, 42.454, 42.526, 42.536, 42.496, 42.792, 42.559999999999995, 42.702, 42.434, 42.834, 43.09, 43.120000000000005, 43.012, 42.882, 42.67, 43.408, 43.202, 42.870000000000005, 42.88, 42.742000000000004, 42.992000000000004, 42.809999999999995, 42.925999999999995, 42.506, 43.072, 43.336000000000006, 43.022, 43.382, 43.348, 43.708000000000006, 43.344, 43.186, 43.38, 43.834, 43.446, 43.32, 43.4, 43.47, 43.05, 43.616, 43.622, 43.702000000000005, 43.698, 44.222, 43.68, 43.552, 43.675999999999995, 43.754, 43.672, 43.374, 44.054, 43.802, 43.786, 44.04, 43.669999999999995, 43.791999999999994, 43.804, 44.472, 44.174, 43.812, 44.138, 43.891999999999996, 43.97, 44.174, 44.186], [41.88, 42.364000000000004, 43.164, 43.62, 43.498, 43.181999999999995, 43.912, 44.008, 44.25, 43.816, 44.248, 44.528, 44.48, 44.122, 44.39, 44.402, 44.272, 44.868, 44.584, 44.864, 44.796, 45.14, 45.256, 45.084, 44.862, 44.868, 45.328, 44.948, 44.66, 44.578, 45.15, 44.864, 44.544, 45.176, 44.934000000000005, 45.123999999999995, 45.464, 45.106, 45.254, 45.052, 45.602, 45.274, 45.368, 45.438, 45.446, 44.884, 45.248, 45.72, 45.226, 44.78, 45.096000000000004, 45.592, 45.224, 45.408, 45.186, 45.676, 45.566, 45.894, 44.948, 45.628, 45.902, 45.696, 45.82, 45.486, 45.628, 45.862, 45.882, 45.964, 45.314, 45.410000000000004, 45.440000000000005, 45.664, 45.732, 45.692, 45.672000000000004, 45.385999999999996, 45.800000000000004, 46.066, 45.751999999999995, 46.01, 45.414, 45.732, 45.834, 45.722, 45.39, 45.45, 45.43, 45.578, 45.93, 45.64, 45.891999999999996, 46.518, 46.038000000000004, 45.854, 46.06, 46.04, 46.184, 45.800000000000004, 46.296, 45.800000000000004], [42.454, 42.598, 42.714, 42.77, 42.82, 42.870000000000005, 42.604, 42.92, 43.146, 43.18, 43.436, 43.646, 44.282, 44.032, 43.634, 43.663999999999994, 43.718, 43.626, 44.126, 44.112, 43.91, 44.51, 44.082, 44.048, 44.588, 44.106, 44.524, 44.525999999999996, 44.414, 44.466, 44.582, 44.22, 44.775999999999996, 44.606, 44.51, 44.496, 44.5, 44.25, 44.304, 44.306, 44.688, 44.622, 44.78, 44.519999999999996, 44.728, 44.782, 44.912, 44.236, 45.31, 44.598, 44.808, 44.79, 44.78, 44.83, 44.978, 45.446, 44.862, 44.924, 44.728, 45.06, 45.296, 45.16, 45.012, 45.132, 44.800000000000004, 44.796, 45.358, 45.176, 45.476, 45.507999999999996, 45.058, 45.122, 45.568, 44.992, 45.038, 45.332, 45.31, 45.066, 45.234, 45.562000000000005, 45.36, 45.542, 45.73, 45.16, 45.346, 45.186, 45.65, 45.403999999999996, 45.49, 45.638, 45.388, 45.796, 45.504, 45.218, 45.456, 45.495999999999995, 45.176, 45.338, 45.58, 45.948], [40.152, 40.47, 40.338, 40.942, 40.784, 41.15, 41.524, 41.4, 41.506, 41.266000000000005, 41.388000000000005, 41.422, 41.47, 41.668, 41.932, 41.984, 41.652, 42.098, 42.199999999999996, 42.286, 41.982, 42.226, 42.098, 42.065999999999995, 42.492000000000004, 42.39, 42.258, 42.814, 42.238, 42.422, 42.596000000000004, 42.794, 42.34, 42.402, 42.666, 42.88, 42.586, 42.943999999999996, 42.84, 42.742000000000004, 42.558, 42.34, 42.414, 42.828, 42.664, 42.552, 42.674, 43.022, 43.222, 43.002, 42.96, 42.792, 42.876, 43.384, 43.122, 43.084, 43.256, 43.13, 43.147999999999996, 43.22, 42.988, 43.522, 43.181999999999995, 43.22, 43.346000000000004, 43.16, 43.175999999999995, 43.446, 43.124, 43.252, 43.622, 43.578, 43.024, 43.422, 43.33, 43.464000000000006, 43.428, 43.532, 44.106, 43.406, 43.288, 43.147999999999996, 43.424, 43.558, 43.368, 43.37, 43.480000000000004, 43.16, 43.4, 43.99, 43.675999999999995, 43.87, 43.838, 44.022, 43.806, 43.496, 43.602000000000004, 43.786, 43.68, 43.726]]
Total Delta Gamma: [2.03675297 1.83028833 1.92940413 2.12290439 1.92876097 1.9627751
 1.94000713 2.09760153 2.04376892 2.16212579]
Total Delta R: [1.65018383 1.55726696 1.49288473 1.4620033  1.49714523 1.67782909
 1.71582049 1.59224723 1.68698407 1.69970605]
