Estimating the parameters from the real data (K=50) (z initialized through y and r)
==================================================

N (neurons): 805
K (states): 50
T (time steps): 10000
Seed: 12345
Number of repetitions: 10
Number of iterations: 100

Estimated parameters:
Estimated Pi: [array([0.00400363, 0.0792102 , 0.05074734, 0.00638083, 0.02664354,
       0.00777874, 0.00453685, 0.00172326, 0.0399471 , 0.02674935,
       0.01135849, 0.03799057, 0.06884358, 0.04663649, 0.00613248,
       0.01033992, 0.02642194, 0.02174877, 0.00825221, 0.03100137,
       0.04991133, 0.00058525, 0.00447026, 0.01484182, 0.02456956,
       0.04042903, 0.00342778, 0.02260108, 0.01042231, 0.00631393,
       0.00052938, 0.00083455, 0.03029785, 0.01342048, 0.00349877,
       0.00693919, 0.00541478, 0.02253147, 0.02050242, 0.02715084,
       0.01693223, 0.00361134, 0.0023504 , 0.01299001, 0.01253599,
       0.06433566, 0.01234048, 0.00065504, 0.00740232, 0.0417078 ]), array([0.00155154, 0.0645149 , 0.00578061, 0.0844341 , 0.05962872,
       0.02331942, 0.05488316, 0.02947006, 0.00105201, 0.05345977,
       0.01262599, 0.02042023, 0.02730774, 0.02294316, 0.00597068,
       0.02386473, 0.00369502, 0.00235901, 0.00973719, 0.00792724,
       0.03140821, 0.00462299, 0.01604158, 0.03112779, 0.00121861,
       0.07199097, 0.02838181, 0.00767589, 0.00143052, 0.00113564,
       0.00312568, 0.02352477, 0.0105931 , 0.03910083, 0.01614939,
       0.02731462, 0.03165339, 0.02627249, 0.00233105, 0.01506561,
       0.00385049, 0.01279286, 0.01802535, 0.0006404 , 0.02229338,
       0.01755083, 0.00958344, 0.00393294, 0.00250439, 0.00371572]), array([0.03268786, 0.00664352, 0.03546184, 0.00479286, 0.00791648,
       0.05748608, 0.00459635, 0.00487628, 0.00583976, 0.02114781,
       0.01033606, 0.0416517 , 0.00906362, 0.02603438, 0.00363437,
       0.01794826, 0.00076825, 0.00601675, 0.0011706 , 0.00555253,
       0.03634845, 0.00794413, 0.01202602, 0.06143994, 0.03090515,
       0.00482531, 0.0138969 , 0.00272157, 0.01421979, 0.01706687,
       0.03159749, 0.04579789, 0.02790158, 0.03059527, 0.0104483 ,
       0.0541125 , 0.02290322, 0.04332749, 0.00560474, 0.02209466,
       0.05817845, 0.02203692, 0.02305187, 0.03129558, 0.00586211,
       0.00293005, 0.00015839, 0.01029568, 0.01507461, 0.0317137 ]), array([0.01740335, 0.00069153, 0.01129152, 0.01553588, 0.00416114,
       0.01630484, 0.01131984, 0.04914125, 0.00520787, 0.03581046,
       0.03032402, 0.04758663, 0.00010679, 0.06314947, 0.00896   ,
       0.03860134, 0.05966789, 0.02763224, 0.01082087, 0.00106223,
       0.02646627, 0.02669998, 0.02794703, 0.02509674, 0.02205042,
       0.02182719, 0.02387796, 0.04016569, 0.07110588, 0.00333398,
       0.00875881, 0.02076674, 0.00038741, 0.01936623, 0.02363594,
       0.00718145, 0.02160826, 0.0041512 , 0.00072165, 0.01594505,
       0.0191364 , 0.00699872, 0.00155514, 0.00219862, 0.00991614,
       0.06429688, 0.01508705, 0.0049265 , 0.00924047, 0.00077106]), array([0.03695718, 0.00022657, 0.00396938, 0.00394077, 0.08243211,
       0.00411428, 0.02790569, 0.0046808 , 0.02085925, 0.01073882,
       0.03515717, 0.03894224, 0.00481569, 0.03191914, 0.00346407,
       0.01985201, 0.02438223, 0.01353915, 0.00580147, 0.01909392,
       0.01258092, 0.05366085, 0.00364523, 0.0019293 , 0.05412558,
       0.02456627, 0.01583084, 0.00133331, 0.00560561, 0.00686635,
       0.06437397, 0.01232869, 0.02373393, 0.01592556, 0.04398943,
       0.01333072, 0.00542854, 0.00612067, 0.01380437, 0.02495947,
       0.00084172, 0.0170498 , 0.06734778, 0.00832788, 0.00345374,
       0.02034404, 0.02708693, 0.0418599 , 0.00025905, 0.0164976 ]), array([0.01707783, 0.07336447, 0.01480354, 0.02704281, 0.01377457,
       0.0026602 , 0.01874366, 0.02451335, 0.01553104, 0.01517069,
       0.01526386, 0.02746971, 0.00038997, 0.01148965, 0.00147229,
       0.0521544 , 0.03879354, 0.05395688, 0.01530715, 0.05826889,
       0.01873192, 0.02607848, 0.02335603, 0.02944323, 0.01886236,
       0.0406633 , 0.0199964 , 0.00712548, 0.00118641, 0.00867404,
       0.02012703, 0.0130563 , 0.0341161 , 0.00436526, 0.009754  ,
       0.01371373, 0.0324142 , 0.00933183, 0.00937236, 0.00215049,
       0.02793764, 0.00016771, 0.05594858, 0.00816644, 0.02392708,
       0.00373451, 0.02246737, 0.00645721, 0.01087065, 0.00055534]), array([0.00180522, 0.01592379, 0.02361489, 0.05478766, 0.00818197,
       0.03253615, 0.00059876, 0.00407601, 0.01627006, 0.05635572,
       0.04815316, 0.02106574, 0.03379738, 0.02470413, 0.01089713,
       0.02413655, 0.00109415, 0.02757674, 0.01430944, 0.07213783,
       0.0288446 , 0.00852518, 0.0144044 , 0.02836955, 0.01458833,
       0.0078226 , 0.03914895, 0.00519243, 0.03756449, 0.02922182,
       0.01510927, 0.00096463, 0.01807351, 0.01123627, 0.00792418,
       0.02242344, 0.00464089, 0.01199962, 0.00010787, 0.03383338,
       0.00625268, 0.00521777, 0.00451665, 0.04065027, 0.00081464,
       0.02755594, 0.02089323, 0.05562946, 0.00216984, 0.00428165]), array([1.04583256e-02, 2.38404907e-02, 2.67562501e-02, 8.95431147e-03,
       2.77012146e-02, 2.04279635e-02, 2.85646273e-03, 5.43884856e-03,
       5.14312312e-03, 8.51939783e-03, 2.54195576e-02, 1.24524522e-03,
       2.00282970e-02, 4.36931170e-02, 5.29712542e-02, 9.34468205e-03,
       1.34789022e-02, 8.24569884e-03, 7.15962097e-03, 2.71125729e-02,
       6.79955794e-02, 1.21736537e-02, 1.72981431e-02, 5.35087437e-02,
       1.63202488e-02, 6.80103170e-06, 1.53732633e-02, 1.36753496e-02,
       3.66828092e-02, 9.46334190e-03, 6.86477840e-02, 7.03854822e-02,
       1.05836479e-02, 1.38725346e-02, 1.96804001e-02, 8.01763320e-03,
       1.80441448e-04, 4.48101371e-03, 1.41434487e-03, 2.96402427e-02,
       1.51929852e-02, 1.32755154e-03, 4.76126844e-02, 2.04823470e-02,
       4.42354739e-03, 1.07590918e-02, 4.61393920e-02, 7.55272885e-03,
       9.98297711e-03, 1.83299001e-02]), array([0.01062909, 0.02548123, 0.05269698, 0.00272181, 0.02709257,
       0.01112045, 0.03490464, 0.03169129, 0.01178126, 0.00615017,
       0.02108409, 0.01958194, 0.05156642, 0.02499451, 0.01468251,
       0.01614707, 0.02531177, 0.0039583 , 0.00305686, 0.00970255,
       0.00587961, 0.01778166, 0.01436666, 0.02760584, 0.00447767,
       0.01566091, 0.01670414, 0.00804542, 0.0153261 , 0.00342076,
       0.00760772, 0.03225565, 0.00570603, 0.0027633 , 0.00673299,
       0.02483589, 0.00556651, 0.06537776, 0.04025405, 0.03983188,
       0.0281409 , 0.00634015, 0.00147521, 0.0183756 , 0.00775332,
       0.02334706, 0.01661016, 0.02753257, 0.04074953, 0.06511943]), array([0.00908424, 0.00566491, 0.00668352, 0.00313531, 0.02692259,
       0.00373404, 0.01240279, 0.01443857, 0.00260449, 0.03153848,
       0.00016517, 0.00665972, 0.01875346, 0.02013957, 0.01349739,
       0.06734385, 0.02001425, 0.03053635, 0.02452671, 0.03544106,
       0.01148472, 0.04403626, 0.0043316 , 0.00395493, 0.01374549,
       0.01644415, 0.02934977, 0.04498245, 0.0173362 , 0.00800384,
       0.03439621, 0.02030071, 0.0283461 , 0.00844822, 0.01345923,
       0.05507537, 0.00194318, 0.00013572, 0.01559923, 0.01120907,
       0.04949662, 0.00658484, 0.00504719, 0.03841756, 0.03621343,
       0.05405011, 0.01339845, 0.00381163, 0.04457973, 0.01253152])]
Estimated Gamma: [array([[1.36644768e-03, 5.77578919e-02, 7.62589744e-02, ...,
        7.29394818e-03, 7.77411329e-03, 9.00597049e-02],
       [8.08225497e-04, 1.44434769e-02, 3.74451208e-02, ...,
        1.39752776e-03, 8.05031678e-04, 2.09833937e-01],
       [1.05099870e-04, 2.48306495e-02, 1.07838303e-02, ...,
        2.57571678e-03, 1.72934419e-03, 3.17992583e-01],
       ...,
       [2.38077301e-02, 3.77479101e-02, 6.37183391e-03, ...,
        1.12977378e-02, 2.13955140e-03, 1.90103957e-01],
       [8.82209828e-03, 6.93130090e-02, 2.55185498e-02, ...,
        7.88469884e-04, 2.02932544e-02, 4.61193367e-02],
       [5.79493562e-04, 5.31393955e-03, 1.73340998e-01, ...,
        9.31891833e-04, 3.28766125e-04, 8.80267035e-03]]), array([[7.57616395e-03, 2.24507438e-01, 1.52292129e-01, ...,
        6.47805571e-03, 1.06734372e-03, 7.88704396e-03],
       [1.49159670e-04, 4.61462243e-01, 6.20536411e-03, ...,
        1.70514787e-04, 1.04949974e-05, 1.48019150e-05],
       [3.03291958e-04, 3.02807642e-02, 9.80772743e-02, ...,
        2.19152795e-04, 1.07077486e-04, 5.44892216e-04],
       ...,
       [4.93424409e-03, 6.54392756e-02, 7.71744530e-03, ...,
        4.82257444e-03, 7.36235059e-03, 3.91938674e-03],
       [4.73247444e-03, 7.29684661e-02, 3.73399252e-02, ...,
        1.95016713e-03, 1.06637495e-02, 4.91869857e-04],
       [1.99381617e-02, 5.52829395e-02, 1.64846544e-02, ...,
        9.56094418e-05, 1.31992496e-02, 3.43618733e-03]]), array([[6.73100743e-03, 5.99774442e-04, 1.05467404e-02, ...,
        4.11909460e-02, 1.80823025e-02, 2.30239280e-02],
       [9.55133237e-04, 3.73112016e-02, 2.28222975e-02, ...,
        4.62423943e-02, 1.01403090e-02, 8.86427139e-03],
       [3.06324638e-03, 9.82156787e-04, 9.44510012e-03, ...,
        3.13246262e-02, 2.87103010e-03, 7.96942115e-02],
       ...,
       [8.08897647e-04, 7.69691793e-05, 1.88836070e-02, ...,
        2.01805181e-02, 3.50968795e-03, 9.76057015e-02],
       [4.61377593e-03, 3.64302590e-05, 9.53674484e-04, ...,
        1.27526766e-02, 1.72213678e-02, 4.36001125e-02],
       [1.42538272e-03, 1.41857142e-04, 3.17233756e-03, ...,
        2.83737271e-02, 8.73099721e-04, 9.50570073e-02]]), array([[3.98305585e-02, 6.16691985e-04, 9.30773289e-05, ...,
        3.54983257e-04, 7.30591654e-03, 1.19289045e-04],
       [3.54125198e-02, 1.69167318e-02, 1.40011430e-03, ...,
        9.16988674e-03, 6.91126044e-03, 1.36965293e-03],
       [1.50808904e-02, 9.72255121e-03, 9.82035792e-04, ...,
        3.43459922e-03, 3.92079113e-02, 5.29702445e-03],
       ...,
       [2.06479662e-03, 1.62057393e-04, 2.81524923e-04, ...,
        2.02477069e-03, 1.07106089e-02, 6.59757121e-04],
       [2.48845779e-01, 2.05472548e-02, 2.38030192e-03, ...,
        1.06957527e-02, 1.85396202e-02, 7.68274187e-04],
       [1.67522116e-02, 3.07059603e-03, 2.18559659e-03, ...,
        1.36910907e-02, 5.34041159e-02, 1.37091428e-02]]), array([[3.13320957e-01, 7.08508713e-06, 2.67838607e-03, ...,
        1.66917362e-02, 6.82152936e-04, 7.60925269e-04],
       [5.32949119e-02, 2.72323208e-03, 9.24634825e-03, ...,
        8.81311679e-03, 1.23158896e-02, 1.09423218e-03],
       [1.34472407e-01, 9.39472335e-05, 1.02759109e-03, ...,
        5.09455130e-02, 1.38518900e-03, 2.54242148e-02],
       ...,
       [4.39852302e-02, 7.90962349e-05, 2.77486756e-03, ...,
        1.40577810e-02, 7.87963055e-04, 2.18851095e-03],
       [7.65166951e-02, 5.57827630e-03, 2.37476352e-02, ...,
        2.04708707e-02, 1.64047306e-03, 1.95583710e-04],
       [2.34883517e-01, 2.83652998e-05, 1.85406056e-02, ...,
        3.82181340e-02, 1.19098717e-04, 9.04590226e-03]]), array([[2.72995608e-03, 6.16549497e-02, 5.58387407e-04, ...,
        2.16235639e-03, 1.93179054e-03, 3.09232284e-04],
       [1.25447798e-02, 1.36306123e-02, 5.06249046e-04, ...,
        2.85414944e-04, 9.89867977e-06, 1.45568352e-04],
       [4.35982064e-02, 5.84303590e-02, 4.12609561e-03, ...,
        4.20961053e-03, 1.09674499e-02, 2.40509151e-03],
       ...,
       [4.06128002e-02, 6.49128155e-02, 3.62921494e-03, ...,
        2.97158936e-04, 5.97413689e-06, 2.94304439e-03],
       [2.14748003e-02, 3.01989455e-02, 2.12126836e-03, ...,
        2.11057953e-02, 6.06486593e-03, 3.42987790e-03],
       [1.58999323e-02, 2.88075857e-02, 6.70402790e-03, ...,
        1.96459685e-02, 4.76997530e-03, 8.89414245e-04]]), array([[6.00822892e-03, 5.60219080e-02, 3.03597839e-02, ...,
        2.86772558e-02, 4.97146628e-03, 1.16334407e-02],
       [1.04199137e-06, 3.06816018e-03, 6.15667832e-02, ...,
        6.02316129e-02, 1.12337890e-05, 1.44695510e-05],
       [6.22142880e-07, 1.90272908e-02, 6.66298233e-03, ...,
        8.49351864e-03, 3.71858573e-05, 9.76308656e-05],
       ...,
       [9.16436120e-05, 1.81146942e-02, 4.54546788e-02, ...,
        1.34671771e-02, 3.61419800e-05, 3.15228583e-04],
       [5.06608098e-03, 5.88133095e-02, 6.21969010e-02, ...,
        4.53571244e-02, 3.66673278e-03, 9.13803053e-03],
       [1.73737141e-02, 2.50315358e-02, 3.12674801e-03, ...,
        1.06321195e-02, 1.39070208e-03, 2.61068136e-05]]), array([[1.17468582e-03, 6.46149589e-04, 5.95980365e-03, ...,
        3.65754476e-05, 8.50218753e-04, 1.92116821e-04],
       [4.78871622e-03, 9.24326107e-03, 6.26497867e-03, ...,
        3.86356066e-03, 1.04698443e-03, 7.31796044e-04],
       [5.37379292e-03, 1.15523976e-03, 9.73124017e-03, ...,
        8.07150073e-04, 6.18159908e-04, 3.39790624e-04],
       ...,
       [1.06431729e-02, 1.88433990e-03, 3.44419378e-02, ...,
        5.16094738e-03, 3.52195242e-03, 1.17214034e-03],
       [1.09323410e-02, 5.55248629e-03, 7.82969869e-03, ...,
        5.40676157e-03, 8.14171488e-03, 1.56458611e-02],
       [1.32840456e-02, 6.24872661e-03, 2.99952952e-02, ...,
        4.50426007e-03, 9.55683054e-03, 6.50832347e-04]]), array([[2.35010711e-03, 1.23752094e-03, 3.85416760e-02, ...,
        2.18321526e-01, 1.09751470e-03, 3.86643983e-02],
       [1.79908889e-04, 1.85805820e-02, 5.92078945e-02, ...,
        7.06450440e-02, 5.68083542e-04, 1.22931069e-01],
       [2.60911682e-05, 2.03767975e-03, 3.57584692e-02, ...,
        1.88171969e-01, 2.40535160e-03, 2.95712154e-02],
       ...,
       [5.91738433e-04, 3.79599470e-03, 1.61210050e-02, ...,
        1.91130686e-01, 2.03265210e-03, 5.95990976e-02],
       [3.40999826e-03, 1.93576243e-03, 2.18750429e-02, ...,
        8.42241464e-02, 4.28591175e-03, 9.76655140e-03],
       [9.90836825e-04, 5.32855453e-03, 3.15535333e-02, ...,
        1.71857773e-01, 7.58312665e-04, 2.48184163e-02]]), array([[0.01205378, 0.00092473, 0.04718382, ..., 0.00220731, 0.03814859,
        0.00304484],
       [0.0154838 , 0.00898443, 0.06002584, ..., 0.00055268, 0.0536729 ,
        0.00290938],
       [0.00144427, 0.0008128 , 0.00391458, ..., 0.00016485, 0.0214874 ,
        0.00117422],
       ...,
       [0.02791789, 0.00178434, 0.00887509, ..., 0.00715087, 0.00113032,
        0.01512868],
       [0.00336742, 0.00107569, 0.00010325, ..., 0.0020469 , 0.00142393,
        0.00106584],
       [0.00051599, 0.00098146, 0.06877956, ..., 0.00689915, 0.00534704,
        0.01108978]])]
Estimated R: [array([[3.83555663e-01, 7.54025297e-01, 7.55103495e-01, ...,
        5.60471705e-02, 4.32641573e-01, 9.22824683e-01],
       [1.95295960e-04, 1.78522250e-05, 3.23711939e-06, ...,
        1.00464245e-03, 2.00940351e-04, 6.55163675e-06],
       [2.04542714e-04, 1.28624148e-05, 1.09744624e-05, ...,
        1.34982734e-04, 6.32840027e-06, 1.00943356e-07],
       ...,
       [1.69599944e-03, 2.54451309e-03, 8.58649675e-03, ...,
        2.28764714e-03, 8.66416217e-03, 2.12745070e-04],
       [1.75386381e-04, 2.28029949e-05, 1.16001020e-06, ...,
        3.42911004e-04, 1.24279401e-04, 5.65100456e-06],
       [1.04778923e-03, 6.28104220e-04, 2.81560925e-03, ...,
        3.26038566e-03, 1.04897848e-03, 1.36814768e-03]]), array([[1.54855258e-01, 8.83227608e-01, 7.88487696e-01, ...,
        1.06129289e-02, 5.39636216e-02, 2.78267224e-02],
       [1.68025698e-03, 2.17300006e-06, 5.62841711e-05, ...,
        1.76996345e-03, 5.37122208e-04, 3.61204103e-05],
       [5.32865811e-04, 3.32683304e-06, 1.79900373e-05, ...,
        9.29360868e-04, 4.02975175e-05, 9.66385308e-04],
       ...,
       [2.31320358e-03, 5.69889336e-04, 7.94367564e-04, ...,
        1.97280191e-03, 1.49881337e-03, 1.52517855e-03],
       [1.00409233e-03, 3.42548609e-06, 4.34944964e-05, ...,
        3.91362708e-03, 1.70680956e-03, 3.64026953e-03],
       [7.01219315e-04, 3.12553645e-03, 1.32905054e-03, ...,
        8.95654184e-04, 2.99040217e-03, 2.36112357e-03]]), array([[3.45691154e-01, 2.38211680e-02, 4.75551092e-01, ...,
        6.85511160e-01, 3.54373374e-01, 7.38728891e-01],
       [2.27689721e-05, 1.47228541e-04, 2.50200679e-04, ...,
        3.23718011e-05, 2.04185484e-04, 4.90005858e-05],
       [1.85080142e-04, 4.23335813e-05, 1.34666242e-04, ...,
        4.45654777e-05, 8.71834014e-04, 2.56013500e-06],
       ...,
       [8.34696943e-04, 6.77815354e-03, 5.55795309e-03, ...,
        1.86146225e-03, 3.13361249e-03, 5.30456452e-04],
       [3.49778120e-04, 5.57391928e-04, 1.52259050e-04, ...,
        6.64328000e-06, 1.76047603e-05, 8.96943256e-06],
       [1.51850375e-02, 4.54001730e-03, 6.40705337e-03, ...,
        1.62642813e-02, 1.11618452e-02, 1.42706189e-02]]), array([[6.19814127e-01, 2.84062427e-01, 1.59058468e-01, ...,
        3.37566656e-01, 6.30394302e-01, 3.74612375e-01],
       [4.73315075e-06, 1.09325194e-04, 3.51116744e-03, ...,
        2.39129691e-04, 9.70381894e-05, 2.48564795e-04],
       [2.77571668e-06, 4.99117086e-04, 2.86037822e-03, ...,
        6.41061694e-04, 8.24022764e-05, 2.93216650e-05],
       ...,
       [2.40957456e-03, 1.73477996e-03, 3.90094897e-03, ...,
        4.46463699e-03, 1.15630010e-02, 2.52674888e-03],
       [2.26216429e-05, 5.81826880e-05, 2.60671648e-03, ...,
        5.61041486e-04, 2.14641629e-04, 6.70667548e-05],
       [7.81617676e-03, 5.95737167e-03, 5.55090926e-03, ...,
        1.97098543e-02, 6.25788656e-03, 3.01955554e-02]]), array([[8.62348575e-01, 1.21557370e-02, 4.45767008e-01, ...,
        7.56526707e-01, 1.99382136e-01, 3.09150026e-01],
       [4.11686349e-06, 1.22067274e-03, 1.92960795e-04, ...,
        1.76545242e-05, 1.59776801e-04, 2.04401085e-04],
       [4.17360674e-06, 2.96654323e-03, 3.26915802e-04, ...,
        4.45190731e-05, 5.74594227e-04, 7.20047004e-05],
       ...,
       [1.77370209e-03, 3.14214297e-03, 6.43489839e-03, ...,
        6.18867575e-03, 6.38877587e-03, 7.94931304e-04],
       [4.81896717e-07, 3.44817594e-04, 2.37906360e-04, ...,
        9.13386282e-06, 3.38303186e-04, 1.01165873e-04],
       [3.88490160e-03, 9.11121966e-04, 4.98839311e-03, ...,
        3.22506772e-03, 5.08775961e-02, 1.34691714e-04]]), array([[6.18821000e-01, 7.30183794e-01, 2.88393217e-01, ...,
        5.30658890e-01, 2.06944949e-01, 5.50578521e-03],
       [1.16395229e-04, 6.45595186e-05, 2.34859308e-04, ...,
        9.78008233e-05, 2.97856291e-04, 1.86652960e-03],
       [8.28851732e-05, 1.94877037e-05, 8.77141390e-04, ...,
        2.24302997e-04, 3.54741348e-04, 6.25668560e-04],
       ...,
       [2.84863436e-03, 1.58090631e-03, 3.43666348e-03, ...,
        1.94218626e-03, 7.70577631e-03, 1.07193793e-03],
       [3.69961815e-05, 3.93870460e-05, 4.54675577e-04, ...,
        8.42249867e-05, 3.63326255e-04, 2.25258123e-04],
       [1.66797247e-03, 3.15752614e-03, 3.46188626e-03, ...,
        5.84507275e-03, 1.96446620e-02, 6.67096336e-03]]), array([[4.77880616e-03, 8.08198082e-01, 7.33614815e-01, ...,
        8.42582891e-01, 2.48138874e-02, 1.11045788e-02],
       [4.86026505e-04, 5.34273548e-06, 2.89353600e-05, ...,
        7.98888449e-06, 2.57704950e-03, 1.79504320e-03],
       [5.43778438e-04, 1.03467137e-05, 2.74012167e-05, ...,
        1.31616890e-06, 3.29750468e-04, 1.35142760e-03],
       ...,
       [3.78718316e-03, 5.45390754e-03, 9.68300868e-04, ...,
        1.76042921e-04, 2.59571668e-03, 1.70088489e-03],
       [1.66854620e-03, 1.83658839e-05, 3.30895814e-06, ...,
        8.51156893e-05, 1.01893100e-03, 1.41612065e-03],
       [2.81313087e-03, 8.50028960e-04, 6.62872555e-03, ...,
        3.44395848e-03, 8.24219083e-04, 4.61920695e-04]]), array([[3.67061476e-01, 5.66337594e-01, 6.64635463e-01, ...,
        1.22031752e-01, 9.78627785e-02, 4.73149919e-02],
       [6.71384360e-05, 2.29416106e-05, 1.01265058e-04, ...,
        2.22704847e-03, 1.48412786e-03, 1.28950902e-04],
       [1.01338485e-04, 1.05528718e-04, 2.39200118e-04, ...,
        1.03202293e-03, 1.72054942e-03, 5.09926362e-04],
       ...,
       [5.58431387e-03, 2.45149326e-03, 4.75377998e-03, ...,
        8.08299604e-04, 3.76737305e-04, 1.30324997e-03],
       [2.21095125e-04, 6.10249193e-06, 2.63735314e-05, ...,
        5.83661809e-04, 1.82659901e-03, 4.99769328e-04],
       [1.00599277e-03, 2.91383656e-03, 6.88628283e-03, ...,
        3.92944853e-03, 6.14779082e-04, 2.87228694e-03]]), array([[1.83066330e-01, 5.97876187e-01, 7.59846055e-01, ...,
        8.56926333e-01, 1.96693653e-01, 7.96442796e-01],
       [5.50127024e-05, 1.27292073e-04, 3.92528867e-05, ...,
        3.79113760e-06, 3.63782289e-04, 2.78566204e-05],
       [5.48564108e-04, 3.12994867e-05, 1.79724026e-05, ...,
        2.52565997e-06, 1.63150033e-04, 1.10731291e-05],
       ...,
       [3.25242376e-03, 3.84338526e-03, 7.20422691e-04, ...,
        8.39284032e-04, 1.41965351e-03, 5.48934546e-03],
       [2.79153531e-04, 4.64908176e-05, 2.08306468e-05, ...,
        3.20858739e-06, 1.37355251e-04, 2.14657364e-05],
       [1.12761568e-02, 9.63932693e-03, 1.04867770e-02, ...,
        9.00782694e-03, 1.19685992e-02, 2.36797111e-03]]), array([[1.47671072e-01, 4.39589185e-02, 7.62780969e-01, ...,
        2.21416389e-02, 6.28057180e-01, 1.31679496e-01],
       [6.52806540e-05, 2.15513823e-03, 4.23656164e-05, ...,
        3.88460491e-04, 5.83427327e-05, 1.64867045e-03],
       [1.43799159e-03, 1.95619154e-04, 1.08433711e-04, ...,
        1.47808637e-03, 1.60113525e-04, 4.12751259e-04],
       ...,
       [2.86741644e-03, 1.28729932e-02, 2.02837736e-03, ...,
        1.40170195e-03, 4.77393446e-03, 1.64167562e-03],
       [4.85420271e-04, 1.04303042e-03, 1.38888275e-05, ...,
        3.13369895e-03, 1.11123784e-04, 1.07113058e-03],
       [1.06902329e-02, 8.19952714e-04, 2.40785228e-03, ...,
        2.65563033e-03, 8.33632203e-04, 3.42607593e-03]])]

Nmi with generated data: [0.06123519887703384, 0.05563126353301859, 0.054678550231019356, 0.05780664885678966, 0.05855515707040281, 0.0549168830581359, 0.05910747567501675, 0.053047844549627056, 0.05456957902809055, 0.06026805731986281]