Complexity increased keeping gamma very unbalanced, and increasing K (K=7)
==================================================

N (neurons): 3
K (states): 7
T (time steps): 50000
Seed: None
Number of repetitions: 10
Number of iterations: 100

Initialization of parameters for HMM:
Pi: [1 0 0 0 0 0 0]
Gamma: [[0.7  0.05 0.05 0.05 0.05 0.05 0.05]
 [0.05 0.7  0.05 0.05 0.05 0.05 0.05]
 [0.05 0.05 0.7  0.05 0.05 0.05 0.05]
 [0.05 0.05 0.05 0.7  0.05 0.05 0.05]
 [0.05 0.05 0.05 0.05 0.7  0.05 0.05]
 [0.05 0.05 0.05 0.05 0.05 0.7  0.05]
 [0.05 0.05 0.05 0.05 0.05 0.05 0.7 ]]
R: [[0.5        0.         0.5        0.         0.33333333 0.33333333
  0.33333333]
 [0.         0.5        0.5        0.         0.         0.33333333
  0.33333333]
 [0.5        0.         0.         0.5        0.33333333 0.
  0.33333333]
 [0.         0.5        0.         0.5        0.33333333 0.33333333
  0.        ]]

Generated data:
Generated firings (y): [2 3 2 0 0 3 3 1 1 3 2 2 2 1 1 1 1 1 2 2 3 2 1 0 2 0 0 0 2 1 3 3 1 2 3 1 2
 1 2 0 1 1 1 0 0 2 0 2 3 1 1 0 0 2 0 1 2 0 3 3 0 3 3 3 2 0 3 2 2 3 3 2 0 0
 1 0 1 3 1 1 0 3 3 2 1 1 1 3 2 3 0 2 2 0 0 1 1 3 1 1]... (showing first 100 entries)
Generated states (z): [0 4 4 2 6 1 1 1 1 3 4 4 3 6 6 6 6 6 6 4 4 0 2 0 0 0 0 0 0 5 5 5 6 3 3 6 6
 6 0 0 1 6 6 6 6 6 6 6 1 1 1 6 2 4 4 6 4 4 4 4 4 4 4 4 4 4 3 3 3 3 3 3 5 5
 5 5 5 5 5 5 5 5 5 3 1 1 1 3 3 3 4 4 6 6 0 1 1 4 1 1]... (showing first 100 entries)

Estimated parameters:
Estimated Pi: [array([0.21533532, 0.36929166, 0.17657756, 0.01671766, 0.10275263,
       0.06062097, 0.0587042 ]), array([0.02429214, 0.05791749, 0.03262329, 0.00116249, 0.00461114,
       0.3248866 , 0.55450684]), array([0.17819453, 0.0977438 , 0.06971316, 0.23468125, 0.05500616,
       0.29566365, 0.06899745]), array([0.06805606, 0.00942845, 0.24582074, 0.34767201, 0.13132245,
       0.01764546, 0.18005483]), array([0.22883201, 0.13685347, 0.13671395, 0.04654153, 0.14924299,
       0.06246711, 0.23934894]), array([0.24182447, 0.17759515, 0.02378399, 0.05679729, 0.23495084,
       0.12176271, 0.14328555]), array([0.11588332, 0.11495785, 0.22440396, 0.14679254, 0.26236098,
       0.06662173, 0.06897962]), array([0.27537403, 0.05864902, 0.07554953, 0.03513617, 0.00944483,
       0.31833846, 0.22750795]), array([0.0502046 , 0.04510974, 0.20900432, 0.04024448, 0.01883303,
       0.29169445, 0.34490938]), array([0.00438308, 0.28031159, 0.03015775, 0.13340795, 0.17722097,
       0.05450307, 0.32001558])]
Estimated Gamma: [array([[0.37682919, 0.30532388, 0.08814599, 0.06660508, 0.01694976,
        0.03281121, 0.11333489],
       [0.1839163 , 0.17622542, 0.20835039, 0.16876579, 0.01724269,
        0.12926368, 0.11623572],
       [0.03034038, 0.10622439, 0.25374414, 0.18279987, 0.26995684,
        0.11942544, 0.03750893],
       [0.07148031, 0.00525076, 0.01457086, 0.53414141, 0.19362986,
        0.12516358, 0.05576322],
       [0.12732503, 0.02081224, 0.12968119, 0.11141344, 0.15097428,
        0.18161174, 0.27818208],
       [0.22220651, 0.12655934, 0.02342439, 0.47170983, 0.13032   ,
        0.0012789 , 0.02450103],
       [0.18512647, 0.0922894 , 0.27600109, 0.04125   , 0.08958984,
        0.03312809, 0.2826151 ]]), array([[0.37516767, 0.0048144 , 0.16115184, 0.20761098, 0.14881974,
        0.09984599, 0.00258938],
       [0.2515519 , 0.08187814, 0.05859542, 0.16155427, 0.02477497,
        0.03638286, 0.38526242],
       [0.23204765, 0.04897514, 0.12220724, 0.12916033, 0.36021094,
        0.09560511, 0.0117936 ],
       [0.02617549, 0.02316415, 0.06540363, 0.00633569, 0.08395419,
        0.02683901, 0.76812784],
       [0.16675208, 0.08405686, 0.01254952, 0.05410994, 0.62122871,
        0.01939483, 0.04190807],
       [0.23726657, 0.37351584, 0.01596564, 0.13756149, 0.1875596 ,
        0.03950095, 0.00862991],
       [0.07101806, 0.10506901, 0.0466334 , 0.12864524, 0.05502572,
        0.22985517, 0.36375341]]), array([[0.16923773, 0.40203702, 0.16750835, 0.13380246, 0.02136495,
        0.00146627, 0.10458322],
       [0.15686988, 0.34282086, 0.01607105, 0.15442465, 0.03406412,
        0.07133986, 0.22440958],
       [0.07600513, 0.11039129, 0.17549515, 0.02256677, 0.5328198 ,
        0.064988  , 0.01773386],
       [0.1309012 , 0.00803781, 0.01706355, 0.42892912, 0.13074094,
        0.21443132, 0.06989607],
       [0.0101805 , 0.04113958, 0.04882434, 0.15838175, 0.49409497,
        0.01357476, 0.23380411],
       [0.11863818, 0.02282304, 0.09550445, 0.37694589, 0.01671105,
        0.22446421, 0.14491319],
       [0.05717184, 0.25987451, 0.08118071, 0.07866563, 0.18626646,
        0.06753222, 0.26930862]]), array([[0.16852797, 0.11701654, 0.0022974 , 0.01078585, 0.03541783,
        0.37649576, 0.28945864],
       [0.00727316, 0.04955808, 0.04922419, 0.00110316, 0.39780898,
        0.11766006, 0.37737237],
       [0.04646366, 0.01304747, 0.07146886, 0.53197217, 0.01763252,
        0.00477848, 0.31463685],
       [0.01595813, 0.04003049, 0.16430553, 0.42814305, 0.13123928,
        0.10187622, 0.11844731],
       [0.14164919, 0.04019268, 0.02705601, 0.13051659, 0.299468  ,
        0.11637828, 0.24473924],
       [0.0653701 , 0.10260797, 0.09791591, 0.3742443 , 0.09333045,
        0.06991603, 0.19661524],
       [0.26743331, 0.08403346, 0.10863159, 0.19608399, 0.03594757,
        0.14932302, 0.15854706]]), array([[0.17774261, 0.33916532, 0.02093547, 0.15203754, 0.14640426,
        0.14122116, 0.02249364],
       [0.22815501, 0.2004913 , 0.00303192, 0.39953654, 0.02487414,
        0.07795533, 0.06595575],
       [0.06011175, 0.02704232, 0.05438762, 0.05443032, 0.6782642 ,
        0.03161415, 0.09414964],
       [0.01571978, 0.24616108, 0.05691945, 0.33860038, 0.2498047 ,
        0.01123683, 0.08155779],
       [0.1428042 , 0.22803737, 0.04669042, 0.09258201, 0.26311845,
        0.04505215, 0.18171538],
       [0.04614647, 0.25376158, 0.32853438, 0.00647567, 0.35586425,
        0.0060788 , 0.00313883],
       [0.37526962, 0.3014577 , 0.05657077, 0.06232569, 0.11658722,
        0.06132728, 0.02646172]]), array([[0.00929533, 0.14682519, 0.05935436, 0.08698893, 0.04841797,
        0.36977655, 0.27934167],
       [0.02946057, 0.12797893, 0.03421199, 0.45890844, 0.00200465,
        0.2763304 , 0.07110502],
       [0.11819906, 0.15442546, 0.22299121, 0.0519743 , 0.23183001,
        0.06931488, 0.15126507],
       [0.0172429 , 0.13281736, 0.12234481, 0.2484771 , 0.08790122,
        0.08007079, 0.31114583],
       [0.18191102, 0.01632027, 0.38233105, 0.00322274, 0.15807486,
        0.17566825, 0.08247182],
       [0.30510051, 0.10953535, 0.0959762 , 0.29159472, 0.11292575,
        0.01753895, 0.06732852],
       [0.0423575 , 0.21053685, 0.04385277, 0.10363989, 0.04584094,
        0.16160611, 0.39216595]]), array([[0.21591881, 0.04533827, 0.29169143, 0.02340307, 0.02953204,
        0.21048394, 0.18363246],
       [0.28518112, 0.28175263, 0.1772073 , 0.00515026, 0.00761522,
        0.06409927, 0.1789942 ],
       [0.2108807 , 0.00267136, 0.2999685 , 0.19131475, 0.23455376,
        0.04277924, 0.01783168],
       [0.10823986, 0.00993614, 0.17344618, 0.05031415, 0.53411279,
        0.01590758, 0.1080433 ],
       [0.01518591, 0.06539355, 0.12342946, 0.61827758, 0.04229386,
        0.0243108 , 0.11110885],
       [0.25031972, 0.00119039, 0.09686543, 0.34352919, 0.04363007,
        0.0224941 , 0.24197111],
       [0.07761552, 0.02525882, 0.02346231, 0.22159808, 0.00935703,
        0.12303638, 0.51967185]]), array([[0.42492912, 0.0550504 , 0.06996575, 0.12783749, 0.08609444,
        0.14798742, 0.08813538],
       [0.00440349, 0.26709535, 0.24741392, 0.19798007, 0.15925468,
        0.02104001, 0.10281248],
       [0.15099503, 0.2330178 , 0.0565774 , 0.30345445, 0.08196343,
        0.05701964, 0.11697225],
       [0.02640204, 0.05015592, 0.23256403, 0.51467351, 0.12601091,
        0.01274083, 0.03745277],
       [0.07759605, 0.09901098, 0.26086853, 0.030388  , 0.39664101,
        0.07514731, 0.06034812],
       [0.02884866, 0.13324435, 0.02217466, 0.08254035, 0.10813595,
        0.28391055, 0.34114548],
       [0.39322408, 0.01034059, 0.08791205, 0.16899088, 0.01245961,
        0.16457532, 0.16249747]]), array([[1.85381761e-01, 7.05179077e-02, 2.41349037e-02, 1.48205727e-01,
        2.61973243e-01, 1.99465530e-01, 1.10320927e-01],
       [2.04614269e-02, 1.12334064e-01, 7.93189413e-02, 1.88498994e-01,
        1.39008951e-01, 4.18678036e-01, 4.16995869e-02],
       [8.88622125e-02, 2.26628033e-01, 3.74669599e-02, 4.53940055e-01,
        4.98281875e-02, 1.10073284e-01, 3.32012683e-02],
       [3.42641626e-02, 8.09961126e-02, 8.63663229e-02, 2.83867804e-01,
        1.55344762e-01, 2.40041875e-01, 1.19118961e-01],
       [4.88360400e-02, 1.35826882e-01, 3.57864602e-02, 4.28543723e-02,
        6.73560716e-01, 5.54888888e-02, 7.64664026e-03],
       [1.73220422e-01, 3.24700014e-04, 4.15559454e-02, 1.63971390e-02,
        7.03623377e-02, 5.28987472e-01, 1.69151984e-01],
       [1.69866108e-01, 7.61057727e-02, 1.27846971e-01, 7.14180611e-02,
        3.47961980e-02, 3.15975592e-01, 2.03991297e-01]]), array([[0.27388142, 0.01032342, 0.03099588, 0.38962946, 0.01038562,
        0.25682155, 0.02796265],
       [0.04502431, 0.5672291 , 0.03287378, 0.0230754 , 0.08427543,
        0.04223863, 0.20528335],
       [0.14917929, 0.18723639, 0.04483885, 0.07454637, 0.12421585,
        0.01851959, 0.40146367],
       [0.21684245, 0.02870867, 0.27551026, 0.05270565, 0.37856881,
        0.0309718 , 0.01669237],
       [0.09302868, 0.28953819, 0.12089377, 0.3125691 , 0.03870373,
        0.08435742, 0.06090911],
       [0.36109819, 0.00966009, 0.29788998, 0.09922413, 0.05551896,
        0.10098519, 0.07562346],
       [0.08825492, 0.15798925, 0.23341883, 0.13334016, 0.30176858,
        0.06341784, 0.02181041]])]
Estimated R: [array([[0.02618931, 0.33291832, 0.3556244 , 0.19787755, 0.34784016,
        0.13629212, 0.77574744],
       [0.17379597, 0.00153389, 0.12163236, 0.57383384, 0.1677608 ,
        0.18824559, 0.06207736],
       [0.53190997, 0.61287118, 0.32174594, 0.02267155, 0.14169672,
        0.11324807, 0.07537334],
       [0.26810475, 0.05267661, 0.2009973 , 0.20561706, 0.34270232,
        0.56221422, 0.08680187]]), array([[0.2476995 , 0.59266877, 0.17944057, 0.35674848, 0.31914709,
        0.24782805, 0.18207898],
       [0.15763631, 0.13554641, 0.3563597 , 0.07010608, 0.62140316,
        0.08750788, 0.02126547],
       [0.00582015, 0.08064928, 0.08499486, 0.13231308, 0.02756171,
        0.40585023, 0.79157664],
       [0.58884404, 0.19113554, 0.37920487, 0.44083236, 0.03188804,
        0.25881385, 0.00507892]]), array([[0.15628752, 0.52295025, 0.2776929 , 0.1275591 , 0.09579254,
        0.01942915, 0.75179447],
       [0.06244091, 0.08858908, 0.13485242, 0.0591651 , 0.76235538,
        0.0915313 , 0.17336617],
       [0.67524692, 0.28052732, 0.26982715, 0.21910162, 0.03009704,
        0.49480785, 0.07271416],
       [0.10602464, 0.10793335, 0.31762753, 0.59417417, 0.11175504,
        0.3942317 , 0.00212519]]), array([[0.53933064, 0.44242603, 0.14753114, 0.05784407, 0.58550665,
        0.29783042, 0.30362164],
       [0.39048308, 0.43281197, 0.02464868, 0.04165553, 0.28205299,
        0.46219977, 0.27319499],
       [0.02241483, 0.06934448, 0.34043971, 0.46615542, 0.1227329 ,
        0.00666191, 0.27871617],
       [0.04777145, 0.05541752, 0.48738047, 0.43434498, 0.00970747,
        0.23330789, 0.1444672 ]]), array([[0.37269156, 0.15086364, 0.79033761, 0.23586343, 0.37008006,
        0.31792939, 0.15383773],
       [0.10523614, 0.36545999, 0.01669461, 0.42434248, 0.08086186,
        0.17811123, 0.14578141],
       [0.26908872, 0.27485668, 0.08202551, 0.11195159, 0.26958656,
        0.10856507, 0.55107969],
       [0.25298358, 0.2088197 , 0.11094227, 0.2278425 , 0.27947152,
        0.39539431, 0.14930116]]), array([[0.23285718, 0.23119795, 0.19159948, 0.20426247, 0.19779686,
        0.32563369, 0.49597034],
       [0.06955751, 0.24982655, 0.24627486, 0.59330353, 0.02707741,
        0.1780706 , 0.10069777],
       [0.39685221, 0.36372636, 0.00567554, 0.13031928, 0.20968717,
        0.27196006, 0.31154234],
       [0.30073311, 0.15524914, 0.55645011, 0.07211472, 0.56543855,
        0.22433565, 0.09178955]]), array([[0.72511473, 0.54701571, 0.20238364, 0.19834477, 0.07051256,
        0.65423627, 0.19003753],
       [0.03282169, 0.33024921, 0.12191609, 0.20281543, 0.04564778,
        0.10936727, 0.70225292],
       [0.21661097, 0.11269522, 0.47661769, 0.25321529, 0.31557775,
        0.11806582, 0.03889118],
       [0.02545262, 0.01003985, 0.19908258, 0.34562451, 0.5682619 ,
        0.11833064, 0.06881837]]), array([[0.10820971, 0.64173217, 0.20300291, 0.01785763, 0.66976979,
        0.50067988, 0.2345913 ],
       [0.03562003, 0.20013749, 0.46246271, 0.40153588, 0.25897322,
        0.01084434, 0.01460052],
       [0.82885745, 0.0692972 , 0.12861999, 0.07120638, 0.02905511,
        0.33933303, 0.32737812],
       [0.0273128 , 0.08883315, 0.20591439, 0.50940012, 0.04220189,
        0.14914276, 0.42343005]]), array([[0.43067917, 0.48405253, 0.33835373, 0.52699893, 0.23916841,
        0.16243816, 0.18954553],
       [0.10365663, 0.33068442, 0.15151318, 0.15091129, 0.57961358,
        0.06197954, 0.05884051],
       [0.16918869, 0.0531957 , 0.38412377, 0.27103353, 0.01522438,
        0.31496326, 0.70790606],
       [0.29647551, 0.13206734, 0.12600931, 0.05105625, 0.16599363,
        0.46061903, 0.0437079 ]]), array([[0.46095697, 0.30490966, 0.46102866, 0.03087508, 0.00666944,
        0.70705695, 0.21455631],
       [0.50915304, 0.0252858 , 0.17027896, 0.59315809, 0.09512309,
        0.18581335, 0.04830316],
       [0.00110534, 0.62080009, 0.08111409, 0.07539789, 0.23947465,
        0.05936097, 0.40409916],
       [0.02878465, 0.04900445, 0.28757829, 0.30056893, 0.65873283,
        0.04776873, 0.33304137]])]

Total NMI: [[0.11154198792956371, 0.1130433804520248, 0.11749960619338588, 0.116284446635047, 0.11952016620821297, 0.11998245862335762, 0.12092994876725235, 0.1264572705442464, 0.1256047262190204, 0.12603652267259446, 0.1281868427306844, 0.13034820740846928, 0.13522737895021888, 0.13590191793967593, 0.1364271033936454, 0.13580316667299375, 0.1346321957222755, 0.135526382828077, 0.13748885224997132, 0.13921873303445734, 0.14193904963020787, 0.14341449534287765, 0.14276117377104425, 0.14293622382156784, 0.14379817870857983, 0.1479927571753815, 0.14750542572639916, 0.14527333886914023, 0.14690297012363088, 0.1464422778081065, 0.14666556250899337, 0.15258551641196216, 0.1513525889398055, 0.1517173371435064, 0.1520248471661802, 0.15177357075267917, 0.15183751352546743, 0.15044426829406168, 0.15463195478147593, 0.15633232742616757, 0.15787458365062865, 0.1535793803579534, 0.15607652290704413, 0.15754355132131795, 0.1589752974529431, 0.1585283389369263, 0.15754438096750015, 0.15802826658902655, 0.15526620425635929, 0.15728329776787178, 0.15772394275180399, 0.15607773160089208, 0.15968238140753704, 0.16145029076511386, 0.15932130473635978, 0.1609470017122592, 0.15920641581333111, 0.1607449771214952, 0.16124604314636348, 0.16230664486187926, 0.16121205147510742, 0.16065159078375507, 0.15970654100319687, 0.16412186389312036, 0.1618720755926359, 0.16384507652377717, 0.16053072341820135, 0.16118956594625466, 0.16356821905577767, 0.16184493444795692, 0.16318573274396803, 0.16327971508604783, 0.16371176555627628, 0.16568639157889045, 0.16637326448506431, 0.16594166910739133, 0.16969130501982124, 0.16621882365686733, 0.16299654878181066, 0.16866347296609807, 0.16970853479189746, 0.1676995944765552, 0.16432518724161266, 0.16602755749878206, 0.16670806663850093, 0.16898572686647517, 0.16852534316642764, 0.16681204248689854, 0.17002490297539716, 0.165979276220848, 0.16947830791878324, 0.1692002862974844, 0.16726020902606928, 0.16960042669384223, 0.1682965909935679, 0.17273995021801267, 0.17030195539229023, 0.170207672106026, 0.16869513452365753, 0.16992417820318223], [0.247325088926953, 0.25021003254440183, 0.2591682427283519, 0.26329235249035315, 0.26427035233315976, 0.26474947168014284, 0.2664104185193054, 0.265804923974302, 0.2690794810079706, 0.2703859174489253, 0.2693410864221818, 0.2743278725184375, 0.2715410552967931, 0.27239362393035205, 0.27577406196825466, 0.2714992948190216, 0.2737347576993004, 0.2699467085587979, 0.27066636785351567, 0.27053177244065935, 0.2691178126997898, 0.27436037091824145, 0.2747459250785635, 0.2778513276373752, 0.2756871485109293, 0.2769559783804576, 0.2816699679322769, 0.27751435169552013, 0.28046244137972454, 0.2756978664189888, 0.27943069323142006, 0.27746348791347397, 0.27700557789571245, 0.28108684676640533, 0.280410687741225, 0.28228348244174656, 0.27748471879362163, 0.27993602652466537, 0.27683984159660463, 0.2780389305046176, 0.2784057078894288, 0.2813959442534215, 0.28246249569338605, 0.27856997567387454, 0.2794162918275887, 0.28040310548015557, 0.2810616812030264, 0.282166183477998, 0.28045482880352374, 0.279436356858782, 0.281024839986187, 0.28427151847094795, 0.2796431134799073, 0.28254917064646745, 0.2837059254163792, 0.28309780151180813, 0.28474395692665505, 0.2868576063883866, 0.2813390796735466, 0.2817933895265042, 0.28221032821360437, 0.27903875343433177, 0.28165035690236123, 0.28351562639921996, 0.2814349608906147, 0.2831035419525218, 0.282461203634319, 0.28441068869936886, 0.2849439419627367, 0.28623294136347943, 0.28605532963708685, 0.2832693160167273, 0.2811531170786331, 0.28462190694714157, 0.28352358363846153, 0.28249126512929795, 0.28346503505102755, 0.28532076535436796, 0.2892337621370451, 0.28175518435588665, 0.2860548863246791, 0.2858344159299773, 0.28540240605031136, 0.286715399309779, 0.28750892139437473, 0.2789534896273572, 0.28626362800675026, 0.287275552109825, 0.2864510912035658, 0.28343326440143396, 0.2847374430046647, 0.28727293543572013, 0.28726780575734934, 0.2847827365726649, 0.28752826024017736, 0.28303571041711584, 0.2865529304069334, 0.2874792477970133, 0.2894657165616324, 0.29091935008518505], [0.1342441974250899, 0.1458139525420061, 0.1499663434375197, 0.15753462197841164, 0.1598738752599071, 0.16519947888260983, 0.16610524940878593, 0.16802969040952284, 0.17267261603063033, 0.17475928456933443, 0.17236841444313167, 0.17740198181437328, 0.17966477214097032, 0.1776618202644674, 0.17835641417163037, 0.18110359186762787, 0.18132808457595653, 0.18296938435780272, 0.18557584188029658, 0.18412147177846133, 0.18805857635938744, 0.18746165586709732, 0.18631667052122905, 0.18929007147796548, 0.18659616660927453, 0.18836137438370162, 0.1900986778939889, 0.18962712310830865, 0.18819313772137108, 0.19032061817743026, 0.1908355082397723, 0.19464967838950947, 0.19477200930889238, 0.19483754881138776, 0.19761472146159814, 0.19345075017555258, 0.19276273535791086, 0.19656114211170936, 0.19477641581465385, 0.1951397812150035, 0.19751203144203777, 0.19856258413534772, 0.20001607883824207, 0.19932247271947365, 0.1993428338257596, 0.19866425275759741, 0.19512294399672217, 0.198984345091764, 0.20213623117856444, 0.20296495777858564, 0.2021547857201968, 0.19916444186299742, 0.20066670340473777, 0.19914315867265237, 0.19984524628845993, 0.2012429631331895, 0.20191607176556084, 0.2049148536787841, 0.20100614439965592, 0.2030438310975428, 0.2036714672616127, 0.20568748470024367, 0.20844211751257669, 0.20997385612790845, 0.2054869702471241, 0.20380465536195913, 0.2052319159067536, 0.20879397902204352, 0.20285405972238252, 0.2008228005524585, 0.20568491410061593, 0.20482585292725963, 0.20696119087170362, 0.21012339196433433, 0.20561728986941413, 0.20767408971368928, 0.20370170688995257, 0.204640883628951, 0.20843088747532668, 0.2079230463531551, 0.20623476860930287, 0.2060162738491999, 0.2062643050146931, 0.2081830440650655, 0.2085694727698961, 0.21264626204703838, 0.20718592454986728, 0.21158750374931506, 0.2094109388527611, 0.21402938096966154, 0.21141248607729068, 0.2095561863963921, 0.20873272511930901, 0.21418504590810455, 0.20948931205928212, 0.20835107699108463, 0.21355208773922552, 0.2117617791282283, 0.20950637011313616, 0.21221150791506793], [0.09837735052072774, 0.10213817122993721, 0.10384215427933616, 0.10651737358277931, 0.11177319362072588, 0.11400174134721716, 0.1143642652910336, 0.1163074670823188, 0.11900938515854387, 0.11897809779799694, 0.1158258251818285, 0.11987378185503328, 0.11897446931501832, 0.11903630270017902, 0.1219483484444208, 0.1206186803960652, 0.12318285904001605, 0.12146512008521201, 0.12579932705403915, 0.12429343133465588, 0.1257376832443885, 0.12696043677354693, 0.12687952308233016, 0.12753966129627659, 0.1286775721806856, 0.12480072394748865, 0.12819995757053843, 0.12803022953940993, 0.12760209243570603, 0.13094380068784267, 0.13033232186881785, 0.128873117350268, 0.13091984136428278, 0.13151863263060648, 0.13023383435935634, 0.12848227007266066, 0.12766185266781654, 0.1319431863799228, 0.1353495745469127, 0.1318828959703251, 0.12877836598843131, 0.1331676886875672, 0.12893985156557883, 0.13132638785593595, 0.13227391834098592, 0.13433596048017074, 0.1334898079625879, 0.13509378937941086, 0.13537609887482777, 0.13448135207879036, 0.1338020018877365, 0.1322263665686675, 0.13212921027483096, 0.13444381376387202, 0.13383274042804408, 0.13128212916158338, 0.13236564412206153, 0.13174649594234283, 0.1335461657680951, 0.13632676588510464, 0.13341956025673501, 0.13492983101917086, 0.13603255689022162, 0.1331010642879026, 0.13075734778439227, 0.13392158413351032, 0.13653280259357842, 0.1345206585561274, 0.1355868085103245, 0.13530810558841488, 0.13584809187671784, 0.13690004612491588, 0.1409653074421114, 0.1362077809135498, 0.1402237515139154, 0.13815756048197048, 0.13687982991595965, 0.14074150037341185, 0.13743545296786247, 0.13605166466881044, 0.13721328650299533, 0.13829653493439523, 0.13571413417951045, 0.13889839130211937, 0.13733212678068252, 0.13737796597544574, 0.13728395718673658, 0.13882136088729086, 0.1408999035369311, 0.14141406033332454, 0.14113727151441877, 0.1376651997427096, 0.13962927995150884, 0.1399501747641763, 0.13642004129138594, 0.1365801339213287, 0.13629132778882327, 0.1382718888188254, 0.14028433731855605, 0.14105388258138232], [0.08515944076326619, 0.08036976545887481, 0.08101351588298704, 0.08223954800310884, 0.0812431355924647, 0.0766707174502836, 0.07682629233525895, 0.0793213892218298, 0.07719488872269202, 0.07806827699725369, 0.07657623887029692, 0.07777699443334261, 0.07452303109936634, 0.07734712845280221, 0.07901854418236616, 0.07605884017947576, 0.07514487342551107, 0.07444986727165435, 0.0775668524908705, 0.08044378585387851, 0.07984824257406546, 0.0773392567948433, 0.07664002670412719, 0.07905302162210973, 0.0796263608896679, 0.07815768408359258, 0.07810030563051408, 0.07658620469053408, 0.07710533458832752, 0.07843397891162887, 0.0762315078221587, 0.07816288830300265, 0.0768277097110971, 0.07577668205403014, 0.07811872268157963, 0.07931892427771091, 0.07807747285977545, 0.07846339976978821, 0.07802595122337419, 0.07656390057189331, 0.07721799068540024, 0.07783623946107875, 0.07701450342067641, 0.07988345613921435, 0.07952415018638083, 0.07761590820750533, 0.07709764757222075, 0.07757100830191971, 0.07618524312000995, 0.07832382902028463, 0.07985051201456109, 0.07813566757179186, 0.0768719064619527, 0.08003046483034817, 0.07918595128558793, 0.07783733407019297, 0.07915624559667461, 0.07862508574039202, 0.07862900586260968, 0.07793332693328014, 0.07885684021976327, 0.07802450350213737, 0.07675160899756799, 0.07905092693368186, 0.07947548472509343, 0.07888673765624069, 0.07744761892246435, 0.07950917238686389, 0.07761307412350257, 0.0792685883671967, 0.07953263943805507, 0.0787553515405526, 0.07703930925005428, 0.07746051700032865, 0.07822410737759004, 0.07995534881684717, 0.0791537819148267, 0.07861457915945218, 0.07902808462282425, 0.0786189499948599, 0.07650963512862118, 0.0791925227497324, 0.07942786410333237, 0.07954325707499002, 0.07946935747072165, 0.07938570626138042, 0.08019858362565807, 0.07969515030238475, 0.0805206206983701, 0.08004390965827578, 0.0824827081899047, 0.07984683306324696, 0.07779462626355586, 0.077538482073971, 0.07916366867830694, 0.08303246786922278, 0.08107361927144667, 0.08237270681925338, 0.08211052725782274, 0.08061772768938996], [0.09408541321658592, 0.09161544729893177, 0.09382624100539644, 0.09092824222400912, 0.09105444953347326, 0.09212795608595374, 0.09149682982749388, 0.09300603135074298, 0.09324434264669368, 0.0892116779246577, 0.09411638526032057, 0.09570843127880914, 0.09531485054369222, 0.09292273945878214, 0.09185184831610976, 0.09339395385615164, 0.09443914962324723, 0.09612101819879115, 0.09622563063057737, 0.09366355048291093, 0.09934174842968438, 0.09514415293714773, 0.09618445472614635, 0.09730092561228287, 0.09825956253311144, 0.0953524089221097, 0.09976899564199662, 0.09776521376937655, 0.09584456695312936, 0.09788636126167011, 0.09827199510709334, 0.09877174618931839, 0.10052649091518245, 0.10021732147059265, 0.09903746346230086, 0.1013306818062858, 0.1014674065969647, 0.10101057612940184, 0.10068349041409662, 0.10179038185026766, 0.09944824270023797, 0.09903812130917607, 0.09988373288294554, 0.10130288971940679, 0.10147539696799814, 0.10119985532845711, 0.10466268144085092, 0.10260365101359235, 0.1028204681761719, 0.10338165600684468, 0.10539710581032384, 0.10038206218624161, 0.10457343254713762, 0.10360674777750994, 0.10422081004746282, 0.10679815756991268, 0.10385464172824951, 0.10052587487373205, 0.10208467814888278, 0.10300954710049441, 0.10476424741415273, 0.10658692234156109, 0.10426649489944505, 0.10770471155733091, 0.105158817184967, 0.10483257151264758, 0.10616463393275424, 0.1060546489601712, 0.10682389921684911, 0.10745737165618845, 0.10747205473808923, 0.10476699371141605, 0.10680503815711463, 0.10452345124936348, 0.10765139230915159, 0.10769967049184932, 0.1081638690014568, 0.1080021093132822, 0.10792122248604012, 0.10783946150305021, 0.10967090465490764, 0.10359328781419659, 0.10840586735237889, 0.11075356895106342, 0.11187219409249204, 0.11053356360892627, 0.11142173190306735, 0.10881924342356264, 0.10627491242398106, 0.10947942488890264, 0.10781744377409083, 0.11097496510604188, 0.11174228737534643, 0.10964014516484817, 0.1077593013052812, 0.11005978909024952, 0.11203818792280514, 0.11119716973632694, 0.11123416714030626, 0.11137804103532656], [0.15830135352505723, 0.17079267663268602, 0.1768628278670212, 0.18282907572285007, 0.18668376500595657, 0.18927976952323972, 0.19009871595820801, 0.19469577686404727, 0.19518399352079827, 0.19686833296900028, 0.19751325987886326, 0.20304336931588118, 0.2040178892335559, 0.20195187976022527, 0.20360276235464914, 0.20759743582987286, 0.21003673858925104, 0.20763382604466404, 0.20759585938008301, 0.21126646358018264, 0.2116557232381653, 0.2096432782530544, 0.20940562473709223, 0.20973690081801824, 0.21090875919137309, 0.2182430877535962, 0.2130933200286776, 0.215051192075561, 0.21147389289373592, 0.21541983762122682, 0.21686605064450612, 0.22104727262012447, 0.21753285003381284, 0.22249230895875863, 0.2211767739559656, 0.2202513757529047, 0.21931923747062784, 0.21768056267647076, 0.22210991642657038, 0.2234926707204307, 0.22547658969287943, 0.2212883699523699, 0.22372595482192015, 0.22958201969530884, 0.230285234350082, 0.22639137320748168, 0.22660071437888127, 0.22918284132690567, 0.22677138359259785, 0.22413940163620982, 0.22811789103201305, 0.22734165370934645, 0.22974976643866404, 0.23129911152649565, 0.23303176243963822, 0.23054941301727244, 0.2317692752730466, 0.23298708538946244, 0.23339709216885943, 0.23387842851191093, 0.2330131361168439, 0.23256940857301744, 0.23388664815617038, 0.23237381454258726, 0.23157021465639369, 0.23415913694016388, 0.23405261117001522, 0.23420513747882332, 0.23334901060871271, 0.23372617239214943, 0.2290318574131901, 0.2337285476150657, 0.23558910812120584, 0.23586744181847252, 0.23620032939784377, 0.2315803990765145, 0.23695780542605221, 0.2393543340220346, 0.2349315734091203, 0.23359044766014098, 0.23764989358466623, 0.23823105721295718, 0.23422677680969226, 0.23662114309218413, 0.24269988002913892, 0.23771880061114745, 0.2358394190770219, 0.23996367511931652, 0.2411237650622814, 0.23873590147838222, 0.2396665128643578, 0.23911407404220886, 0.24080002055171051, 0.24341849731156834, 0.24189910071362242, 0.2426612399399543, 0.24142225740901002, 0.23748948640140077, 0.2394239363898229, 0.23929489978177193], [0.13092354455960797, 0.14328974418500057, 0.14433541480869486, 0.1513840730488827, 0.15581281562993174, 0.1552844788934713, 0.1590905663933681, 0.16149224433370443, 0.1625799805657245, 0.16566513990676873, 0.17253348408132108, 0.1720885093308772, 0.17497065167104758, 0.17567772560265307, 0.17409987025608742, 0.17609992316593576, 0.17600977805307394, 0.17884504368189935, 0.17423771200347826, 0.1802487367320696, 0.18119358066412083, 0.17955241449829212, 0.17769528811567303, 0.1835787702975868, 0.18725041565129383, 0.18212161686036973, 0.18578220713992918, 0.18410226105922858, 0.18433914428464696, 0.18685256931301406, 0.1862028391750443, 0.1849594614279358, 0.1866809907834813, 0.1871481248506265, 0.19151963124600144, 0.1886264519257853, 0.18996532188245738, 0.19091739439265593, 0.19091726073094167, 0.19169675055869528, 0.1935906504147836, 0.19267357225121398, 0.19416062065238388, 0.19242692019885732, 0.19264204276552543, 0.18898584237128357, 0.18929790939455982, 0.19388934940103747, 0.19277077423668473, 0.1956245015847358, 0.19560415216216176, 0.19813145102888388, 0.19615180041054267, 0.1948533422199567, 0.19788023314960612, 0.19830963994354472, 0.19948231945323772, 0.1955298199896172, 0.19750177698071028, 0.19508215616980012, 0.19632132969835694, 0.20029887088058634, 0.19790661308538074, 0.20117057771523836, 0.19888512527441546, 0.1984590618950927, 0.20121845746079908, 0.199915247672966, 0.19645238894767972, 0.19962231555763282, 0.1970227509431125, 0.19865354843856356, 0.1981465251024678, 0.20046550109321365, 0.20162297334110885, 0.20253241296438435, 0.20233739254292635, 0.201769381775365, 0.20281208316013674, 0.20210000899403818, 0.2017824412069003, 0.2054990319284415, 0.19916492032239175, 0.19917516381584277, 0.1988816024025073, 0.20028614473690406, 0.19916253800551847, 0.2001413345403847, 0.20055083821570205, 0.20378584394976082, 0.20170655909194085, 0.19942248104692423, 0.20156658619811818, 0.20226368103848555, 0.20426796724528407, 0.2028410483716791, 0.2018071160009765, 0.20034303138602802, 0.20359541901244627, 0.20333741745179976], [0.11743312263357969, 0.12935199476779533, 0.13545334303642123, 0.14210278062140186, 0.1438621130262429, 0.15160553574704094, 0.1542793432108968, 0.15404895632479695, 0.15948127094069317, 0.16179546895387345, 0.1628200039927276, 0.1646493925761521, 0.16306205284921077, 0.1623586832877995, 0.16181368286183087, 0.1648062536457373, 0.16859868411461917, 0.17128813509110224, 0.17080407856358956, 0.17132078593436068, 0.17360468825878003, 0.17561552497409696, 0.17364575428343101, 0.17486202758096092, 0.17453940344691474, 0.17879597290802285, 0.1770835886906358, 0.17519453561135717, 0.17347470099631548, 0.17634824609837138, 0.17491993938652894, 0.17888039742300868, 0.17861849137493296, 0.17677117656389144, 0.17867971566316382, 0.17977982969830722, 0.1812118580263685, 0.18076326526956074, 0.18446208191084962, 0.18333806628589225, 0.18252005672272473, 0.18573896734976297, 0.18387573270991556, 0.1818719889496707, 0.18444235140334128, 0.18641615205291473, 0.18651020884301087, 0.18440903816311513, 0.18180141859298418, 0.18270955925847562, 0.18223580262733266, 0.18276578964738396, 0.18590385514364996, 0.18589864546313395, 0.18865508653416388, 0.1850593475173593, 0.18505894821647137, 0.19066326688019256, 0.18744659657842083, 0.1864894913958416, 0.1817764948737175, 0.18678063787434818, 0.1913515453133796, 0.18800657867865989, 0.1837413673801807, 0.18910297663004252, 0.18887682143970513, 0.18848853864105197, 0.19105028662626172, 0.19034530890573748, 0.19198819660309277, 0.18957047032907454, 0.1934188339605572, 0.18790848211280856, 0.1945152812550877, 0.19663150905185092, 0.19212631545702982, 0.18929581480404278, 0.19310737330334107, 0.19386089560458789, 0.1936180973166206, 0.18965054457769778, 0.18739868414411043, 0.1895009550757167, 0.19104524203333617, 0.19161311558363686, 0.19548719603751136, 0.19386467772548685, 0.19444139242479366, 0.1960367707951882, 0.1965722923617293, 0.1942160442989355, 0.1896980877994172, 0.19444144857254378, 0.19370210375881552, 0.1974630166847485, 0.19605349082275317, 0.19513949705344202, 0.19513965219855703, 0.19494237163202782], [0.19714574675364172, 0.20755695849116576, 0.21535613048047642, 0.21743429230181777, 0.21356331710498586, 0.21560781366367643, 0.22126316104523192, 0.22424945273641794, 0.22570228385236452, 0.22591666459273216, 0.23261232107341506, 0.23029329419729594, 0.23240712649547768, 0.2343336686536422, 0.23475416871359084, 0.23246097667946503, 0.2338141103095009, 0.23152281916525708, 0.2350875016915615, 0.23963230072276145, 0.2351162885507801, 0.23661029432363223, 0.23258327518332084, 0.2395027670969006, 0.24101011128402108, 0.2429497246319454, 0.24104763226634143, 0.23725705922805798, 0.24096973313547068, 0.24380474558542659, 0.24335489758560339, 0.240884445815637, 0.24514852689662112, 0.24493697484888768, 0.24367590651796917, 0.24543522806846518, 0.2451711725103193, 0.24149299070011176, 0.24361929683738356, 0.23909805509261342, 0.24194707335367677, 0.2494910699584039, 0.24361773306953155, 0.24656502920429596, 0.2507591329068584, 0.24571496015469682, 0.24309245586477649, 0.2494289530047229, 0.24948607931798256, 0.24873543575137577, 0.24572008636790685, 0.2471287652378344, 0.24637184464169623, 0.246893778590223, 0.24536804559897568, 0.25035794907842135, 0.24817443186609411, 0.2523905578968001, 0.24782427961601997, 0.24604107369790035, 0.24699180510315635, 0.25052457626189567, 0.25185923470584715, 0.2522951836220664, 0.2520746250858059, 0.2561528073773237, 0.25209976424047437, 0.2554974218091549, 0.25200466481546013, 0.2527997582142991, 0.2559184934395394, 0.25504859981719563, 0.24941222447762665, 0.25180808913506225, 0.25447838386061433, 0.2567150477790576, 0.25684313384697277, 0.2522501924765887, 0.2537853816478423, 0.2565483211764841, 0.2526821681187288, 0.2582029431961492, 0.2572065814780027, 0.25542897775521295, 0.2508715627431401, 0.2531361105130086, 0.25514917018956623, 0.2549345900643183, 0.25254703952157825, 0.2503038629181653, 0.25018251295015026, 0.2578763787325368, 0.2548453893801106, 0.25561479675657117, 0.25393714893068053, 0.25535273142644765, 0.2548616371324629, 0.25672524503754907, 0.249363824560521, 0.25073448014539135]]
Total Percentage: [[39.688, 39.757999999999996, 40.150000000000006, 39.854, 40.262, 40.024, 40.2, 40.836, 40.602, 40.534, 40.827999999999996, 40.910000000000004, 41.574, 41.512, 41.648, 41.589999999999996, 41.348, 41.416, 41.738, 41.936, 42.116, 42.184, 42.16, 42.124, 42.154, 42.562, 42.636, 42.332, 42.58, 42.466, 42.756, 43.072, 42.902, 43.102000000000004, 43.072, 43.169999999999995, 42.602000000000004, 42.724000000000004, 43.278, 43.612, 43.541999999999994, 43.064, 43.428, 43.482, 43.8, 43.576, 43.448, 43.556, 43.198, 43.616, 43.338, 43.388, 43.547999999999995, 43.675999999999995, 43.646, 43.558, 43.618, 43.572, 43.79, 43.982, 43.794, 43.675999999999995, 43.524, 44.128, 43.647999999999996, 44.080000000000005, 43.806, 43.736000000000004, 43.912, 43.730000000000004, 44.018, 44.041999999999994, 43.876, 44.044, 44.296, 44.194, 44.407999999999994, 44.266, 43.822, 44.428, 44.698, 44.4, 44.15, 44.028, 43.968, 44.544, 44.51, 44.153999999999996, 44.488, 44.138, 44.6, 44.54, 44.362, 44.66, 44.448, 44.766, 44.546, 44.656, 44.42, 44.68], [54.02, 54.166000000000004, 54.964, 55.322, 55.324, 55.262, 55.67999999999999, 55.645999999999994, 55.936, 55.996, 55.938, 56.230000000000004, 56.202, 56.418, 56.24400000000001, 56.035999999999994, 56.056, 55.898, 55.93, 56.04, 55.946, 56.376000000000005, 56.374, 56.757999999999996, 56.635999999999996, 56.666000000000004, 56.94200000000001, 56.833999999999996, 56.940000000000005, 56.374, 56.774, 56.644000000000005, 56.58800000000001, 56.976000000000006, 56.848, 57.152, 56.74400000000001, 57.010000000000005, 56.68, 56.848, 56.93, 56.96, 57.001999999999995, 56.874, 56.838, 56.946, 56.974000000000004, 57.036, 56.94200000000001, 56.804, 57.077999999999996, 57.242000000000004, 56.922, 57.218, 57.372, 57.114, 57.343999999999994, 57.467999999999996, 57.023999999999994, 57.006, 57.05, 56.894, 57.062000000000005, 57.355999999999995, 57.04, 57.182, 57.147999999999996, 57.384, 57.278, 57.489999999999995, 57.432, 57.072, 56.95, 57.352000000000004, 57.284, 57.214, 57.196000000000005, 57.257999999999996, 57.676, 56.98, 57.372, 57.396, 57.426, 57.724, 57.51199999999999, 56.818000000000005, 57.498000000000005, 57.508, 57.403999999999996, 57.314, 57.364000000000004, 57.45400000000001, 57.516, 57.455999999999996, 57.57600000000001, 57.298, 57.556, 57.804, 57.74399999999999, 57.652], [41.436, 42.396, 42.648, 43.431999999999995, 43.534, 43.972, 43.882, 44.116, 44.524, 44.897999999999996, 44.778, 45.042, 45.352, 45.012, 45.257999999999996, 45.308, 45.438, 45.524, 45.692, 45.644, 45.848, 45.914, 45.812000000000005, 45.93, 45.976, 46.098, 45.85, 46.106, 46.024, 46.211999999999996, 46.217999999999996, 46.406, 46.438, 46.379999999999995, 46.611999999999995, 46.352, 46.436, 46.51, 46.489999999999995, 46.454, 46.424, 46.7, 46.961999999999996, 46.878, 46.804, 46.736, 46.302, 46.7, 47.04, 47.208, 47.03, 46.902, 46.726, 46.96, 46.82, 47.166000000000004, 47.12, 47.23, 46.855999999999995, 47.138000000000005, 47.082, 47.514, 47.42, 47.602, 47.312, 47.160000000000004, 47.124, 47.82, 47.205999999999996, 46.898, 47.264, 47.336, 47.27, 47.614000000000004, 47.364, 47.564, 47.254000000000005, 47.174, 47.512, 47.348, 47.252, 47.392, 47.516000000000005, 47.398, 47.467999999999996, 47.96, 47.355999999999995, 47.564, 47.583999999999996, 47.949999999999996, 47.528, 47.574, 47.554, 47.862, 47.542, 47.606, 48.108000000000004, 47.910000000000004, 47.699999999999996, 47.99], [38.486, 38.338, 38.534, 38.754, 38.918, 39.304, 38.966, 39.146, 39.504, 39.334, 38.746, 39.414, 39.312000000000005, 39.282000000000004, 39.23, 39.334, 39.608, 39.367999999999995, 39.846, 39.544000000000004, 39.356, 39.666000000000004, 39.692, 39.644, 39.972, 39.606, 39.73, 39.888, 39.646, 40.134, 40.04, 39.93, 39.908, 40.038000000000004, 39.964, 39.778000000000006, 39.352, 40.136, 40.564, 39.958, 39.668, 40.276, 39.588, 39.926, 39.922000000000004, 40.245999999999995, 40.211999999999996, 40.278000000000006, 40.239999999999995, 39.757999999999996, 40.068, 39.952, 39.882, 40.064, 40.044000000000004, 40.022000000000006, 40.126, 39.79, 40.144000000000005, 40.038000000000004, 39.69, 40.138, 40.256, 39.916000000000004, 39.906000000000006, 40.08, 40.314, 39.906000000000006, 40.06, 39.852, 40.07, 40.23, 40.666000000000004, 40.217999999999996, 40.644000000000005, 40.558, 40.414, 40.736, 40.495999999999995, 40.254, 40.410000000000004, 40.506, 40.036, 40.574, 40.428, 40.65, 40.268, 40.448, 40.8, 40.624, 41.048, 40.400000000000006, 40.518, 40.668, 40.314, 40.25, 40.28, 40.372, 40.676, 40.498], [36.824, 36.212, 36.332, 36.480000000000004, 36.25, 35.536, 35.682, 36.104, 36.014, 36.164, 35.896, 36.104, 35.538, 35.980000000000004, 36.134, 36.114000000000004, 35.827999999999996, 35.686, 36.048, 36.596000000000004, 36.414, 36.11, 35.814, 36.398, 36.364000000000004, 36.294, 36.262, 35.92, 36.176, 36.394, 35.980000000000004, 36.244, 36.22, 35.809999999999995, 36.102000000000004, 36.354, 36.120000000000005, 36.318, 36.094, 36.168, 36.018, 36.1, 36.303999999999995, 36.332, 36.256, 36.14, 36.308, 36.146, 36.098, 36.142, 36.452, 36.53, 35.964, 36.512, 36.434, 36.216, 36.366, 36.424, 36.386, 36.28, 36.476, 36.193999999999996, 36.065999999999995, 36.436, 36.358000000000004, 36.248000000000005, 35.854, 36.414, 36.443999999999996, 36.472, 36.562, 36.370000000000005, 35.94, 36.058, 36.338, 36.57, 36.326, 36.118, 36.25, 36.394, 36.086, 36.564, 36.314, 36.256, 36.358000000000004, 36.318, 36.716, 36.348, 36.382, 36.36, 36.672, 36.478, 36.208, 36.187999999999995, 36.136, 36.818, 36.498000000000005, 36.91, 36.824, 36.47], [37.344, 37.146, 37.25, 36.982, 37.066, 37.146, 36.903999999999996, 37.15, 37.118, 36.44, 37.104, 37.534, 37.284, 37.072, 36.808, 37.068, 37.126, 37.3, 37.436, 36.972, 37.519999999999996, 37.102000000000004, 37.328, 37.57, 37.62, 37.26, 37.828, 37.518, 37.224000000000004, 37.544, 37.519999999999996, 37.568, 37.822, 37.78, 37.684, 37.903999999999996, 37.974000000000004, 37.926, 37.96, 37.934, 37.658, 37.614, 37.804, 37.836, 37.758, 37.885999999999996, 38.14, 37.97, 38.064, 38.080000000000005, 38.318000000000005, 37.54, 38.403999999999996, 38.019999999999996, 38.278, 38.488, 38.236, 37.574000000000005, 37.91, 37.876, 38.328, 38.384, 38.242, 38.668, 38.454, 38.204, 38.45, 38.412, 38.428000000000004, 38.468, 38.544, 38.18, 38.414, 38.196000000000005, 38.440000000000005, 38.5, 38.352000000000004, 38.418, 38.4, 38.594, 38.854, 38.007999999999996, 38.652, 39.084, 39.082, 39.013999999999996, 38.96, 38.638, 38.36, 38.61, 38.604, 38.948, 38.903999999999996, 38.902, 38.46, 38.834, 39.268, 39.007999999999996, 38.828, 39.028], [46.846, 48.094, 48.51, 49.044, 49.32, 49.81, 49.58, 50.153999999999996, 50.244, 50.304, 50.352, 50.798, 51.080000000000005, 50.79, 50.836000000000006, 51.193999999999996, 51.24999999999999, 50.938, 51.098, 51.617999999999995, 51.532, 51.31, 51.536, 51.392, 51.432, 52.176, 51.526, 51.822, 51.495999999999995, 51.94, 51.970000000000006, 52.334, 52.09, 52.48199999999999, 52.254, 52.224000000000004, 52.052, 51.89, 52.425999999999995, 52.574, 52.48199999999999, 52.215999999999994, 52.324000000000005, 53.083999999999996, 53.024, 52.903999999999996, 52.808, 53.04600000000001, 52.646, 52.559999999999995, 52.798, 52.776, 53.096, 53.142, 53.37, 53.124, 53.239999999999995, 53.354, 53.384, 53.444, 53.386, 53.098, 53.300000000000004, 53.33, 53.198, 53.461999999999996, 53.272, 53.274, 53.21, 53.144000000000005, 52.910000000000004, 53.466, 53.434000000000005, 53.488, 53.769999999999996, 53.303999999999995, 53.738, 53.874, 53.55799999999999, 53.396, 53.535999999999994, 53.698, 53.581999999999994, 53.634, 54.25, 53.693999999999996, 53.564, 54.164, 53.94799999999999, 53.891999999999996, 54.038, 53.92, 54.1, 54.26800000000001, 54.09, 54.096, 53.836, 53.620000000000005, 53.954, 53.796], [41.574, 42.698, 42.896, 43.45, 43.752, 43.582, 43.97, 44.226, 44.294, 44.407999999999994, 45.356, 45.141999999999996, 45.34, 45.34, 45.098, 45.588, 45.418, 45.698, 44.974, 45.606, 45.772, 45.46, 45.402, 45.992, 46.286, 45.61, 46.088, 45.958, 45.858, 46.2, 46.058, 45.898, 46.066, 46.196, 46.656, 46.232, 46.176, 46.738, 46.48, 46.598, 46.705999999999996, 46.71, 46.926, 46.467999999999996, 46.638000000000005, 46.316, 46.328, 46.726, 46.588, 46.961999999999996, 46.7, 47.202, 46.938, 46.739999999999995, 46.896, 47.006, 47.256, 46.818, 47.028, 46.739999999999995, 46.983999999999995, 47.296, 46.96, 47.296, 46.946, 47.056, 47.308, 47.27, 46.802, 47.314, 46.882000000000005, 46.88, 46.972, 46.988, 47.274, 47.294000000000004, 47.414, 47.339999999999996, 47.414, 47.436, 47.336, 47.760000000000005, 47.096, 47.03, 47.128, 47.104, 46.886, 46.948, 46.93, 47.404, 47.178, 46.952, 47.292, 47.412, 47.246, 47.184, 47.278, 47.06, 47.392, 47.39], [40.982, 42.455999999999996, 42.618, 43.61, 43.51, 44.29, 44.746, 44.696000000000005, 45.34, 45.32, 45.696, 45.89, 45.492, 45.454, 45.647999999999996, 45.763999999999996, 46.228, 46.43, 46.412, 46.518, 46.726, 46.78, 46.652, 46.682, 46.832, 47.146, 46.928, 46.744, 46.522000000000006, 46.948, 46.839999999999996, 47.089999999999996, 47.144000000000005, 46.906, 47.370000000000005, 47.216, 47.674, 47.366, 47.626000000000005, 47.566, 47.4, 47.832, 47.721999999999994, 47.58, 47.786, 47.864000000000004, 47.906, 47.764, 47.476, 47.815999999999995, 47.428, 47.526, 48.089999999999996, 47.848, 47.81, 47.852, 47.726, 48.162, 48.168, 48.03, 47.449999999999996, 47.77, 48.43, 47.89, 47.628, 48.036, 48.315999999999995, 48.286, 48.352000000000004, 48.25, 48.498000000000005, 48.29, 48.622, 48.122, 48.672, 48.89, 48.35, 48.302, 48.61, 48.568, 48.602000000000004, 48.132000000000005, 47.982, 48.08, 47.943999999999996, 48.514, 48.956, 48.752, 48.744, 48.946, 48.742000000000004, 48.638, 48.211999999999996, 48.526, 48.58, 48.93, 49.024, 48.778, 48.437999999999995, 48.738], [49.256, 50.03999999999999, 50.788, 51.028, 50.452, 50.666, 51.132, 51.397999999999996, 51.446000000000005, 51.54, 51.892, 51.89, 51.906, 52.128, 52.132, 51.812000000000005, 52.164, 51.717999999999996, 52.15, 52.547999999999995, 52.148, 52.31400000000001, 51.844, 52.412000000000006, 52.51, 52.803999999999995, 52.494, 52.224000000000004, 52.727999999999994, 52.790000000000006, 52.93600000000001, 52.48199999999999, 52.998, 52.992, 52.818, 52.925999999999995, 52.844, 52.538, 52.734, 52.31, 52.634, 53.268, 52.861999999999995, 53.008, 53.376000000000005, 52.910000000000004, 52.70399999999999, 53.324000000000005, 53.217999999999996, 53.018, 52.986, 52.998, 52.91400000000001, 52.94, 52.832, 53.43, 53.071999999999996, 53.461999999999996, 52.954, 52.864, 53.086, 53.294, 53.43, 53.483999999999995, 53.437999999999995, 53.693999999999996, 53.354, 53.756, 53.478, 53.510000000000005, 53.827999999999996, 53.592, 53.19199999999999, 53.44, 53.592, 53.798, 53.988, 53.564, 53.55799999999999, 53.742000000000004, 53.456, 54.006, 54.034000000000006, 53.498000000000005, 53.348, 53.504, 53.690000000000005, 53.664, 53.403999999999996, 53.226, 53.20399999999999, 53.922000000000004, 53.652, 53.782, 53.454, 53.742000000000004, 53.68000000000001, 53.644000000000005, 53.03600000000001, 53.198]]
Total Delta Gamma: [1.66145573 1.86028949 1.50038789 1.86190955 1.94036817 1.83079952
 1.74498096 1.47547891 1.48216591 2.05140359]
Total Delta R: [1.70208889 1.60181392 1.63722557 1.36195789 1.2043879  1.43306369
 1.17946423 1.51540048 1.33318946 1.45459711]
