Estimating the parameters from the real data (K=7)
==================================================

N (neurons): 805
K (states): 7
T (time steps): 10000
Seed: 12345
Number of repetitions: 10

Estimated parameters:
Estimated Pi: [array([0.85363444, 0.02434329, 0.02043913, 0.03428822, 0.02751226,
       0.00230406, 0.0374786 ]), array([2.67793002e-05, 7.89494640e-02, 2.32839238e-03, 8.32784436e-01,
       5.53944939e-02, 1.58450785e-02, 1.46713557e-02]), array([0.14733489, 0.03327248, 0.10449157, 0.61356658, 0.00861   ,
       0.08265848, 0.010066  ]), array([0.02327677, 0.01438072, 0.02183744, 0.02907407, 0.03046933,
       0.03855489, 0.84240677]), array([0.10402012, 0.01406781, 0.00211955, 0.3255464 , 0.14927469,
       0.06106423, 0.34390722]), array([0.01754887, 0.00731193, 0.0082939 , 0.05485696, 0.02943079,
       0.87858135, 0.00397619]), array([0.26783049, 0.11635709, 0.06267459, 0.01988742, 0.42186946,
       0.017661  , 0.09371995]), array([0.32948667, 0.20429576, 0.29343597, 0.03829049, 0.00142108,
       0.01235433, 0.12071571]), array([0.18353187, 0.02516438, 0.2930404 , 0.02425217, 0.46529917,
       0.00364188, 0.00507013]), array([0.00920228, 0.02683163, 0.07935974, 0.74835502, 0.00877637,
       0.10117961, 0.02629536])]
Estimated Gamma: [array([[0.96901146, 0.00224731, 0.00168887, 0.0063492 , 0.00389236,
        0.00610646, 0.01070433],
       [0.06964291, 0.07524371, 0.1045852 , 0.21632979, 0.01999978,
        0.18235201, 0.3318466 ],
       [0.4343512 , 0.13185869, 0.09741182, 0.06202254, 0.13783801,
        0.0719335 , 0.06458424],
       [0.22229403, 0.02443162, 0.09983096, 0.11085126, 0.18811052,
        0.32782893, 0.02665269],
       [0.41349094, 0.33984783, 0.12120946, 0.04284272, 0.01793801,
        0.05601405, 0.00865699],
       [0.17413273, 0.02618088, 0.30276261, 0.0769055 , 0.2526173 ,
        0.04235221, 0.12504876],
       [0.02551487, 0.15919872, 0.09046849, 0.00299815, 0.20692905,
        0.35446479, 0.16042592]]), array([[0.08799332, 0.18394572, 0.11315823, 0.27389248, 0.2544415 ,
        0.01153742, 0.07503133],
       [0.02474157, 0.13539675, 0.06025835, 0.36780617, 0.06330245,
        0.14903282, 0.19946188],
       [0.02570544, 0.23201332, 0.10510515, 0.18678918, 0.36599446,
        0.0470086 , 0.03738386],
       [0.02012576, 0.00466036, 0.00220565, 0.94483204, 0.00656782,
        0.00208884, 0.01951954],
       [0.06014703, 0.08871958, 0.24656028, 0.36949382, 0.10452974,
        0.05897682, 0.07157274],
       [0.1330657 , 0.14335423, 0.09893515, 0.12327108, 0.24174011,
        0.04804435, 0.21158938],
       [0.06379778, 0.20354145, 0.09276029, 0.34043096, 0.18274012,
        0.05055639, 0.06617302]]), array([[0.01048498, 0.07005904, 0.16211719, 0.57758068, 0.13359236,
        0.04470118, 0.00146457],
       [0.08907158, 0.17293822, 0.0353417 , 0.21803079, 0.12589133,
        0.22566402, 0.13306235],
       [0.41750632, 0.04246978, 0.13703533, 0.10970598, 0.12592474,
        0.06663452, 0.10072333],
       [0.17615814, 0.0012113 , 0.03560159, 0.76503559, 0.002645  ,
        0.01738754, 0.00196084],
       [0.34939525, 0.02548488, 0.36813884, 0.05670926, 0.08730392,
        0.08809634, 0.02487151],
       [0.03282047, 0.06007943, 0.2561844 , 0.30463303, 0.04803948,
        0.12016989, 0.17807331],
       [0.5519675 , 0.22728276, 0.09864822, 0.04988809, 0.0147668 ,
        0.05556904, 0.00187759]]), array([[1.28066750e-01, 2.31848995e-02, 2.05335758e-02, 1.49381773e-01,
        1.52948593e-01, 4.50819914e-01, 7.50644946e-02],
       [7.27139256e-02, 5.51432085e-01, 6.28312177e-03, 3.62808880e-02,
        9.70430544e-02, 1.50217660e-01, 8.60292652e-02],
       [9.02336534e-02, 1.20801709e-01, 2.78924968e-01, 4.19027403e-02,
        9.61530336e-02, 2.31708984e-01, 1.40274912e-01],
       [7.07259625e-03, 8.00330373e-04, 2.62816704e-02, 1.67816453e-02,
        2.26183556e-03, 5.71862575e-03, 9.41083296e-01],
       [3.11145768e-01, 1.23337101e-03, 4.00426612e-01, 2.10118772e-02,
        1.65763906e-02, 1.07221529e-01, 1.42384452e-01],
       [3.53034776e-02, 1.75782215e-02, 4.18329867e-02, 5.61927625e-01,
        2.87416102e-01, 4.25423893e-02, 1.33991978e-02],
       [6.35446281e-03, 5.86207014e-03, 6.63047530e-03, 9.15466087e-01,
        1.96239809e-03, 1.24604331e-02, 5.12640735e-02]]), array([[0.01398878, 0.05205931, 0.08350928, 0.06237176, 0.17643144,
        0.53582546, 0.07581397],
       [0.02453472, 0.03307787, 0.18838828, 0.01564441, 0.41464048,
        0.24989095, 0.07382328],
       [0.09894529, 0.13317334, 0.05372751, 0.14978523, 0.37207618,
        0.16014635, 0.0321461 ],
       [0.27047821, 0.13874129, 0.02986238, 0.1227181 , 0.1219648 ,
        0.03344584, 0.28278938],
       [0.01571954, 0.02245406, 0.01999624, 0.0210467 , 0.15708712,
        0.24728452, 0.51641183],
       [0.00627581, 0.01048671, 0.00487802, 0.20193325, 0.0351933 ,
        0.23921734, 0.50201557],
       [0.04646868, 0.02423173, 0.00255342, 0.14414116, 0.18085602,
        0.39849709, 0.2032519 ]]), array([[0.10845867, 0.0572922 , 0.02024249, 0.38340829, 0.0787607 ,
        0.34063045, 0.0112072 ],
       [0.44425951, 0.11576445, 0.11172457, 0.1207151 , 0.01688876,
        0.05269712, 0.13795049],
       [0.01719308, 0.02606517, 0.04469987, 0.07937053, 0.25068126,
        0.47123972, 0.11075036],
       [0.03279307, 0.13698553, 0.21140106, 0.04278769, 0.06025249,
        0.28400497, 0.23177518],
       [0.26114472, 0.108501  , 0.2425808 , 0.00270972, 0.065879  ,
        0.31809194, 0.00109282],
       [0.00132024, 0.00249339, 0.01972117, 0.00477912, 0.00579137,
        0.96480547, 0.00108924],
       [0.00777091, 0.00630221, 0.13037313, 0.5624803 , 0.05182932,
        0.1732717 , 0.06797242]]), array([[1.23487510e-01, 1.86086000e-02, 1.30161753e-02, 2.17756246e-02,
        6.23064443e-01, 2.45807543e-02, 1.75466892e-01],
       [4.43838077e-01, 2.09660878e-01, 1.22800922e-02, 5.77258171e-02,
        1.07769195e-01, 1.58425591e-01, 1.03003496e-02],
       [1.39276035e-01, 1.73078706e-01, 1.35535366e-01, 1.10109080e-01,
        2.77647434e-01, 1.48198894e-01, 1.61544839e-02],
       [2.86895424e-01, 9.36310381e-02, 1.86725934e-01, 1.25087982e-01,
        1.00154849e-01, 1.44371126e-01, 6.31336470e-02],
       [2.58527630e-01, 1.70607620e-02, 5.03192261e-03, 9.71502485e-04,
        7.01180968e-01, 1.28647285e-03, 1.59407420e-02],
       [1.41164559e-02, 1.19122739e-01, 5.33146704e-02, 2.34055279e-01,
        3.24007850e-01, 1.26543512e-01, 1.28839494e-01],
       [3.52147991e-02, 1.51123317e-01, 1.71967323e-05, 1.89571450e-02,
        6.55144940e-01, 2.10460804e-02, 1.18496522e-01]]), array([[3.07537353e-02, 1.08506445e-01, 7.29784563e-01, 2.95000085e-02,
        2.40694320e-02, 2.27141090e-02, 5.46717065e-02],
       [3.02462528e-01, 1.73208903e-01, 3.02532689e-01, 1.33060365e-01,
        2.01202843e-02, 1.10562471e-02, 5.75589834e-02],
       [4.37287469e-01, 3.03821444e-01, 1.98788516e-01, 6.40019806e-04,
        2.19807670e-02, 2.88437043e-03, 3.45974137e-02],
       [1.98162473e-03, 1.48332708e-01, 4.48558446e-01, 7.90339778e-02,
        2.00261866e-01, 9.09223760e-02, 3.09090019e-02],
       [1.20315845e-02, 2.02203667e-01, 6.96772677e-02, 6.02762567e-02,
        5.68107568e-03, 4.96491091e-01, 1.53639058e-01],
       [2.87622920e-01, 2.72535483e-01, 1.45059516e-01, 2.48177120e-02,
        1.11733089e-01, 1.15362841e-01, 4.28684385e-02],
       [1.34915226e-01, 3.38626386e-02, 3.70185380e-01, 1.18028964e-01,
        6.14170533e-02, 9.29061249e-02, 1.88684614e-01]]), array([[0.0973032 , 0.01580033, 0.10883238, 0.06857714, 0.66060075,
        0.01410355, 0.03478264],
       [0.19073986, 0.10650071, 0.04147681, 0.0154532 , 0.1025495 ,
        0.50909419, 0.03418572],
       [0.38889351, 0.0130345 , 0.20673125, 0.00856655, 0.36877892,
        0.0130594 , 0.00093587],
       [0.1181584 , 0.05121941, 0.59426538, 0.02739631, 0.06279538,
        0.13301767, 0.01314745],
       [0.00821166, 0.00076367, 0.3522254 , 0.00159809, 0.62157436,
        0.01067659, 0.00495022],
       [0.07304837, 0.23618491, 0.0355115 , 0.06637594, 0.24960684,
        0.17606078, 0.16321166],
       [0.04802866, 0.0726766 , 0.20223698, 0.05318674, 0.5315151 ,
        0.05786272, 0.03449321]]), array([[3.09831126e-02, 5.06390304e-01, 2.63061460e-02, 2.18643605e-01,
        1.75044353e-02, 1.49740424e-01, 5.04319732e-02],
       [7.66414892e-02, 9.47185337e-02, 5.15889521e-02, 2.50551253e-01,
        8.29559689e-02, 4.34235771e-01, 9.30803280e-03],
       [1.44774668e-01, 2.69129744e-01, 1.70854743e-01, 1.76435315e-01,
        7.78465624e-02, 2.35429000e-02, 1.37416068e-01],
       [2.67972810e-06, 4.37393144e-03, 1.68364102e-03, 9.70150987e-01,
        5.19854966e-03, 6.04642668e-03, 1.25437848e-02],
       [1.51049163e-01, 1.32048714e-01, 2.88742486e-01, 1.69860884e-01,
        5.70099532e-02, 1.37531235e-01, 6.37575651e-02],
       [1.51414784e-01, 9.01669042e-02, 1.64404088e-01, 5.56195147e-02,
        7.92023716e-02, 3.88475376e-01, 7.07169621e-02],
       [7.99847916e-02, 1.06986239e-01, 4.45852509e-01, 4.89767031e-02,
        1.83365479e-02, 7.50314058e-03, 2.92360069e-01]])]
Estimated R: [array([[3.06320813e-01, 5.94194411e-03, 2.19653161e-03, ...,
        3.48076301e-05, 5.53071266e-03, 2.13947067e-04],
       [9.64784529e-04, 3.86588402e-03, 1.12766512e-03, ...,
        1.32968426e-03, 1.71090958e-03, 6.30387484e-04],
       [2.71103287e-04, 6.36767407e-04, 1.33182944e-03, ...,
        1.73130433e-03, 1.00442906e-03, 7.74366922e-04],
       ...,
       [5.44056847e-04, 7.57878606e-04, 1.56673376e-04, ...,
        6.86904497e-04, 2.78203709e-03, 1.55230090e-05],
       [7.75745860e-07, 4.55108216e-04, 1.30656319e-04, ...,
        3.53693941e-04, 7.47054594e-04, 6.35286318e-04],
       [1.12146224e-04, 4.76255599e-05, 3.43729573e-03, ...,
        1.86041840e-03, 2.21148744e-03, 3.62941755e-04]]), array([[1.13918651e-03, 3.38445750e-04, 9.92763377e-04, ...,
        2.05194724e-03, 3.07712677e-04, 7.13264097e-03],
       [3.83597855e-03, 6.86093830e-04, 5.66934128e-05, ...,
        4.49810204e-04, 1.06483378e-03, 9.24403758e-04],
       [5.64831101e-04, 3.61494340e-03, 1.44885372e-03, ...,
        1.60081655e-03, 4.32501691e-04, 8.95626943e-04],
       ...,
       [1.79936737e-03, 6.08449752e-04, 3.95089637e-04, ...,
        1.28076778e-03, 3.70433662e-04, 4.42981048e-04],
       [5.54232333e-03, 2.29343632e-03, 4.21464880e-04, ...,
        8.20704397e-04, 5.05208259e-04, 5.83083523e-03],
       [1.35944461e-03, 1.24181873e-03, 1.36177765e-03, ...,
        1.60297072e-03, 3.57992075e-04, 2.49380868e-03]]), array([[0.08005694, 0.00621655, 0.0132134 , ..., 0.0142604 , 0.02585781,
        0.0005535 ],
       [0.00033683, 0.00326948, 0.00128686, ..., 0.00199703, 0.00089031,
        0.00020634],
       [0.00033916, 0.00069641, 0.0008941 , ..., 0.002239  , 0.00062848,
        0.00083778],
       ...,
       [0.00149715, 0.00055848, 0.0003593 , ..., 0.00359645, 0.00269156,
        0.00380364],
       [0.00118105, 0.0004819 , 0.0014674 , ..., 0.00104472, 0.00347915,
        0.00254029],
       [0.00149249, 0.00037993, 0.00307612, ..., 0.00080342, 0.00078469,
        0.00229336]]), array([[1.56002382e-04, 5.36489227e-05, 3.04173132e-03, ...,
        5.96005976e-03, 2.62852311e-03, 1.95742176e-01],
       [4.68852024e-03, 1.78081665e-03, 2.63598626e-03, ...,
        2.05452633e-04, 2.26581847e-04, 1.94575515e-03],
       [1.26188027e-04, 1.77450052e-03, 8.45050375e-05, ...,
        9.85123964e-04, 1.96800486e-04, 1.57495073e-04],
       ...,
       [3.76980844e-04, 2.31749805e-04, 9.07519244e-04, ...,
        6.63627255e-04, 1.52549551e-04, 8.38930630e-04],
       [3.04824556e-04, 2.84441509e-04, 2.05492058e-03, ...,
        8.03653065e-04, 1.83307817e-03, 1.62091960e-03],
       [2.44625086e-03, 7.18936095e-04, 3.58858370e-04, ...,
        1.09458461e-04, 3.19897910e-03, 6.44272901e-04]]), array([[2.44348573e-02, 7.40304488e-03, 1.52261080e-02, ...,
        7.48773439e-02, 9.32071485e-02, 1.32015539e-01],
       [6.17960738e-04, 7.79773868e-04, 2.75715620e-04, ...,
        1.05201770e-04, 2.33744585e-04, 5.68476254e-04],
       [1.05135082e-03, 1.29503477e-03, 1.88773167e-04, ...,
        3.75635803e-04, 5.84487062e-04, 1.32595728e-04],
       ...,
       [4.36561666e-04, 1.11307099e-03, 2.14158175e-03, ...,
        2.81630283e-04, 4.87435063e-04, 5.05400400e-04],
       [4.51874355e-04, 3.91450059e-04, 2.37445487e-03, ...,
        6.59715009e-04, 6.86004072e-04, 2.11131820e-03],
       [2.16852211e-03, 3.30861272e-03, 1.11238173e-03, ...,
        2.71979957e-04, 2.59265229e-04, 1.91623733e-04]]), array([[1.15840212e-03, 2.33111875e-03, 5.47847231e-03, ...,
        4.86039918e-03, 2.95131891e-01, 5.20562860e-03],
       [3.27632401e-04, 1.26214220e-03, 1.56020819e-03, ...,
        7.39077254e-04, 6.09757581e-04, 8.78154923e-04],
       [2.26313976e-04, 1.72140942e-03, 3.43666943e-04, ...,
        2.58249784e-04, 1.10788650e-03, 1.92866806e-03],
       ...,
       [6.45020726e-04, 3.41530909e-05, 2.02818352e-04, ...,
        7.20289786e-04, 4.16862845e-04, 4.84661185e-04],
       [2.59334704e-05, 1.18638983e-03, 6.50605346e-05, ...,
        7.34577434e-04, 1.35707844e-04, 9.99778583e-05],
       [4.37693071e-04, 2.05530923e-03, 3.69980922e-03, ...,
        7.11610876e-04, 8.20149829e-04, 1.35828922e-03]]), array([[1.08230258e-01, 9.32616071e-03, 2.03495990e-03, ...,
        2.44766715e-01, 2.74764385e-03, 2.64055850e-02],
       [7.78976137e-04, 1.15426904e-03, 2.58540262e-03, ...,
        1.28760648e-03, 2.56751363e-04, 5.68135968e-04],
       [5.15153407e-04, 7.97931776e-04, 1.44276251e-03, ...,
        7.06016673e-04, 9.21502466e-04, 4.49763603e-03],
       ...,
       [5.86058000e-04, 1.52917470e-03, 7.73751571e-04, ...,
        2.06283790e-04, 4.57808165e-04, 1.43423480e-04],
       [6.64863206e-04, 6.24463787e-03, 1.09314608e-03, ...,
        1.69275552e-03, 9.06897719e-04, 2.55990615e-04],
       [4.22227647e-03, 5.18131784e-04, 6.92502369e-04, ...,
        1.16143025e-03, 1.18033676e-04, 3.70594825e-03]]), array([[1.05237224e-01, 7.32162279e-02, 1.46499476e-01, ...,
        4.86908988e-03, 9.39262182e-03, 2.68854918e-02],
       [4.60715133e-03, 4.24952477e-03, 1.38377364e-03, ...,
        3.83133553e-05, 5.88007073e-04, 3.30010200e-04],
       [3.73394267e-03, 1.67549483e-04, 4.06739861e-04, ...,
        2.91342884e-04, 2.52121675e-03, 1.59779160e-03],
       ...,
       [2.55527636e-04, 1.94405172e-03, 8.24663963e-04, ...,
        5.43761909e-03, 3.39777551e-03, 7.91965895e-04],
       [3.04390090e-04, 1.14776534e-03, 1.23747505e-03, ...,
        2.84476109e-03, 1.08628684e-03, 3.66716287e-04],
       [3.69547312e-03, 5.81261659e-06, 2.84090908e-03, ...,
        1.85876855e-03, 9.16367286e-04, 2.91813964e-03]]), array([[6.21479056e-02, 3.54728789e-03, 1.08632103e-01, ...,
        2.12037141e-01, 9.41877655e-05, 4.41734100e-03],
       [7.62670239e-04, 9.49603307e-04, 2.84923661e-04, ...,
        6.39772779e-04, 4.43608219e-04, 1.23980940e-03],
       [1.12518514e-03, 9.23373068e-04, 6.09329788e-04, ...,
        3.96107895e-04, 4.20953146e-04, 1.31302169e-05],
       ...,
       [2.98856863e-04, 1.88715777e-03, 2.01295817e-03, ...,
        7.22986444e-04, 1.89675196e-03, 1.15453814e-03],
       [9.21004284e-04, 1.78457106e-03, 8.75814691e-04, ...,
        1.38827234e-03, 1.16186362e-03, 2.63841441e-03],
       [1.26811953e-05, 2.36885325e-03, 8.71504738e-04, ...,
        1.41146922e-03, 2.20460555e-04, 5.62710401e-04]]), array([[8.37882566e-04, 1.27118970e-03, 5.61232087e-03, ...,
        5.12977015e-04, 4.40656663e-04, 2.18903394e-03],
       [2.87974240e-03, 7.00237827e-05, 3.17093417e-04, ...,
        9.07720839e-04, 4.89900527e-04, 1.09049132e-04],
       [6.69942640e-04, 4.08276280e-03, 3.82671879e-03, ...,
        2.85565264e-04, 1.09479606e-03, 2.21217389e-03],
       ...,
       [2.65149375e-03, 2.38568904e-03, 3.32741914e-03, ...,
        1.92188647e-04, 1.17070712e-04, 6.47183556e-04],
       [1.58940418e-04, 1.00779431e-03, 5.76695847e-03, ...,
        4.02935892e-04, 2.27601449e-04, 2.98202741e-05],
       [3.27112351e-03, 2.35794487e-04, 6.75435631e-03, ...,
        9.45321409e-04, 6.47304657e-04, 8.53628060e-05]])]

Total NMI: [[0.14761427984058367, 0.08734216642042726, 0.0583273460145099, 0.0, 1.0, 1.0, 1.0, 1.0, 1.0, 1.0, 1.0, 1.0, 1.0, 1.0, 1.0, 1.0, 1.0, 1.0, 1.0, 1.0, 1.0, 1.0, 1.0, 1.0, 1.0, 1.0, 1.0, 1.0, 1.0, 1.0, 1.0, 1.0, 1.0, 1.0, 1.0, 1.0, 1.0, 1.0, 1.0, 1.0, 1.0, 1.0, 1.0, 1.0, 1.0, 1.0, 0.0, 1.0, 0.0, 1.0], [0.48714279032267843, 0.6798853017484195, 0.0, 0.0, 0.0, 1.0, 1.0, 1.0, 1.0, 1.0, 1.0, 1.0, 1.0, 1.0, 1.0, 1.0, 0.0, 0.0, 1.0, 1.0, 1.0, 0.0, 0.0, 1.0, 1.0, 1.0, 1.0, 1.0, 1.0, 1.0, 1.0, 1.0, 1.0, 1.0, 1.0, 1.0, 1.0, 1.0, 1.0, 0.0, 1.0, 0.0, 1.0, 1.0, 1.0, 1.0, 1.0, 1.0, 1.0, 1.0], [0.7444331870466971, 0.7069915719890948, 0.6014534390949011, 0.6566961046334011, 0.7248303282742284, 0.7739890554289096, 0.6313068075421491, 0.6117236165563891, 0.4655386180031001, 0.13183779353647493, 0.684372975125753, 0.5604873579836422, 0.0, 0.0, 0.1941862739736645, 0.0, 0.0, 0.07153503251039053, 0.3453929840605763, 0.08734216642042726, 0.1135421951585679, 0.31233386232630445, 0.0, 1.0, 1.0, 0.0, 0.0, 0.0, 0.0, 0.0, 0.3453929840605763, 0.1044957399781123, 0.0, 1.0, 0.0, 0.0, 1.0, 1.0, 0.0, 0.0, 0.0, 0.0, 1.0, 0.0, 0.0, 0.0, 0.0, 1.0, 1.0, 1.0], [0.6412643202948477, 0.8095401960023788, 0.696865496849293, 0.42684020236248393, 0.006468164160684842, 1.0, 1.0, 1.0, 0.8095401960023788, 0.4062094881710134, 0.006468164160684842, 0.13000570548762855, 1.0, 1.0, 1.0, 1.0, 1.0, 0.4413181642842768, 0.4413181642842768, 1.0, 1.0, 1.0, 1.0, 1.0, 1.0, 1.0, 1.0, 1.0, 1.0, 1.0, 1.0, 1.0, 1.0, 1.0, 1.0, 1.0, 1.0, 1.0, 1.0, 1.0, 1.0, 1.0, 1.0, 1.0, 1.0, 1.0, 1.0, 1.0, 1.0, 1.0], [0.6587376510850856, 0.7444331870466971, 0.8198358826076497, 0.5195552060130463, 0.8208952492900794, 0.6587376510850856, 0.7952425906510514, 0.623271093108875, 0.6702252276515628, 0.7444331870466971, 0.8198358826076497, 0.9035000824425831, 0.5195552060130463, 0.5162576722345794, 0.3219671662867288, 0.5162576722345796, 0.21640867668068334, 0.2164086766806834, 0.7633855877757291, 0.6313068075421491, 0.45672127253798506, 0.7297980566703937, 0.7924643416682369, 0.7297980566703937, 0.631306807542149, 0.5162576722345796, 0.01592850062074737, 0.21640867668068334, 0.7633855877757291, 0.6232710931088747, 0.6786816418135685, 0.31613401542890923, 0.5050000136037719, 0.4343249311488783, 0.28193356790024393, 0.5120965390369825, 0.4676404466407549, 0.47622713750154516, 0.4762271375015451, 0.7134063057636204, 0.7134063057636206, 0.4762271375015451, 0.6117236165563888, 0.19959829950319966, 0.2733677482453142, 0.2733677482453142, 0.4184983454478213, 0.5195552060130463, 0.8208952492900793, 0.47622713750154516], [0.5050000136037719, 0.6798853017484195, 0.0, 0.0, 0.0, 1.0, 1.0, 1.0, 1.0, 1.0, 1.0, 1.0, 0.0, 0.0, 1.0, 1.0, 1.0, 1.0, 1.0, 1.0, 1.0, 1.0, 1.0, 1.0, 1.0, 1.0, 1.0, 1.0, 1.0, 1.0, 1.0, 1.0, 1.0, 1.0, 1.0, 1.0, 1.0, 1.0, 1.0, 1.0, 1.0, 1.0, 1.0, 1.0, 1.0, 1.0, 1.0, 1.0, 1.0, 1.0], [0.4676404466407549, 0.4762271375015451, 0.1627887085918713, 0.486164452297125, 0.4676404466407549, 0.696865496849293, 0.31613401542890923, 0.16857672664578613, 0.20736403059250272, 0.3133922092668023, 0.10153760376096896, 0.06575428294403632, 0.4184983454478212, 0.3500825118103373, 0.3156244234780851, 0.1044957399781123, 0.1044957399781123, 0.19647826253528472, 0.0, 0.0, 0.1135421951585679, 0.1135421951585679, 0.0, 0.0, 0.1044957399781123, 0.07153503251039053, 0.1044957399781123, 0.0, 0.0, 0.44131816428427684, 0.2512744070271214, 0.1044957399781123, 0.19647826253528472, 0.1044957399781123, 0.1044957399781123, 0.0, 0.0, 0.4206212428282626, 0.1044957399781123, 0.0583273460145099, 0.1044957399781123, 0.4206212428282626, 0.0583273460145099, 0.0, 1.0, 0.0, 0.0583273460145099, 0.0583273460145099, 0.0583273460145099, 1.0], [0.792464341668237, 0.5858779295433236, 0.6313068075421491, 0.7633855877757291, 0.9399452942025499, 0.6232710931088749, 0.561884803785396, 0.6587376510850856, 0.6232710931088749, 0.6313068075421491, 0.4676404466407549, 0.486164452297125, 0.5503898826176472, 0.3481423693434059, 0.5858779295433236, 0.5858779295433236, 0.561884803785396, 0.5618848037853958, 0.6702252276515628, 0.34814236934340587, 0.486164452297125, 0.49477582808215514, 0.6232710931088747, 0.5195552060130463, 0.5162576722345795, 0.5162576722345796, 0.7447395504214405, 0.45654862496891974, 0.6117236165563888, 0.39893927929656336, 0.207364030592503, 0.34712007071429407, 0.5120965390369825, 0.5815097140548869, 0.6829516563124451, 0.4413181642842768, 0.8335222413724916, 0.611723616556389, 0.611723616556389, 0.6712643205715701, 0.5120965390369825, 0.2940165729866622, 0.4343249311488783, 0.17111196336743664, 0.10153760376096896, 0.1359094428532801, 0.7067975664441898, 0.49477582808215514, 0.45654862496891974, 0.49477582808215514], [0.3800920111324276, 0.13183779353647493, 0.41849834544782116, 0.5855559816837183, 0.31613401542890923, 0.3471200707142942, 0.3800920111324275, 0.5120965390369825, 0.21640867668068328, 0.41849834544782116, 0.13183779353647493, 0.5120965390369825, 0.16278870859187117, 0.16245190513132296, 0.28483386264113447, 0.28193356790024393, 0.4565486249689197, 0.696865496849293, 0.4184983454478212, 0.47659894423590704, 0.28193356790024393, 0.37833397252557743, 0.4184983454478212, 0.06575428294403632, 0.4206212428282626, 0.1044957399781123, 0.0, 0.0, 0.06575428294403632, 0.41849834544782116, 0.3564229849424191, 0.5080915846083284, 0.006468164160684842, 0.3453929840605763, 0.2733677482453142, 0.0, 1.0, 0.0, 0.37833397252557743, 0.10153760376096896, 0.0, 0.0, 0.24108995487112675, 0.19647826253528472, 0.1044957399781123, 0.0, 0.0, 0.3453929840605763, 0.2602180905733947, 0.10153760376096896], [1.0, 1.0, 1.0, 0.0, 0.4206212428282626, 0.0, 1.0, 1.0, 1.0, 1.0, 1.0, 1.0, 1.0, 1.0, 1.0, 1.0, 1.0, 1.0, 1.0, 1.0, 1.0, 1.0, 1.0, 1.0, 1.0, 1.0, 1.0, 1.0, 1.0, 1.0, 1.0, 1.0, 1.0, 1.0, 1.0, 1.0, 1.0, 1.0, 1.0, 1.0, 1.0, 1.0, 1.0, 1.0, 1.0, 1.0, 1.0, 1.0, 1.0, 1.0]]
Total Percentage: [[42.857142857142854, 57.14285714285714, 71.42857142857143, 85.71428571428571, 100.0, 100.0, 100.0, 100.0, 100.0, 100.0, 100.0, 100.0, 100.0, 100.0, 100.0, 100.0, 100.0, 100.0, 100.0, 100.0, 100.0, 100.0, 100.0, 100.0, 100.0, 100.0, 100.0, 100.0, 100.0, 100.0, 100.0, 100.0, 100.0, 100.0, 100.0, 100.0, 100.0, 100.0, 100.0, 100.0, 100.0, 100.0, 100.0, 100.0, 100.0, 100.0, 85.71428571428571, 85.71428571428571, 85.71428571428571, 100.0], [57.14285714285714, 85.71428571428571, 85.71428571428571, 85.71428571428571, 85.71428571428571, 100.0, 100.0, 100.0, 100.0, 100.0, 100.0, 100.0, 100.0, 100.0, 100.0, 100.0, 85.71428571428571, 85.71428571428571, 100.0, 100.0, 100.0, 85.71428571428571, 85.71428571428571, 100.0, 100.0, 100.0, 100.0, 100.0, 100.0, 100.0, 100.0, 100.0, 100.0, 100.0, 100.0, 100.0, 100.0, 100.0, 100.0, 85.71428571428571, 85.71428571428571, 85.71428571428571, 100.0, 100.0, 100.0, 100.0, 100.0, 100.0, 100.0, 100.0], [14.285714285714285, 14.285714285714285, 42.857142857142854, 71.42857142857143, 71.42857142857143, 57.14285714285714, 42.857142857142854, 42.857142857142854, 57.14285714285714, 28.57142857142857, 57.14285714285714, 0.0, 14.285714285714285, 85.71428571428571, 57.14285714285714, 42.857142857142854, 71.42857142857143, 71.42857142857143, 57.14285714285714, 57.14285714285714, 42.857142857142854, 42.857142857142854, 57.14285714285714, 100.0, 100.0, 57.14285714285714, 57.14285714285714, 85.71428571428571, 85.71428571428571, 71.42857142857143, 71.42857142857143, 57.14285714285714, 85.71428571428571, 100.0, 85.71428571428571, 85.71428571428571, 100.0, 100.0, 85.71428571428571, 85.71428571428571, 57.14285714285714, 57.14285714285714, 100.0, 85.71428571428571, 85.71428571428571, 57.14285714285714, 57.14285714285714, 100.0, 100.0, 100.0], [57.14285714285714, 85.71428571428571, 71.42857142857143, 57.14285714285714, 57.14285714285714, 100.0, 100.0, 100.0, 85.71428571428571, 71.42857142857143, 57.14285714285714, 71.42857142857143, 100.0, 100.0, 100.0, 100.0, 100.0, 71.42857142857143, 71.42857142857143, 100.0, 100.0, 100.0, 100.0, 100.0, 100.0, 100.0, 100.0, 100.0, 100.0, 100.0, 100.0, 100.0, 100.0, 100.0, 100.0, 100.0, 100.0, 100.0, 100.0, 100.0, 100.0, 100.0, 100.0, 100.0, 100.0, 100.0, 100.0, 100.0, 100.0, 100.0], [14.285714285714285, 14.285714285714285, 28.57142857142857, 14.285714285714285, 42.857142857142854, 57.14285714285714, 57.14285714285714, 42.857142857142854, 14.285714285714285, 28.57142857142857, 14.285714285714285, 28.57142857142857, 28.57142857142857, 42.857142857142854, 14.285714285714285, 42.857142857142854, 42.857142857142854, 42.857142857142854, 57.14285714285714, 14.285714285714285, 42.857142857142854, 57.14285714285714, 14.285714285714285, 28.57142857142857, 42.857142857142854, 28.57142857142857, 42.857142857142854, 42.857142857142854, 28.57142857142857, 57.14285714285714, 57.14285714285714, 57.14285714285714, 28.57142857142857, 42.857142857142854, 42.857142857142854, 14.285714285714285, 14.285714285714285, 42.857142857142854, 28.57142857142857, 0.0, 42.857142857142854, 28.57142857142857, 42.857142857142854, 57.14285714285714, 57.14285714285714, 57.14285714285714, 28.57142857142857, 57.14285714285714, 0.0, 28.57142857142857], [28.57142857142857, 85.71428571428571, 85.71428571428571, 85.71428571428571, 85.71428571428571, 100.0, 100.0, 100.0, 100.0, 100.0, 100.0, 100.0, 85.71428571428571, 85.71428571428571, 100.0, 100.0, 100.0, 100.0, 100.0, 100.0, 100.0, 100.0, 100.0, 100.0, 100.0, 100.0, 100.0, 100.0, 100.0, 100.0, 100.0, 100.0, 100.0, 100.0, 100.0, 100.0, 100.0, 100.0, 100.0, 100.0, 100.0, 100.0, 100.0, 100.0, 100.0, 100.0, 100.0, 100.0, 100.0, 100.0], [42.857142857142854, 14.285714285714285, 28.57142857142857, 0.0, 14.285714285714285, 71.42857142857143, 42.857142857142854, 42.857142857142854, 28.57142857142857, 42.857142857142854, 57.14285714285714, 28.57142857142857, 42.857142857142854, 57.14285714285714, 71.42857142857143, 57.14285714285714, 57.14285714285714, 42.857142857142854, 71.42857142857143, 85.71428571428571, 42.857142857142854, 42.857142857142854, 85.71428571428571, 85.71428571428571, 57.14285714285714, 71.42857142857143, 57.14285714285714, 85.71428571428571, 28.57142857142857, 71.42857142857143, 71.42857142857143, 57.14285714285714, 42.857142857142854, 57.14285714285714, 57.14285714285714, 71.42857142857143, 85.71428571428571, 85.71428571428571, 57.14285714285714, 71.42857142857143, 57.14285714285714, 85.71428571428571, 71.42857142857143, 85.71428571428571, 100.0, 85.71428571428571, 71.42857142857143, 71.42857142857143, 71.42857142857143, 100.0], [42.857142857142854, 28.57142857142857, 14.285714285714285, 28.57142857142857, 28.57142857142857, 42.857142857142854, 14.285714285714285, 14.285714285714285, 0.0, 14.285714285714285, 42.857142857142854, 57.14285714285714, 71.42857142857143, 42.857142857142854, 42.857142857142854, 28.57142857142857, 42.857142857142854, 57.14285714285714, 28.57142857142857, 42.857142857142854, 57.14285714285714, 57.14285714285714, 42.857142857142854, 14.285714285714285, 42.857142857142854, 42.857142857142854, 85.71428571428571, 57.14285714285714, 57.14285714285714, 28.57142857142857, 28.57142857142857, 28.57142857142857, 57.14285714285714, 71.42857142857143, 85.71428571428571, 71.42857142857143, 71.42857142857143, 28.57142857142857, 57.14285714285714, 57.14285714285714, 57.14285714285714, 28.57142857142857, 42.857142857142854, 28.57142857142857, 57.14285714285714, 42.857142857142854, 57.14285714285714, 71.42857142857143, 42.857142857142854, 71.42857142857143], [57.14285714285714, 28.57142857142857, 57.14285714285714, 28.57142857142857, 42.857142857142854, 28.57142857142857, 57.14285714285714, 71.42857142857143, 28.57142857142857, 57.14285714285714, 28.57142857142857, 57.14285714285714, 42.857142857142854, 57.14285714285714, 28.57142857142857, 57.14285714285714, 42.857142857142854, 71.42857142857143, 57.14285714285714, 71.42857142857143, 42.857142857142854, 42.857142857142854, 57.14285714285714, 42.857142857142854, 85.71428571428571, 57.14285714285714, 71.42857142857143, 71.42857142857143, 42.857142857142854, 57.14285714285714, 42.857142857142854, 57.14285714285714, 57.14285714285714, 57.14285714285714, 57.14285714285714, 57.14285714285714, 100.0, 57.14285714285714, 57.14285714285714, 28.57142857142857, 71.42857142857143, 42.857142857142854, 57.14285714285714, 42.857142857142854, 57.14285714285714, 85.71428571428571, 71.42857142857143, 71.42857142857143, 28.57142857142857, 57.14285714285714], [100.0, 100.0, 100.0, 71.42857142857143, 85.71428571428571, 85.71428571428571, 100.0, 100.0, 100.0, 100.0, 100.0, 100.0, 100.0, 100.0, 100.0, 100.0, 100.0, 100.0, 100.0, 100.0, 100.0, 100.0, 100.0, 100.0, 100.0, 100.0, 100.0, 100.0, 100.0, 100.0, 100.0, 100.0, 100.0, 100.0, 100.0, 100.0, 100.0, 100.0, 100.0, 100.0, 100.0, 100.0, 100.0, 100.0, 100.0, 100.0, 100.0, 100.0, 100.0, 100.0]]
Total Delta Gamma: [1.42062852 1.05546881 1.40338095 1.58491118 1.24931265 1.31472025
 1.38215691 1.46738902 1.49390483 1.12110764]
Total Delta R: [0.32818044 0.31304077 0.29231548 0.28562989 0.22765014 0.32203615
 0.29282415 0.23430879 0.27653698 0.29671154]
