Complexity increased keeping gamma very unbalanced, and increasing K (K=6)
==================================================

N (neurons): 3
K (states): 6
T (time steps): 100000
Seed: None
Number of repetitions: 10

Initialization of parameters for HMM:
Pi: [1 0 0 0 0 0]
Gamma: [[0.75 0.05 0.05 0.05 0.05 0.05]
 [0.05 0.75 0.05 0.05 0.05 0.05]
 [0.05 0.05 0.75 0.05 0.05 0.05]
 [0.05 0.05 0.05 0.75 0.05 0.05]
 [0.05 0.05 0.05 0.05 0.75 0.05]
 [0.05 0.05 0.05 0.05 0.05 0.75]]
R: [[0.5        0.         0.5        0.         0.33333333 0.33333333]
 [0.         0.5        0.5        0.         0.         0.33333333]
 [0.5        0.         0.         0.5        0.33333333 0.        ]
 [0.         0.5        0.         0.5        0.33333333 0.33333333]]

Generated data:
Generated firings (y): [0 2 0 2 0 0 1 0 0 0 0 0 2 2 2 0 2 0 2 1 0 1 1 0 0 0 0 2 2 2 2 0 2 3 1 3 1
 1 3 3 3 3 1 0 1 3 1 1 1 3 3 1 3 3 3 3 3 3 3 1 3 3 1 1 1 0 0 3 0 1 1 1 3 0
 0 0 2 2 2 0 1 1 0 1 3 0 1 3 1 0 0 0 2 2 0 2 2 3 0 0]... (showing first 100 entries)
Generated states (z): [0 0 0 0 2 2 2 2 0 0 0 0 0 0 0 0 0 0 0 2 2 2 1 4 2 2 0 0 0 0 0 0 0 1 1 1 1
 1 3 1 1 1 1 5 1 1 1 1 1 1 1 1 1 1 1 1 1 1 1 1 4 4 5 2 2 4 4 4 2 5 5 5 5 5
 0 4 4 4 4 2 2 2 2 2 5 5 5 5 5 2 2 5 0 0 0 0 0 5 2 2]... (showing first 100 entries)

Estimated parameters:
Estimated Pi: [array([9.99929971e-01, 1.31984804e-12, 5.25165830e-07, 3.19757609e-24,
       3.86708804e-16, 6.95039048e-05]), array([2.82458308e-28, 7.15689984e-06, 9.99968748e-01, 3.28504973e-13,
       2.40954058e-05, 9.29734727e-16]), array([3.48751910e-13, 1.78929519e-12, 9.92692776e-01, 3.10497385e-07,
       5.52641019e-14, 7.30691353e-03]), array([9.74817983e-01, 5.68019202e-10, 2.51820163e-02, 9.73014055e-28,
       1.45706327e-13, 2.89229863e-20]), array([9.72137841e-08, 1.90761422e-10, 1.06942357e-08, 9.99999892e-01,
       3.47107063e-13, 6.18977437e-26]), array([6.46570926e-06, 2.67939993e-18, 4.77065724e-19, 7.64630633e-14,
       6.99565437e-11, 9.99993534e-01]), array([9.99988142e-01, 7.66010624e-51, 5.60936979e-11, 1.18546701e-05,
       3.35646154e-10, 2.67537969e-09]), array([2.04696041e-22, 1.00000000e+00, 8.14569339e-20, 1.05958280e-13,
       5.59393365e-16, 2.85101173e-12]), array([9.99999979e-01, 6.83093774e-11, 1.97948670e-49, 1.94446675e-16,
       2.02680381e-23, 2.13787113e-08]), array([9.97792668e-03, 3.47743227e-08, 8.45112578e-17, 1.42539878e-19,
       9.41626353e-14, 9.90022039e-01])]
Estimated Gamma: [array([[4.09024923e-01, 2.84972264e-02, 2.27394663e-01, 8.20840651e-03,
        1.00843343e-01, 2.39619291e-01],
       [4.48786062e-02, 6.60052144e-01, 1.99824975e-01, 2.74823003e-01,
        3.10703907e-04, 8.69427979e-02],
       [4.21656397e-01, 2.49501513e-01, 9.85872184e-02, 3.33214627e-02,
        8.55360425e-02, 1.41706937e-01],
       [2.37549599e-02, 2.24350665e-02, 4.25187002e-02, 2.91593534e-01,
        1.68532998e-01, 4.17602563e-01],
       [3.04995142e-02, 8.80639371e-03, 3.65549417e-02, 3.56204386e-02,
        5.65137407e-01, 7.61282165e-02],
       [7.01855998e-02, 3.07076560e-02, 3.95119502e-01, 3.56433155e-01,
        7.96395057e-02, 3.80001944e-02]]), array([[1.04007893e-01, 8.22682925e-02, 1.32190163e-02, 5.13024018e-01,
        2.25177606e-04, 2.68537210e-01],
       [6.92941343e-02, 2.42922766e-02, 4.10871591e-01, 1.76786732e-01,
        3.48574137e-02, 2.51794669e-01],
       [3.07623559e-02, 5.38230213e-01, 8.62713189e-02, 1.49093610e-01,
        1.70203933e-01, 4.25293331e-02],
       [5.17478723e-01, 1.47811839e-01, 3.18794734e-02, 6.27175701e-02,
        1.11425416e-01, 9.01672631e-02],
       [8.12755151e-02, 4.92725781e-02, 2.63920091e-01, 4.15456130e-02,
        6.76730152e-01, 6.93705185e-03],
       [1.97181379e-01, 1.58124801e-01, 1.93838509e-01, 5.68324567e-02,
        6.55790798e-03, 3.40034473e-01]]), array([[0.02119547, 0.27512488, 0.01619145, 0.45366568, 0.06584808,
        0.13265344],
       [0.41004284, 0.07449296, 0.14028804, 0.02274725, 0.28575642,
        0.00469048],
       [0.03530796, 0.04913134, 0.32072617, 0.02537925, 0.32882898,
        0.35014956],
       [0.30749422, 0.05824255, 0.06846925, 0.18957425, 0.22761552,
        0.11629024],
       [0.19971327, 0.14571446, 0.16888173, 0.30689155, 0.07893178,
        0.04015449],
       [0.02624624, 0.39729381, 0.28544337, 0.00174202, 0.01301921,
        0.3560618 ]]), array([[0.04296953, 0.22975138, 0.37418474, 0.21035074, 0.01529624,
        0.10782334],
       [0.12533994, 0.44156206, 0.07128316, 0.0058565 , 0.33284862,
        0.02654325],
       [0.56642241, 0.0288033 , 0.33285488, 0.02269391, 0.05312955,
        0.02870423],
       [0.11505635, 0.00362784, 0.09162241, 0.58296818, 0.02161791,
        0.28039147],
       [0.08045889, 0.18780044, 0.12494437, 0.0200724 , 0.25870736,
        0.27158595],
       [0.06975288, 0.10845497, 0.00511043, 0.15805826, 0.31840032,
        0.28495175]]), array([[0.03974425, 0.27200166, 0.09717383, 0.10183722, 0.42821181,
        0.00417181],
       [0.16251736, 0.14953776, 0.07095073, 0.00370108, 0.29653344,
        0.35811112],
       [0.16491707, 0.02650857, 0.32009922, 0.26033789, 0.09574324,
        0.08318958],
       [0.01346903, 0.21339323, 0.09785867, 0.59227196, 0.05682069,
        0.01547946],
       [0.01221608, 0.20245621, 0.40362041, 0.03916127, 0.07196284,
        0.23922066],
       [0.60713621, 0.13610257, 0.01029713, 0.00269059, 0.05072798,
        0.29982737]]), array([[0.04632766, 0.54168183, 0.04757546, 0.26693354, 0.03455404,
        0.08120659],
       [0.2179167 , 0.08176815, 0.17773176, 0.03724107, 0.43593472,
        0.01521338],
       [0.11865855, 0.05276501, 0.27597033, 0.32503987, 0.18676994,
        0.01443888],
       [0.19753478, 0.03677992, 0.03205002, 0.08214395, 0.19813888,
        0.46897939],
       [0.16222189, 0.01393933, 0.45804723, 0.2125267 , 0.07082667,
        0.03331053],
       [0.25734043, 0.27306576, 0.00862521, 0.07611488, 0.07377575,
        0.38685123]]), array([[0.73887568, 0.02641015, 0.15544124, 0.08350121, 0.01739414,
        0.08803228],
       [0.05847615, 0.23626789, 0.24167105, 0.39065344, 0.01485575,
        0.00846598],
       [0.05929753, 0.54654615, 0.25012521, 0.07182403, 0.00520858,
        0.03686098],
       [0.01184518, 0.165032  , 0.25454613, 0.21076272, 0.24519519,
        0.07595731],
       [0.0790827 , 0.01183146, 0.00691813, 0.07911107, 0.34583345,
        0.48027428],
       [0.05242276, 0.01391235, 0.09129824, 0.16414753, 0.37151287,
        0.31040916]]), array([[0.00878671, 0.11384662, 0.06330824, 0.11175304, 0.63592883,
        0.02018851],
       [0.0472009 , 0.49389941, 0.09474529, 0.0502973 , 0.15771611,
        0.18680447],
       [0.42679033, 0.02182845, 0.30717707, 0.09952739, 0.09887648,
        0.02330143],
       [0.28191598, 0.05683396, 0.00890799, 0.45334478, 0.0022612 ,
        0.24801047],
       [0.22260104, 0.03445165, 0.46706369, 0.14509664, 0.10092441,
        0.0036624 ],
       [0.01270504, 0.2791399 , 0.05879772, 0.13998085, 0.00429297,
        0.51803273]]), array([[0.46328577, 0.1004623 , 0.01237599, 0.03523333, 0.09196315,
        0.00971994],
       [0.08715216, 0.0237617 , 0.00283941, 0.02331675, 0.59577286,
        0.00755784],
       [0.01089596, 0.28256811, 0.72131347, 0.1082271 , 0.06791337,
        0.05183783],
       [0.00606884, 0.16655294, 0.23389067, 0.31448325, 0.16423283,
        0.39073865],
       [0.22852656, 0.40076841, 0.00808818, 0.03347108, 0.03027643,
        0.03373715],
       [0.20407071, 0.02588653, 0.02149228, 0.48526849, 0.04984136,
        0.50640859]]), array([[2.12300593e-01, 1.66592050e-01, 9.30957434e-03, 9.60372547e-03,
        2.79594719e-01, 3.27926407e-01],
       [1.89172086e-02, 3.25892156e-03, 1.49809657e-01, 5.11249569e-01,
        2.74692244e-01, 1.77949525e-02],
       [2.67580687e-01, 1.41851899e-02, 1.59968130e-01, 1.01790641e-01,
        2.10403365e-01, 2.28280829e-01],
       [7.73897327e-02, 2.24860033e-01, 1.50936590e-01, 3.22390336e-01,
        1.82169871e-01, 2.93754454e-02],
       [2.59763601e-02, 5.90691122e-01, 1.08217435e-01, 2.33164661e-02,
        3.88262291e-02, 1.96645728e-01],
       [3.97835419e-01, 4.12683175e-04, 4.21758614e-01, 3.16492626e-02,
        1.43135720e-02, 1.99976637e-01]])]
Estimated R: [array([[7.39454599e-01, 3.88112033e-02, 3.64831602e-01, 1.92797747e-02,
        1.86540249e-01, 3.57770280e-01],
       [4.41441331e-02, 2.38913671e-04, 7.39751642e-02, 2.13555678e-01,
        6.17716923e-01, 1.54816956e-01],
       [2.13424443e-01, 6.54185809e-01, 3.97907161e-01, 8.70489742e-02,
        6.20910148e-05, 5.93185267e-02],
       [2.97682483e-03, 3.06764074e-01, 1.63286072e-01, 6.80115573e-01,
        1.95680737e-01, 4.28094237e-01]]), array([[1.13534991e-02, 6.57663291e-01, 6.95765085e-01, 1.17645167e-01,
        1.12433424e-01, 1.38010917e-01],
       [4.22696777e-01, 1.39196687e-01, 2.34200785e-02, 2.25266998e-01,
        8.45512199e-05, 8.00436020e-01],
       [1.50045593e-02, 6.14810450e-02, 1.78910873e-01, 7.84814692e-02,
        6.15147130e-01, 1.77111033e-02],
       [5.50945165e-01, 1.41658977e-01, 1.01903963e-01, 5.78606365e-01,
        2.72334894e-01, 4.38419598e-02]]), array([[8.51660024e-02, 1.03230083e-01, 5.61208296e-01, 1.29048696e-01,
        7.96625720e-02, 6.31411065e-01],
       [4.08958941e-01, 4.63141171e-01, 4.15231797e-04, 1.50800441e-01,
        2.16028643e-01, 1.52984500e-01],
       [9.25988912e-02, 2.26531403e-01, 4.29730038e-01, 4.74949681e-02,
        3.83330355e-01, 1.59962596e-01],
       [4.13276165e-01, 2.07097343e-01, 8.64643415e-03, 6.72655895e-01,
        3.20978430e-01, 5.56418387e-02]]), array([[7.26421998e-01, 1.24405690e-01, 6.42355623e-01, 1.01265112e-01,
        7.43394832e-02, 7.13788650e-02],
       [9.36066332e-02, 2.60425471e-03, 1.89709422e-01, 7.35559646e-01,
        2.75885709e-02, 1.33083101e-01],
       [9.93700898e-02, 8.11428632e-01, 1.52292503e-01, 9.92102733e-06,
        3.10207283e-01, 2.51722439e-02],
       [8.06012791e-02, 6.15614228e-02, 1.56424528e-02, 1.63165321e-01,
        5.87864663e-01, 7.70365790e-01]]), array([[3.65988543e-01, 4.07246362e-01, 2.13582603e-01, 3.32417387e-01,
        2.31847808e-01, 7.51471015e-02],
       [3.06111456e-01, 1.65765272e-01, 1.66485481e-02, 1.49807070e-05,
        2.89957950e-01, 8.03944107e-01],
       [6.57993682e-03, 3.06781203e-02, 1.68519801e-01, 6.13365111e-01,
        1.53657864e-01, 3.29582228e-02],
       [3.21320064e-01, 3.96310245e-01, 6.01249047e-01, 5.42025214e-02,
        3.24536379e-01, 8.79505683e-02]]), array([[0.35851395, 0.09169665, 0.02660941, 0.20171465, 0.11678876,
        0.83798866],
       [0.39428426, 0.34511599, 0.01128844, 0.32809753, 0.17914179,
        0.11600056],
       [0.17111031, 0.2565408 , 0.24849444, 0.33217954, 0.3340507 ,
        0.02681849],
       [0.07609148, 0.30664657, 0.7136077 , 0.13800829, 0.37001875,
        0.01919229]]), array([[5.62627257e-01, 1.76110989e-04, 7.06893437e-02, 2.66161043e-01,
        3.33942877e-01, 2.55277187e-01],
       [9.03268958e-03, 3.82567827e-02, 3.24569873e-02, 1.13456175e-01,
        5.00588219e-01, 5.39357729e-01],
       [4.08493458e-01, 4.95921150e-01, 4.99671181e-01, 1.52266398e-02,
        3.90186110e-04, 1.00476469e-02],
       [1.98465955e-02, 4.65645957e-01, 3.97182488e-01, 6.05156141e-01,
        1.65078718e-01, 1.95317436e-01]]), array([[1.33697792e-01, 8.14130341e-01, 1.90594550e-01, 1.07517986e-01,
        3.51631268e-01, 5.89992612e-02],
       [5.72232032e-01, 9.74576455e-04, 5.97360120e-01, 5.05447202e-02,
        4.00250645e-01, 6.40850690e-05],
       [9.26105779e-03, 1.34735118e-01, 2.24970094e-02, 1.59706814e-01,
        6.61438275e-03, 7.20445738e-01],
       [2.84809118e-01, 5.01599638e-02, 1.89548320e-01, 6.82230480e-01,
        2.41503704e-01, 2.20490916e-01]]), array([[4.78505625e-01, 1.22750708e-01, 6.72783282e-04, 2.48149049e-01,
        4.43152648e-02, 6.01407429e-01],
       [1.03166534e-04, 7.00592776e-03, 5.03671732e-01, 5.44029980e-01,
        2.58865416e-02, 3.70761430e-01],
       [5.05899247e-01, 2.05564559e-01, 1.73607607e-03, 2.58971024e-02,
        4.35224870e-01, 2.37970244e-03],
       [1.54919613e-02, 6.64678805e-01, 4.93919408e-01, 1.81923869e-01,
        4.94573323e-01, 2.54514378e-02]]), array([[0.60206489, 0.18412204, 0.11031682, 0.03635822, 0.15654062,
        0.57820306],
       [0.33095157, 0.04422511, 0.58750249, 0.00229304, 0.11690002,
        0.29382805],
       [0.04752152, 0.31150648, 0.25940251, 0.45278423, 0.2656586 ,
        0.00670412],
       [0.01946203, 0.46014637, 0.04277818, 0.50856452, 0.46090076,
        0.12126477]])]

Total NMI: [[np.float64(0.2302407391447437), np.float64(0.148601346738071), np.float64(0.30481309301940923), np.float64(0.30315149230939076), np.float64(0.3147273245705934), np.float64(0.311264383848661), np.float64(0.3101835345707268), np.float64(0.30185616767880225), np.float64(0.30271842384216036), np.float64(0.2971202023299214), np.float64(0.30244685715948094), np.float64(0.2974230991265865), np.float64(0.30416928845978175), np.float64(0.299475461736495), np.float64(0.3042768870709464)], [np.float64(0.08785050208639576), np.float64(0.2947970963015652), np.float64(0.2974689785219301), np.float64(0.3069644357491114), np.float64(0.3082932856891128), np.float64(0.31077005377731837), np.float64(0.310320704038144), np.float64(0.30967869620087185), np.float64(0.30940658188603887), np.float64(0.30896220552894765), np.float64(0.3084432950052029), np.float64(0.3077088106115369), np.float64(0.30835780103310545), np.float64(0.3084992218512816), np.float64(0.30788606816577857)], [np.float64(0.09193582945697983), np.float64(0.1408791118024083), np.float64(0.16746660130779542), np.float64(0.17262011822757026), np.float64(0.18616674815576498), np.float64(0.19113850018845394), np.float64(0.21437871729821326), np.float64(0.2320793414122324), np.float64(0.2406140396713946), np.float64(0.24012111678729606), np.float64(0.2466758716255553), np.float64(0.24748172306544147), np.float64(0.25336831078616484), np.float64(0.2567648544443253), np.float64(0.2621290988602096)], [np.float64(0.16391715499601506), np.float64(0.31166134557546654), np.float64(0.3096741486289382), np.float64(0.31630478912139914), np.float64(0.31406196984465284), np.float64(0.31444286138549343), np.float64(0.3107921381902799), np.float64(0.3101755217769494), np.float64(0.30816185130059276), np.float64(0.30717028339100916), np.float64(0.3052214070168539), np.float64(0.3049132471235397), np.float64(0.30404018163963153), np.float64(0.3044851215789955), np.float64(0.3039200551029356)], [np.float64(0.19313384985382817), np.float64(0.25702942935158163), np.float64(0.2554793814088642), np.float64(0.25828818074624066), np.float64(0.2546230581783406), np.float64(0.25666420383739236), np.float64(0.2501180483431301), np.float64(0.24372875242569214), np.float64(0.24339974180227786), np.float64(0.244165730886389), np.float64(0.24836805856613042), np.float64(0.25079868622189744), np.float64(0.2558025490224001), np.float64(0.25869963052265393), np.float64(0.26156224143632134)], [np.float64(0.1999350974685702), np.float64(0.20566490441167004), np.float64(0.20331990847952597), np.float64(0.2177784713091392), np.float64(0.20291493453669004), np.float64(0.20553182270365947), np.float64(0.19562885020151924), np.float64(0.19796328996372778), np.float64(0.1919268336970107), np.float64(0.19209522475233295), np.float64(0.1875707022854768), np.float64(0.18969866245230899), np.float64(0.1819040854368371), np.float64(0.18575703252507997), np.float64(0.1769227117096333)], [np.float64(0.20429895742700607), np.float64(0.16794466711014538), np.float64(0.16211582844087666), np.float64(0.15700504819582148), np.float64(0.16508358301576004), np.float64(0.18932548733459253), np.float64(0.20184652916666682), np.float64(0.22983640183215626), np.float64(0.24834349155048682), np.float64(0.27418026969887016), np.float64(0.28807016940834546), np.float64(0.29595637290139915), np.float64(0.2982408259523944), np.float64(0.30089102907914034), np.float64(0.3006551106558342)], [np.float64(0.17192643588833253), np.float64(0.2671816343366591), np.float64(0.2774202487166635), np.float64(0.2909597355504518), np.float64(0.2865626610052083), np.float64(0.2944765521860649), np.float64(0.2926479970396706), np.float64(0.3021988363338393), np.float64(0.29987518530467644), np.float64(0.3043458073784724), np.float64(0.3017941949119715), np.float64(0.3030123750193308), np.float64(0.3012527644602938), np.float64(0.30095210590996696), np.float64(0.29845155833283693)], [np.float64(0.22497146976659452), np.float64(0.24895588080561493), np.float64(0.30221187877573147), np.float64(0.29447844016186764), np.float64(0.31486054559990384), np.float64(0.31201353694275474), np.float64(0.3226936248343404), np.float64(0.3218227507032892), np.float64(0.3261690553397458), np.float64(0.3262326315348393), np.float64(0.32853659479340286), np.float64(0.32921329935502947), np.float64(0.330497696499898), np.float64(0.33096673792608716), np.float64(0.33250964524945165)], [np.float64(0.05164975427056837), np.float64(0.10910699889540308), np.float64(0.1420668601778966), np.float64(0.1518673452659321), np.float64(0.15728913112345538), np.float64(0.16300047265670417), np.float64(0.15976453518172254), np.float64(0.16319546243359262), np.float64(0.15940372217906726), np.float64(0.16299639302727556), np.float64(0.16278906278552482), np.float64(0.16630810624387415), np.float64(0.16958444900574826), np.float64(0.17175757615688816), np.float64(0.1808199931057685)]]
Total Percentage: [[np.float64(10.436), np.float64(16.962), np.float64(12.575), np.float64(14.199), np.float64(13.668), np.float64(13.456999999999999), np.float64(13.895), np.float64(13.794), np.float64(14.123), np.float64(14.056), np.float64(14.232), np.float64(14.167), np.float64(14.521), np.float64(14.350999999999999), np.float64(14.629)], [np.float64(18.233), np.float64(19.459), np.float64(19.726), np.float64(21.363), np.float64(21.208), np.float64(21.935), np.float64(21.675), np.float64(21.485000000000003), np.float64(20.76), np.float64(20.971999999999998), np.float64(20.565), np.float64(20.585), np.float64(20.055999999999997), np.float64(19.972), np.float64(19.585)], [np.float64(20.227), np.float64(22.546), np.float64(22.746), np.float64(24.171), np.float64(24.111), np.float64(23.782), np.float64(22.781000000000002), np.float64(21.906), np.float64(21.187), np.float64(20.974999999999998), np.float64(20.671), np.float64(20.538999999999998), np.float64(20.29), np.float64(19.917), np.float64(19.71)], [np.float64(18.123), np.float64(16.329), np.float64(17.349), np.float64(17.017), np.float64(16.801), np.float64(16.583000000000002), np.float64(16.491), np.float64(16.316), np.float64(16.304), np.float64(16.265), np.float64(16.503), np.float64(16.592000000000002), np.float64(16.974), np.float64(17.095), np.float64(17.448)], [np.float64(18.931), np.float64(16.17), np.float64(16.93), np.float64(17.737), np.float64(17.721999999999998), np.float64(18.512), np.float64(18.145), np.float64(17.906), np.float64(17.695), np.float64(17.418), np.float64(17.517), np.float64(17.464), np.float64(17.53), np.float64(17.476), np.float64(17.508000000000003)], [np.float64(10.751), np.float64(9.751), np.float64(9.246), np.float64(9.991999999999999), np.float64(9.864), np.float64(10.653), np.float64(10.408000000000001), np.float64(11.112), np.float64(10.71), np.float64(11.107), np.float64(10.753), np.float64(10.875), np.float64(10.507), np.float64(10.707), np.float64(10.308)], [np.float64(19.485), np.float64(20.615), np.float64(21.157999999999998), np.float64(24.07), np.float64(22.492), np.float64(22.884), np.float64(22.791), np.float64(22.298000000000002), np.float64(21.634999999999998), np.float64(21.999), np.float64(22.015), np.float64(22.819), np.float64(22.59), np.float64(22.85), np.float64(22.686)], [np.float64(7.135), np.float64(10.91), np.float64(10.09), np.float64(10.482), np.float64(10.066), np.float64(9.986), np.float64(9.718), np.float64(10.022), np.float64(9.78), np.float64(10.231), np.float64(10.007000000000001), np.float64(10.834000000000001), np.float64(10.647), np.float64(11.591), np.float64(11.618)], [np.float64(21.42), np.float64(17.964), np.float64(23.698), np.float64(22.278000000000002), np.float64(23.968), np.float64(23.298), np.float64(24.294), np.float64(23.806), np.float64(24.648999999999997), np.float64(24.093999999999998), np.float64(24.864), np.float64(24.09), np.float64(25.031), np.float64(24.09), np.float64(25.098)], [np.float64(17.814), np.float64(21.247), np.float64(23.294), np.float64(27.122), np.float64(28.474), np.float64(29.258), np.float64(29.313), np.float64(29.715999999999998), np.float64(29.674), np.float64(29.593000000000004), np.float64(29.093999999999998), np.float64(28.87), np.float64(28.42), np.float64(28.713), np.float64(28.801)]]
Total Delta Gamma: [1.73429696 1.99052489 2.01175501 1.88494409 1.89718522 2.00238396
 1.70330632 1.8314901  1.65940424 2.00276565]
Total Delta R: [1.4101807  1.29128534 1.31149092 1.65119841 1.57291367 1.54257275
 1.21565947 1.78129598 1.27042425 1.19261848]
