Complexity increased keeping gamma very unbalanced, and increasing K (K=6)
==================================================

N (neurons): 3
K (states): 6
T (time steps): 50000
Seed: None
Number of repetitions: 10
Number of iterations: 100

Initialization of parameters for HMM:
Pi: [1 0 0 0 0 0]
Gamma: [[0.75 0.05 0.05 0.05 0.05 0.05]
 [0.05 0.75 0.05 0.05 0.05 0.05]
 [0.05 0.05 0.75 0.05 0.05 0.05]
 [0.05 0.05 0.05 0.75 0.05 0.05]
 [0.05 0.05 0.05 0.05 0.75 0.05]
 [0.05 0.05 0.05 0.05 0.05 0.75]]
R: [[0.5        0.         0.5        0.         0.33333333 0.33333333]
 [0.         0.5        0.5        0.         0.         0.33333333]
 [0.5        0.         0.         0.5        0.33333333 0.        ]
 [0.         0.5        0.         0.5        0.33333333 0.33333333]]

Generated data:
Generated firings (y): [0 2 0 0 2 2 3 1 3 3 2 1 1 3 3 3 1 2 2 2 3 2 2 2 2 3 2 2 2 3 1 1 3 1 3 3 2
 2 2 2 0 2 1 3 2 2 2 3 2 3 3 2 2 0 0 2 1 3 3 3 3 3 1 3 1 3 0 2 0 1 1 3 3 1
 1 3 2 3 1 1 3 3 2 3 0 1 3 1 1 0 1 1 1 1 0 1 1 1 1 0]... (showing first 100 entries)
Generated states (z): [0 0 4 4 4 4 4 1 1 3 3 2 2 3 4 4 1 3 3 3 3 3 3 3 3 3 3 3 3 3 5 5 5 5 5 5 0
 0 0 0 0 4 5 5 4 3 3 3 3 4 4 4 4 4 4 4 2 3 3 1 1 1 1 1 1 1 0 0 0 1 1 1 1 1
 1 1 0 1 1 1 1 3 3 3 4 5 5 5 5 2 5 5 2 2 2 2 2 2 2 5]... (showing first 100 entries)

Estimated parameters:
Estimated Pi: [array([0.09115128, 0.05721714, 0.40211808, 0.11563664, 0.24704393,
       0.08683293]), array([0.01526669, 0.27923452, 0.11476599, 0.26976152, 0.19066639,
       0.1303049 ]), array([0.31895526, 0.21172553, 0.13608145, 0.19552136, 0.04032561,
       0.09739079]), array([0.13392969, 0.12209004, 0.55832037, 0.04019703, 0.0265106 ,
       0.11895228]), array([0.03325199, 0.00985485, 0.50014066, 0.17691211, 0.1331932 ,
       0.14664718]), array([0.01523363, 0.56078532, 0.03307826, 0.06002415, 0.29600651,
       0.03487213]), array([0.57264603, 0.00496832, 0.0737278 , 0.1461396 , 0.16202763,
       0.04049062]), array([0.23130156, 0.2459766 , 0.01680788, 0.06431238, 0.28577795,
       0.15582362]), array([0.00071211, 0.05061115, 0.05828258, 0.2035633 , 0.53825712,
       0.14857374]), array([0.15659294, 0.11989173, 0.18914886, 0.15029245, 0.06023055,
       0.32384347])]
Estimated Gamma: [array([[0.3120573 , 0.01516143, 0.21463902, 0.30982516, 0.14053964,
        0.00777745],
       [0.34843478, 0.25247081, 0.0412831 , 0.13490491, 0.09510535,
        0.12780104],
       [0.04437426, 0.05863363, 0.0988822 , 0.23304517, 0.20465614,
        0.36040859],
       [0.13817875, 0.08796092, 0.04558571, 0.40506336, 0.00097972,
        0.32223153],
       [0.21221997, 0.23717293, 0.23816539, 0.01899515, 0.15879219,
        0.13465437],
       [0.01350176, 0.02867618, 0.34856916, 0.02743602, 0.16543853,
        0.41637835]]), array([[0.45555762, 0.23576888, 0.0764699 , 0.07757237, 0.01215625,
        0.14247498],
       [0.22745113, 0.00435568, 0.15526563, 0.04846749, 0.35237791,
        0.21208216],
       [0.08302655, 0.10394775, 0.40031787, 0.00650145, 0.07570393,
        0.33050246],
       [0.02223974, 0.66283899, 0.08001767, 0.06568183, 0.06233329,
        0.10688847],
       [0.08401898, 0.11446763, 0.17736253, 0.10636748, 0.34955704,
        0.16822633],
       [0.07557158, 0.3614358 , 0.17793092, 0.23009282, 0.10205259,
        0.05291629]]), array([[0.07387527, 0.3656665 , 0.04646699, 0.04930389, 0.26337623,
        0.20131111],
       [0.08951427, 0.31917727, 0.01143345, 0.38179631, 0.04999877,
        0.14807993],
       [0.10390249, 0.14031833, 0.11612271, 0.38770499, 0.1794964 ,
        0.07245508],
       [0.32389733, 0.00295858, 0.34747211, 0.12212202, 0.13884532,
        0.06470464],
       [0.1786168 , 0.23143299, 0.15694389, 0.08413544, 0.15195146,
        0.19691942],
       [0.03455741, 0.01562634, 0.10739215, 0.26450141, 0.08899768,
        0.48892501]]), array([[0.21921195, 0.34375019, 0.10434005, 0.01814303, 0.01613936,
        0.29841542],
       [0.48353948, 0.17564946, 0.01087112, 0.22993929, 0.01071042,
        0.08929023],
       [0.34876932, 0.12589214, 0.15815375, 0.00191967, 0.05690031,
        0.30836481],
       [0.07852751, 0.35863237, 0.02066443, 0.10557827, 0.37683998,
        0.05975744],
       [0.00170689, 0.1298498 , 0.03901774, 0.07528349, 0.64471044,
        0.10943165],
       [0.06773195, 0.31254127, 0.17515315, 0.04315412, 0.27878017,
        0.12263934]]), array([[0.73227825, 0.03074714, 0.00351612, 0.11186807, 0.05123132,
        0.07035909],
       [0.04730603, 0.00357894, 0.21347274, 0.13018736, 0.10818306,
        0.49727186],
       [0.20820341, 0.10212461, 0.06862087, 0.02263509, 0.21404014,
        0.38437588],
       [0.24858178, 0.03737845, 0.11255308, 0.35637176, 0.10724801,
        0.13786693],
       [0.03330474, 0.11025988, 0.18854927, 0.10799407, 0.40875381,
        0.15113824],
       [0.00341909, 0.04737545, 0.01427077, 0.35435078, 0.22897764,
        0.35160628]]), array([[0.77481158, 0.10767455, 0.00688498, 0.0317022 , 0.02116272,
        0.05776397],
       [0.14073148, 0.26397394, 0.01785828, 0.1389833 , 0.1069161 ,
        0.33153689],
       [0.09022345, 0.14173707, 0.33935981, 0.00984607, 0.12567676,
        0.29315684],
       [0.22708239, 0.50968919, 0.11918778, 0.07847779, 0.04681906,
        0.0187438 ],
       [0.15391196, 0.63702743, 0.07496576, 0.02411539, 0.10761952,
        0.00235993],
       [0.06072294, 0.06898796, 0.09151567, 0.03245769, 0.08885787,
        0.65745787]]), array([[2.21185057e-01, 3.06293947e-02, 3.77346599e-01, 1.38129587e-01,
        2.20462526e-01, 1.22468363e-02],
       [1.24368138e-01, 4.02005260e-01, 2.30388087e-01, 1.54321434e-02,
        9.53498421e-03, 2.18271388e-01],
       [1.74586754e-01, 2.16540480e-01, 3.43367920e-01, 5.16991119e-02,
        7.23347297e-02, 1.41471005e-01],
       [7.82472862e-02, 4.16560222e-02, 4.98176702e-02, 1.64213544e-01,
        5.33388073e-01, 1.32677405e-01],
       [1.55588007e-01, 7.68980147e-02, 3.24533431e-04, 3.87370446e-01,
        1.32231791e-01, 2.47587208e-01],
       [8.97368002e-02, 8.80597519e-02, 1.63514358e-02, 3.06910766e-01,
        3.41938219e-02, 4.64747424e-01]]), array([[0.18460242, 0.03719502, 0.14259723, 0.04029547, 0.06952241,
        0.52578745],
       [0.03149985, 0.14962022, 0.35648927, 0.16343488, 0.07864644,
        0.22030934],
       [0.11023085, 0.52711311, 0.12813522, 0.00570433, 0.08278806,
        0.14602843],
       [0.01810301, 0.13117739, 0.0170595 , 0.6671207 , 0.08921962,
        0.07731979],
       [0.07444146, 0.15643377, 0.00303175, 0.45429527, 0.13955713,
        0.17224061],
       [0.20763051, 0.32040429, 0.06638065, 0.20300581, 0.1081602 ,
        0.09441854]]), array([[0.44545942, 0.19399519, 0.12494888, 0.13455551, 0.06228403,
        0.03875697],
       [0.14907663, 0.02773635, 0.25787733, 0.36355328, 0.18015482,
        0.02160159],
       [0.18121664, 0.01364664, 0.44954769, 0.01007505, 0.07392056,
        0.27159342],
       [0.22331187, 0.02351395, 0.12213127, 0.36841234, 0.25034245,
        0.01228813],
       [0.0669334 , 0.00944175, 0.30162997, 0.09613259, 0.22910808,
        0.29675421],
       [0.18614016, 0.03736162, 0.03073996, 0.14178301, 0.49700148,
        0.10697377]]), array([[2.94103540e-04, 4.13157828e-02, 1.98215418e-01, 5.84042861e-02,
        2.78565784e-01, 4.23204626e-01],
       [7.84699584e-02, 4.97844628e-01, 9.44475230e-02, 1.03906272e-02,
        1.76285433e-02, 3.01218720e-01],
       [8.04024635e-02, 1.09348018e-01, 2.34966620e-02, 1.55795604e-01,
        3.71993084e-01, 2.58964168e-01],
       [9.54702704e-02, 9.13737395e-02, 3.94355066e-01, 2.19851140e-02,
        2.34832265e-01, 1.61983545e-01],
       [7.95569571e-02, 1.78083094e-02, 4.18743102e-01, 9.49566802e-02,
        2.80930880e-01, 1.08004072e-01],
       [2.02416514e-01, 3.09732924e-01, 9.36950461e-03, 3.03898861e-01,
        1.16903627e-02, 1.62891833e-01]])]
Estimated R: [array([[0.38377014, 0.37432906, 0.41218917, 0.12340172, 0.54909829,
        0.0737053 ],
       [0.46359041, 0.26093371, 0.07510721, 0.49470909, 0.12210732,
        0.0644221 ],
       [0.0369498 , 0.02205835, 0.29304256, 0.13215374, 0.00191155,
        0.50128842],
       [0.11568966, 0.34267888, 0.21966106, 0.24973546, 0.32688283,
        0.36058418]]), array([[0.05678664, 0.32408476, 0.09774268, 0.37723703, 0.68766075,
        0.18807678],
       [0.00966048, 0.23300716, 0.61805971, 0.01371814, 0.03139716,
        0.30346538],
       [0.04490471, 0.36082872, 0.09595289, 0.22686457, 0.23110344,
        0.3465882 ],
       [0.88864818, 0.08207936, 0.18824472, 0.38218026, 0.04983865,
        0.16186965]]), array([[0.33629656, 0.56467775, 0.20654979, 0.28178769, 0.11198206,
        0.18206198],
       [0.03978926, 0.06865078, 0.09086765, 0.09343629, 0.28067263,
        0.68068219],
       [0.23472546, 0.27229165, 0.13364244, 0.25476629, 0.39475559,
        0.07357828],
       [0.38918873, 0.09437982, 0.56894012, 0.37000973, 0.21258971,
        0.06367755]]), array([[0.23965122, 0.23152406, 0.63528245, 0.01964376, 0.18410645,
        0.54068332],
       [0.00997471, 0.10353196, 0.02815499, 0.16695556, 0.65982927,
        0.1290605 ],
       [0.64503289, 0.20558834, 0.20701245, 0.04516506, 0.00735339,
        0.14321751],
       [0.10534117, 0.45935564, 0.12955011, 0.76823562, 0.14871089,
        0.18703867]]), array([[0.241239  , 0.11386538, 0.67863628, 0.31622042, 0.14428039,
        0.30463686],
       [0.61326916, 0.16947516, 0.02998446, 0.10514187, 0.01997857,
        0.08093918],
       [0.01449817, 0.45690084, 0.1464054 , 0.05568184, 0.63539263,
        0.27580775],
       [0.13099367, 0.25975862, 0.14497386, 0.52295587, 0.20034841,
        0.33861622]]), array([[0.15115532, 0.81932576, 0.06816679, 0.25469554, 0.57679561,
        0.06101882],
       [0.55208837, 0.10665525, 0.10928564, 0.18601568, 0.10823975,
        0.00662403],
       [0.00222563, 0.02401757, 0.49213388, 0.33728055, 0.20258785,
        0.50646708],
       [0.29453068, 0.05000142, 0.33041369, 0.22200823, 0.11237679,
        0.42589007]]), array([[0.93686247, 0.08790005, 0.30829758, 0.133143  , 0.24057732,
        0.13932678],
       [0.04278295, 0.80443418, 0.47898578, 0.00636465, 0.02769745,
        0.19866497],
       [0.01328129, 0.00436658, 0.0656611 , 0.39804086, 0.64277868,
        0.07235875],
       [0.0070733 , 0.10329919, 0.14705554, 0.46245149, 0.08894655,
        0.5896495 ]]), array([[0.61506766, 0.30421293, 0.00228119, 0.05710361, 0.45863966,
        0.63843147],
       [0.18068085, 0.33732007, 0.71774764, 0.01410029, 0.06702765,
        0.28890343],
       [0.03695991, 0.0810167 , 0.08249483, 0.52247584, 0.13868512,
        0.00589981],
       [0.16729158, 0.27745031, 0.19747634, 0.40632027, 0.33564757,
        0.0667653 ]]), array([[0.01835289, 0.04876197, 0.01302734, 0.49432084, 0.76225151,
        0.31551184],
       [0.41959047, 0.32701722, 0.17844748, 0.33717966, 0.04430586,
        0.09999974],
       [0.06081681, 0.00179956, 0.51143238, 0.01530995, 0.09537128,
        0.47191578],
       [0.50123983, 0.62242124, 0.2970928 , 0.15318955, 0.09807135,
        0.11257265]]), array([[0.43050017, 0.07075379, 0.23198844, 0.33595356, 0.12354738,
        0.53244156],
       [0.22229812, 0.02064588, 0.31969529, 0.07012273, 0.74055834,
        0.03961671],
       [0.1727295 , 0.68089753, 0.08135426, 0.04222799, 0.03323067,
        0.15421162],
       [0.17447221, 0.2277028 , 0.36696201, 0.55169571, 0.1026636 ,
        0.27373012]])]

Total NMI: [[0.10570065394189775, 0.10903265670717309, 0.1093111426952842, 0.1066924768256997, 0.10795263061875385, 0.10999147077462684, 0.11327927020458613, 0.11794878328122066, 0.11386268230278875, 0.11189485647253676, 0.11573225657463014, 0.1139756996759587, 0.11751996109417091, 0.1152581410856852, 0.11605219674308147, 0.11590455946648075, 0.11734323096807626, 0.12084602986162098, 0.12039906224497862, 0.12242587474974319, 0.12258409873863745, 0.12424435788448328, 0.12377770102638694, 0.12673032720293426, 0.12230116639151263, 0.12705305585757493, 0.12832784109271025, 0.12823172577804087, 0.12808586173353517, 0.12437786987663452, 0.13023379373134514, 0.1310565741990312, 0.12731319082190123, 0.13117323208472298, 0.1292775195258953, 0.1329191293594075, 0.13235508497270446, 0.12671562385459426, 0.13198351198612077, 0.13437417579656155, 0.138339270630745, 0.13545935226140166, 0.1348147004659834, 0.13413510273080195, 0.13384585235878874, 0.13448886727338036, 0.13676118900657394, 0.13904534771783764, 0.13839647385119705, 0.13870338988490644, 0.1392279322393038, 0.13938909871561828, 0.13607011984915388, 0.1413780609000861, 0.13934017006088223, 0.14127555139668832, 0.14197764034894866, 0.14240139246693662, 0.1418269820885408, 0.14100890436844357, 0.14311587345457683, 0.14471101280337442, 0.14440182742386679, 0.14148448183357112, 0.1432508119366103, 0.1444740110192437, 0.14339471822168157, 0.14541865275270427, 0.14908868193674246, 0.1481486255021386, 0.14457254027777597, 0.1403057406745036, 0.146279564771392, 0.14415593315595, 0.1501352707250196, 0.14873395643723447, 0.14828600611035817, 0.14902084852281033, 0.15216947297937786, 0.1487842623301997, 0.15003230352460878, 0.1523900777162998, 0.15064760201353605, 0.15160320280291054, 0.15106141345494278, 0.15018936815011763, 0.15234773892579176, 0.15383771477160632, 0.14805094823286952, 0.15298642134616786, 0.15443963734229643, 0.1518925025456437, 0.15172689322478766, 0.15251469082011535, 0.15346311822789976, 0.15339174024965707, 0.15440272819814835, 0.15714822339985443, 0.15231979136483717, 0.15324755910924168], [0.16358783920721584, 0.16417644435128978, 0.1667472988353731, 0.1686768546558917, 0.167009741507881, 0.1662473608784912, 0.16822960435074122, 0.1702911746318205, 0.17104259617612824, 0.17302374419439207, 0.17015325826030292, 0.17506048940665175, 0.17363354137165857, 0.17656164341757036, 0.17445106963527937, 0.17526536686938313, 0.1739672450359639, 0.17384257028158195, 0.17630237054408368, 0.1767234456538051, 0.18005793614388305, 0.17850922962965343, 0.18045939350118417, 0.17997963878597384, 0.17577776174614818, 0.17915156077896638, 0.18381309997719036, 0.18399639789403793, 0.1834488320980804, 0.1794582527356126, 0.17973079661625505, 0.1790289153959272, 0.18558823020529222, 0.18143894897670315, 0.18280377827938438, 0.1876825353653958, 0.1859194165034389, 0.18667379702393494, 0.18535509863543587, 0.18423988070986155, 0.18469278931225006, 0.18730123039405638, 0.1879411314893715, 0.1885845857850289, 0.1927868732959086, 0.18707711497094837, 0.18882244630772616, 0.18924067525974736, 0.18813495544333886, 0.18804223216885585, 0.18631880854372537, 0.18666446019394345, 0.18778490806825446, 0.19033620289514494, 0.18764036010556487, 0.18339244565468793, 0.19073938729987283, 0.19004849446739835, 0.19238726976988785, 0.1918077259113345, 0.19348024279484166, 0.1936823003245347, 0.19050010393051955, 0.1935240808792362, 0.19485243943890787, 0.19689626672943847, 0.1964482042995528, 0.19530160896210758, 0.1934306546879284, 0.19462717985711864, 0.1959421697529854, 0.19148100746199975, 0.19459760328439418, 0.19209493938766087, 0.1958922224536094, 0.19830003056149836, 0.1947976489949801, 0.1975003996051811, 0.19675194664090645, 0.19638526484935961, 0.195632215961502, 0.194752971369416, 0.19519242496192485, 0.19699243005665068, 0.1985851353429042, 0.19826659557603002, 0.20008027510430956, 0.20055002930195392, 0.20080689677203106, 0.20135811075973528, 0.2018947349554401, 0.20083263622608913, 0.20421181473500816, 0.1975049496736698, 0.2005175661151704, 0.20334610615708443, 0.20185991625542007, 0.19997102820680565, 0.1993844909398549, 0.2012240118733072], [0.10594398765496758, 0.10605557671577984, 0.10681336107343094, 0.11138776509885616, 0.10911193017417915, 0.11115710431922886, 0.11363785855767936, 0.11227508197207954, 0.11610419496141727, 0.11507480482304623, 0.1179239010599638, 0.11899030969677163, 0.11992413579678611, 0.1164766445474078, 0.12105794146601705, 0.12009744235791649, 0.12117348521864782, 0.1227061254578186, 0.1204520327772658, 0.1244683112244671, 0.1227745086499594, 0.12342924829403948, 0.12453374499379373, 0.1258451328143076, 0.12599233958842201, 0.12873724260088876, 0.12983978427813334, 0.1291425680257518, 0.12755891513975381, 0.12843497924888758, 0.12488798027643591, 0.12950708345644532, 0.12891050933981005, 0.1335809607757622, 0.13101877096261139, 0.13465817961852514, 0.13532940622887385, 0.13167106054173533, 0.13222739648072424, 0.13238966315444736, 0.13372972966801697, 0.13239381659226715, 0.1314981833131579, 0.13461166864124066, 0.13386237779581756, 0.13410686899562296, 0.13585277753671096, 0.13387655850353, 0.13703425788882656, 0.137501936748144, 0.13787807476191713, 0.1370906254797654, 0.13992320734484248, 0.14014540899908923, 0.14111305656707898, 0.13905780402834864, 0.1387663796335141, 0.1412081119378268, 0.13732964377988477, 0.13818460042565908, 0.14024325701344426, 0.13781542608503705, 0.14144869896856166, 0.13721647169051335, 0.1396689074371203, 0.1397261497810416, 0.14213519436272898, 0.1428150211333273, 0.14376999517401204, 0.14132448443123957, 0.14599139439220837, 0.14207342930831302, 0.14265080992231152, 0.14559565565765706, 0.14349790341015367, 0.14109461601986614, 0.1468125333851701, 0.14877020260441062, 0.1462056992669857, 0.1449586833699048, 0.14550440363954859, 0.1447804260649755, 0.14526566889325138, 0.1495275405505377, 0.1482903586859681, 0.151621357080033, 0.14661772581552884, 0.14515875752890703, 0.14618406708440548, 0.14608316265567914, 0.14615906423462754, 0.14599882062857375, 0.14904734397885017, 0.14599466550181484, 0.14982534372184303, 0.15009864647023946, 0.15015905688855716, 0.15050916175262022, 0.1516528649309205, 0.15099821554775608], [0.16602267188647243, 0.17003518132455528, 0.17874206976260915, 0.18469923601414245, 0.18528084768575204, 0.1902283049567357, 0.19332734055939088, 0.19586874431274734, 0.19959884222472424, 0.2064639132693368, 0.21072806894326535, 0.21164967079947228, 0.20961005217743933, 0.2091655627598734, 0.21162281403340977, 0.21307987534196562, 0.2145285936361803, 0.21758011146764694, 0.22042465283515172, 0.22071827798708338, 0.21882785458540033, 0.22051448789299705, 0.2243359421825917, 0.22311317238263956, 0.22457986505073788, 0.22545936030657984, 0.2294097735129444, 0.22564522635072373, 0.2275379327576556, 0.2276201460825746, 0.22941978394889645, 0.22842954361445791, 0.22724485062741343, 0.22664019006764063, 0.22754648174844866, 0.23369540272760267, 0.2291079891865224, 0.23148222651986747, 0.23463653170032903, 0.22991230749056385, 0.2328953625251316, 0.2337315931230485, 0.23338406811422208, 0.23213308359391366, 0.23765397294592278, 0.23149220327099154, 0.23529931235596704, 0.2390389914666437, 0.23659095297275975, 0.2359770772606799, 0.23464097318984145, 0.24083382259624853, 0.2413448657122642, 0.23876725858849, 0.2409987056169389, 0.2402894996412918, 0.23618269267735775, 0.2387180273596408, 0.24168878449427864, 0.23511643731469356, 0.24338509988545123, 0.24144319823067675, 0.24026681905217098, 0.23980291992336994, 0.24302620066241926, 0.24155661005234177, 0.23975721498996677, 0.2434504862226998, 0.24497576455550849, 0.24561701900619257, 0.24642031409149892, 0.24648966875352687, 0.24078903019543396, 0.24476996364921563, 0.2449034372459417, 0.24683317972142654, 0.24600467148919727, 0.250893007148831, 0.24825034955269162, 0.24475989362425093, 0.2464363030149469, 0.24828277679868116, 0.24662628243187304, 0.2486790224618413, 0.25153185270896433, 0.24852856029888473, 0.24720150174404448, 0.24868091327368147, 0.24314207912701483, 0.24870146375428978, 0.24902251815879498, 0.24866947172735854, 0.24899411471409683, 0.25220566178390436, 0.2485763695217042, 0.2487298151210197, 0.24679776682795834, 0.2502083270031659, 0.25253217256682015, 0.2524909219116577], [0.13976363652733015, 0.15044729350550082, 0.15488408018607394, 0.15920742002747898, 0.1688363315629039, 0.17234213740404133, 0.17532408596723972, 0.1775824782423549, 0.18149562173476627, 0.18423804645861824, 0.18316753426397994, 0.19065303444717357, 0.18996492421884392, 0.19547807500960077, 0.1928514206281627, 0.1934547684141461, 0.1952820816764209, 0.1954823875494048, 0.19815858220229365, 0.20038132444272058, 0.2021361998549249, 0.2044226124259746, 0.20614385662071796, 0.2016958387312891, 0.20628318466946743, 0.20862637468573225, 0.2094218865202506, 0.20992679513700907, 0.2075802457347329, 0.2073427565361799, 0.20943019538309943, 0.21606353032142353, 0.21260715026628688, 0.21736897490234766, 0.21635821242703382, 0.21342361253468087, 0.21513586557550265, 0.21272997225691062, 0.2165372756918525, 0.2157243698290606, 0.21464184278390155, 0.21400847107883378, 0.2178125662118641, 0.2167903133515974, 0.21773891991665884, 0.21735829054477798, 0.21545095451648782, 0.2186304144478239, 0.21705465103616503, 0.2219214095222398, 0.2179927408387386, 0.2197619005305332, 0.22028968529798135, 0.22070092218608753, 0.2235965677749266, 0.22400026438629767, 0.2215478010457365, 0.22258497512845293, 0.22503907444332408, 0.2237501358802926, 0.2209174933474361, 0.21782178842166058, 0.22085897942941177, 0.22676059424410924, 0.22243489424377422, 0.22556473273563138, 0.22551504297820535, 0.22041964369120304, 0.22758557226012416, 0.22377240962346553, 0.2233044012619765, 0.22479626515940945, 0.22515356974140882, 0.22547234631497934, 0.22534872263038794, 0.22520033641855164, 0.2255860305792013, 0.2270568121328808, 0.22491491321368978, 0.22876107890076214, 0.22673174151438227, 0.22772382889679146, 0.2314134387689625, 0.2275667822373538, 0.22584625259737062, 0.22722595169618406, 0.22922041258273215, 0.23125448839700943, 0.2285973039970883, 0.23084808020206068, 0.23058648020489741, 0.23457675673793119, 0.23519421944994937, 0.23128272938685945, 0.22969029231029633, 0.2319734926348163, 0.2308185767519793, 0.23385930995387005, 0.23046314823563266, 0.229325137146542], [0.22654019160320873, 0.24916386907448604, 0.26063150682841474, 0.26563544795732474, 0.2707187821571511, 0.2781318881441261, 0.2804021125944369, 0.2844758217846269, 0.29453455725167693, 0.29773582127324405, 0.2952916377576395, 0.29543405634157655, 0.3019065548232982, 0.30545117721571985, 0.3066438595039965, 0.3101547447401653, 0.30724320843786374, 0.30665441299172014, 0.31118008443744416, 0.3099688863064836, 0.30787148842840445, 0.312724256639433, 0.31563733906996155, 0.31690185350796224, 0.3204189246306109, 0.3179929944513878, 0.3202344096185015, 0.31749308804571724, 0.3152927243279238, 0.31770243705740725, 0.3238900620540045, 0.3224730876332324, 0.32157190057009066, 0.3287291143266391, 0.3248696263374052, 0.32717140998566185, 0.325061495285918, 0.3224887425555446, 0.3315331411926776, 0.33210079224117167, 0.3279569712452338, 0.32652807768877834, 0.32925457616413395, 0.32655766597832137, 0.325999363432092, 0.3293633452825928, 0.3269616842705465, 0.33123213614354297, 0.33361148435288085, 0.3309117353140982, 0.3356627732079666, 0.32942114022883695, 0.3311438810550845, 0.3336256068817049, 0.33195240916733376, 0.32894601935733636, 0.3337386331162369, 0.333984837890164, 0.3336261176629739, 0.3307869039083788, 0.33242491934310175, 0.33630686060301884, 0.3386252861822463, 0.33761729524551337, 0.3359964771032777, 0.33547253977789837, 0.33215302894129717, 0.3361095961581617, 0.3351358263673822, 0.3353498440446776, 0.3359632505386606, 0.3385361574346729, 0.33440329036662286, 0.34060262856870854, 0.3421929992317882, 0.34073724322620097, 0.33459343746368225, 0.3345489683720248, 0.3363537308041747, 0.335992087663204, 0.33478303681032073, 0.33449850753380184, 0.3375576736250628, 0.34019493833700826, 0.33923161367356874, 0.33701966092718016, 0.3399292774003653, 0.3473632440985673, 0.33922859234474, 0.33760004265251475, 0.33124164558355074, 0.3405525981538195, 0.3330878628547299, 0.33634059201037286, 0.33902539522886876, 0.3420460547780967, 0.3415298195512516, 0.3331912324838943, 0.33611505947494336, 0.340065816601121], [0.18512345301711994, 0.1828830446940165, 0.18817191985616052, 0.18646434958222977, 0.19545862631969083, 0.1971700467627127, 0.20018423444502703, 0.19901817869124677, 0.20488964189141287, 0.2104394293805081, 0.208056946175788, 0.21058477412334559, 0.21453806670828224, 0.21590434200705316, 0.21684583394848522, 0.217318318001235, 0.21681466193653942, 0.22030284020106675, 0.22314812996058933, 0.2262439571784684, 0.2260353871130315, 0.22816062438984633, 0.22956462812520992, 0.22514154165430036, 0.22876539252523362, 0.23404833098414002, 0.23226915486419739, 0.23313874615228997, 0.2305710930755709, 0.23183229052329093, 0.2301470094568803, 0.234642770038426, 0.23558638207484034, 0.24273460502193858, 0.23826350197762924, 0.24031880652648452, 0.24652427417964642, 0.2444431041926191, 0.24314764230580382, 0.24116014447677647, 0.24049511445326036, 0.24245519120000053, 0.2436040619289389, 0.24075164699861873, 0.24835296280498112, 0.24524903619780977, 0.25231264372200785, 0.24859563380131866, 0.24977211504437943, 0.24962955296976536, 0.2511694912672748, 0.2508181846153205, 0.2521056059374906, 0.25315414915549955, 0.25523786232426404, 0.2536554427522862, 0.25203964967870535, 0.24767015775689832, 0.24832875800213036, 0.2502643402853135, 0.2559674258373936, 0.25444192964936874, 0.2603051740813511, 0.2555789808500057, 0.2573591103399508, 0.25622122110842294, 0.2574882965697912, 0.2572653314669692, 0.25560356956527713, 0.25562340394596256, 0.25803542283839104, 0.2616986293249707, 0.2578625492939108, 0.2615727029664088, 0.2605348559105989, 0.2591705435044955, 0.2631266632796364, 0.26446880013998675, 0.25919847576459576, 0.2617719639241681, 0.26173358031692223, 0.2585577037467824, 0.26353523535099094, 0.2622290938742219, 0.2596638414412827, 0.26202872157383694, 0.2648129189324066, 0.2657180043048753, 0.26149629453207546, 0.2637260888265653, 0.26660942697952045, 0.267644010190781, 0.26891079754759056, 0.27363911899019067, 0.2673509605337057, 0.2659540665770243, 0.2685417259671652, 0.2645155005566797, 0.26517732069718203, 0.2646335272649362], [0.13113490797921007, 0.15144295219436676, 0.16028345347255757, 0.16676763656490512, 0.16800810852397915, 0.1784193236650754, 0.17989756189850917, 0.18283098346941415, 0.188250867788462, 0.1886794516402882, 0.19035037663967636, 0.1942238402487427, 0.19445947934285918, 0.19687871655617115, 0.19356046548788267, 0.19526511605047103, 0.19837096888787148, 0.1980750059193752, 0.19922133538670048, 0.19584460240458174, 0.2008931137301003, 0.20671985832853915, 0.20439244315628136, 0.20672324306039272, 0.20288212638459716, 0.20344820769333427, 0.20302007159632274, 0.20104232713543033, 0.20560740187962784, 0.2063639199543876, 0.2082376134822576, 0.20786746477882323, 0.2067275343332554, 0.2132566961272229, 0.21156375499686872, 0.21369496316087583, 0.2103977883877269, 0.21069028647051333, 0.21362009732750423, 0.21193346761919152, 0.20968965387945404, 0.2111914241443906, 0.21187311632589673, 0.21364252227201908, 0.21591524839519777, 0.21290546529808435, 0.21458580740115102, 0.2132463937582137, 0.2133659376344902, 0.21461309727264238, 0.21639706564603636, 0.2141437970380462, 0.2177802995209658, 0.21858089067244707, 0.21525817447065412, 0.22219066726487618, 0.21767949766524786, 0.21637383759542675, 0.21789435492204465, 0.22009561346810105, 0.21936279703362965, 0.22123399606993208, 0.21727260182175703, 0.22091630384447952, 0.2240564356177591, 0.2231473861995901, 0.2215825970330358, 0.21870321592520928, 0.22107915094137104, 0.22091542357844704, 0.21951345133744607, 0.22304273611378297, 0.22684170998837347, 0.2235038570025252, 0.2202648675703545, 0.22134325429153318, 0.22260450449465183, 0.22453498956444207, 0.2225413817081401, 0.22051942953457765, 0.22138252737931716, 0.22304487725954836, 0.2229138316832434, 0.2188821300955075, 0.22388711392336177, 0.223330942615067, 0.22348096611664933, 0.2277154581080559, 0.22571058928626536, 0.22290695760396875, 0.2258110053361411, 0.22112069060426565, 0.2280361707658068, 0.22602772878572977, 0.22436392794231397, 0.22738101870519137, 0.22459553407748417, 0.22687370122033143, 0.2264515000630474, 0.22633624256708196], [0.14248205017510324, 0.14780237425818724, 0.14845194097957815, 0.15228736370601134, 0.15533881335255925, 0.15858457202854173, 0.1600057237229648, 0.1656099830888823, 0.16493301678796457, 0.1666726479563022, 0.16755277140621522, 0.16678619693272906, 0.17132925106867927, 0.17657947974403435, 0.17425023379383722, 0.1753190537587785, 0.17657448789737568, 0.18201891568887496, 0.18245473293977096, 0.18061654700435764, 0.18159195377927667, 0.1814337565750146, 0.18551286901348185, 0.18574880558779672, 0.18500525360299894, 0.18710138628912104, 0.18597678755563832, 0.18844341180986116, 0.18927705867345407, 0.18926091149429067, 0.19387707361010484, 0.1927462729833571, 0.18932876423817946, 0.19220580503195162, 0.18915062894394527, 0.19390502128184, 0.19600896794260414, 0.19456328582149693, 0.19855553548799143, 0.19380999697683324, 0.20000613492079503, 0.20108574737263193, 0.19998718171032062, 0.20295572598773715, 0.20560870737040313, 0.20491378300943403, 0.20617928549175144, 0.20217704430934633, 0.2072978451349598, 0.201991598076816, 0.2077633901530111, 0.20585359377000112, 0.20651150300900895, 0.20462284474374967, 0.20567973702551684, 0.20912474977770407, 0.20491802882817245, 0.20665470398847283, 0.2040049199298441, 0.20877178434886892, 0.2146917905749131, 0.21058178740318628, 0.21257179528662942, 0.20931022705398403, 0.2072468025818821, 0.21398549200801525, 0.21125036201177985, 0.21186603040538035, 0.2128647810652465, 0.21539484529506855, 0.21720728346390866, 0.21470631583452826, 0.20831893172849103, 0.21252256765952626, 0.21636435742884594, 0.21072025300343153, 0.21495022975572212, 0.2145561919834222, 0.2206805094416956, 0.22394763560255657, 0.22288012427559392, 0.21794804079030414, 0.21978725170011834, 0.21780257019628835, 0.22076873120412485, 0.2212020057208171, 0.22259146880667252, 0.22436851434657992, 0.22171559447069014, 0.22187915301993677, 0.21937495906445512, 0.21933425715718505, 0.22354395780408293, 0.2245071404571522, 0.22650221577359317, 0.22753007434313302, 0.2197716968077786, 0.2244832695660942, 0.22255933001532213, 0.22216805882724172], [0.12621799121229568, 0.13428152635098944, 0.13577843484425872, 0.14354528914445394, 0.1483449300473053, 0.14949353421864384, 0.15641753106096556, 0.1546523131036753, 0.15944089248730378, 0.16103411577594148, 0.16600196250756108, 0.1706417591586802, 0.17078650213811838, 0.17239772206367304, 0.1742508248299597, 0.18325519819189134, 0.18166430067060116, 0.18162731589123607, 0.17976470851003906, 0.18260234933363304, 0.1883593780543444, 0.18842608484345852, 0.1905275218362631, 0.1902270847138141, 0.18863722698775326, 0.19216026679360293, 0.19164753037422277, 0.19250136818684346, 0.19334155122858143, 0.19656806223761045, 0.19658430761273324, 0.19544515103023002, 0.1996600951844868, 0.20027995642392127, 0.20262528436999205, 0.2054714035175469, 0.20387436076130047, 0.2005351055119961, 0.20188523826380056, 0.20228907887238565, 0.203384928213601, 0.20669168429486298, 0.20417654920383818, 0.20644350453637056, 0.20707938001455833, 0.20701625967971804, 0.2063016131151335, 0.20701964323838695, 0.20903039785393795, 0.2124961670894142, 0.20890334861502105, 0.20578105224583876, 0.21056809102974502, 0.20926916405858642, 0.2119928821879199, 0.21633358355645121, 0.21257237048575045, 0.21290648829707462, 0.21590352463861356, 0.2125269326536231, 0.2131754365491674, 0.21466149249029137, 0.21359847449967032, 0.21127988531358832, 0.21429897774239307, 0.21662057826141834, 0.2180324955797168, 0.2156914968089074, 0.2168462644382002, 0.21928148417571894, 0.21741828396022855, 0.2160979534986009, 0.2162192484733473, 0.21734073045407526, 0.21648008233717922, 0.21970456104087158, 0.22162056436542896, 0.2163964662590582, 0.21810517731398665, 0.22243354684935995, 0.22147398120884917, 0.22247369243334197, 0.21950263335652997, 0.21924803487135247, 0.22045837761619744, 0.22393157540550102, 0.22101524023196745, 0.22608701298951348, 0.22353759901481968, 0.2217814988869655, 0.22931346211291004, 0.22913388337165, 0.2247358707321101, 0.22185238352033895, 0.2245777321044459, 0.22411512943119505, 0.22723051550825407, 0.22471064769715182, 0.22466308932700482, 0.22881567050704127]]
Total Percentage: [[42.809999999999995, 42.966, 43.106, 42.553999999999995, 42.758, 42.872, 43.132, 43.678, 43.047999999999995, 42.821999999999996, 43.397999999999996, 42.964, 43.308, 43.264, 43.2, 43.124, 43.174, 43.636, 43.546, 43.842, 43.748, 43.956, 43.882, 44.166, 43.772, 44.222, 44.272, 44.232, 44.141999999999996, 43.312, 44.266, 44.379999999999995, 43.808, 44.342, 44.138, 44.532, 44.238, 43.746, 44.232, 44.32, 44.91, 44.706, 44.744, 44.568000000000005, 44.51, 44.418, 44.608, 45.028, 44.802, 45.088, 44.944, 44.908, 44.538, 45.11, 44.854, 45.224, 45.050000000000004, 45.22, 45.104, 45.092, 45.086, 45.406, 45.300000000000004, 45.062000000000005, 45.202, 45.384, 45.044000000000004, 45.391999999999996, 45.748, 45.602, 45.182, 44.796, 45.396, 45.03, 45.738, 45.444, 45.440000000000005, 45.492, 45.856, 45.678000000000004, 45.484, 45.938, 45.745999999999995, 45.756, 45.82, 45.614, 45.824, 46.038000000000004, 45.45, 46.128, 46.111999999999995, 45.879999999999995, 45.936, 45.872, 45.974, 46.0, 45.78, 46.232, 45.798, 46.08], [48.604, 48.434, 48.698, 48.884, 48.59, 48.565999999999995, 48.708, 48.924, 48.842, 49.116, 48.778, 49.472, 49.202, 49.512, 49.222, 49.446, 49.252, 49.268, 49.384, 49.546, 49.832, 49.684, 49.868, 49.96, 49.332, 49.791999999999994, 50.352, 50.23, 50.208, 49.664, 49.816, 49.708000000000006, 50.432, 49.99, 50.156, 50.656, 50.480000000000004, 50.574, 50.292, 50.052, 50.256, 50.471999999999994, 50.684, 50.588, 51.112, 50.368, 50.744, 50.674, 50.676, 50.56, 50.546, 50.636, 50.5, 50.906, 50.524, 50.172000000000004, 50.864, 50.808, 51.13999999999999, 51.066, 51.246, 51.205999999999996, 50.856, 51.214000000000006, 51.272, 51.574, 51.449999999999996, 51.366, 51.144, 51.044, 51.41, 50.93600000000001, 51.346000000000004, 50.944, 51.412, 51.66, 51.348000000000006, 51.578, 51.352, 51.35999999999999, 51.54600000000001, 51.23, 51.30200000000001, 51.626000000000005, 51.81400000000001, 51.636, 51.878, 51.94, 51.906, 52.032000000000004, 52.059999999999995, 51.798, 52.242, 51.336000000000006, 51.92, 52.21, 51.968, 51.782, 51.712, 52.0], [40.8, 40.955999999999996, 41.038000000000004, 41.538000000000004, 41.156, 41.504000000000005, 41.715999999999994, 41.662, 42.164, 41.980000000000004, 42.436, 42.604, 42.728, 42.16, 42.738, 42.84, 42.664, 42.952, 42.636, 43.344, 43.068, 43.062, 43.222, 43.254, 43.352000000000004, 43.612, 43.632, 43.836000000000006, 43.624, 43.534, 43.297999999999995, 43.797999999999995, 43.778, 44.285999999999994, 43.78, 44.28, 44.382, 44.032, 44.012, 44.016, 44.080000000000005, 44.07, 44.019999999999996, 44.328, 44.046, 44.308, 44.434000000000005, 44.218, 44.61, 44.72, 44.622, 44.438, 45.004, 44.9, 44.926, 44.864, 44.824000000000005, 44.928000000000004, 44.538, 44.772, 44.832, 44.518, 45.0, 44.51, 44.928000000000004, 44.769999999999996, 45.025999999999996, 45.006, 45.257999999999996, 44.86, 45.578, 45.092, 45.144, 45.564, 45.232, 44.763999999999996, 45.466, 45.804, 45.484, 45.196, 45.623999999999995, 45.408, 45.446, 45.786, 45.867999999999995, 45.98, 45.684000000000005, 45.448, 45.532000000000004, 45.396, 45.538000000000004, 45.498, 45.89, 45.495999999999995, 45.934000000000005, 45.94, 45.906000000000006, 45.888, 46.094, 45.96], [49.86, 49.852000000000004, 50.298, 50.626000000000005, 50.58200000000001, 50.786, 51.174, 51.41, 51.634, 52.263999999999996, 52.502, 52.66, 52.354, 52.25, 52.6, 52.574, 52.7, 52.958000000000006, 53.538, 53.181999999999995, 53.102000000000004, 53.288000000000004, 53.632000000000005, 53.412000000000006, 53.583999999999996, 53.588, 53.93, 53.578, 53.87, 53.848, 53.959999999999994, 53.878, 53.578, 53.65, 53.662, 54.2, 53.92, 54.122, 54.296, 53.882, 54.118, 54.254000000000005, 54.14, 53.998000000000005, 54.525999999999996, 54.008, 54.327999999999996, 54.714, 54.408, 54.342, 54.124, 54.966, 54.89000000000001, 54.666000000000004, 54.84, 54.834, 54.24, 54.54599999999999, 54.794, 54.068000000000005, 54.862, 54.716, 54.732, 54.676, 54.903999999999996, 54.69199999999999, 54.516, 55.016, 55.076, 55.028, 55.23400000000001, 55.176, 54.82599999999999, 55.066, 54.94799999999999, 55.257999999999996, 55.172, 55.576, 55.24400000000001, 55.013999999999996, 55.22, 55.338, 55.162, 55.379999999999995, 55.65, 55.24, 55.252, 55.425999999999995, 54.714, 55.188, 55.254000000000005, 55.382, 55.606, 55.87, 55.401999999999994, 55.303999999999995, 55.078, 55.47, 55.704, 55.618], [45.216, 46.182, 46.461999999999996, 46.854, 47.618, 47.948, 48.368, 48.712, 48.666, 49.146, 49.046, 49.8, 49.65, 50.20400000000001, 49.948, 50.019999999999996, 50.146, 50.144, 50.29, 50.436, 50.812000000000005, 50.918, 51.06, 50.888, 51.348000000000006, 51.53, 51.324000000000005, 51.456, 51.30200000000001, 51.294, 51.396, 51.92, 51.629999999999995, 52.138, 51.827999999999996, 51.837999999999994, 51.751999999999995, 51.754, 51.94800000000001, 52.11, 51.995999999999995, 51.92400000000001, 52.215999999999994, 52.124, 52.129999999999995, 52.132, 52.062, 52.486, 52.148, 52.425999999999995, 52.056000000000004, 52.384, 52.464, 52.528, 52.65, 52.836000000000006, 52.536, 52.654, 52.964, 52.849999999999994, 52.212, 52.114000000000004, 52.342, 52.94799999999999, 52.715999999999994, 53.025999999999996, 53.028, 52.251999999999995, 53.116, 52.922000000000004, 52.912000000000006, 52.769999999999996, 52.934000000000005, 52.982, 52.72599999999999, 52.896, 52.87, 52.986, 52.78, 53.034000000000006, 52.995999999999995, 52.900000000000006, 53.598, 53.256, 52.844, 52.959999999999994, 53.068000000000005, 53.298, 53.312000000000005, 53.562, 53.52, 53.690000000000005, 53.769999999999996, 53.31399999999999, 53.337999999999994, 53.566, 53.480000000000004, 53.742000000000004, 53.334, 53.374], [57.382, 59.292, 60.358000000000004, 60.704, 61.27, 61.88, 61.956, 62.260000000000005, 63.278, 63.604000000000006, 63.368, 63.294, 63.854, 64.106, 64.01400000000001, 64.434, 64.218, 64.224, 64.42, 64.424, 64.32600000000001, 64.564, 64.69, 64.896, 65.108, 64.982, 65.306, 65.07, 64.956, 65.216, 65.71000000000001, 65.474, 65.46600000000001, 65.812, 65.58800000000001, 65.802, 65.728, 65.384, 66.2, 66.17, 65.75800000000001, 65.66, 65.948, 65.696, 65.668, 65.928, 65.986, 66.226, 66.152, 66.032, 66.446, 65.912, 66.172, 66.36999999999999, 66.3, 65.996, 66.448, 66.182, 66.148, 66.188, 66.192, 66.562, 66.494, 66.51, 66.418, 66.51, 66.13799999999999, 66.43, 66.384, 66.23, 66.50399999999999, 66.732, 66.47999999999999, 66.778, 66.83200000000001, 66.85799999999999, 66.262, 66.462, 66.55, 66.56400000000001, 66.548, 66.392, 66.664, 67.136, 66.726, 66.604, 66.848, 67.324, 66.74600000000001, 66.628, 66.188, 66.81, 66.172, 66.43, 66.77199999999999, 66.964, 66.888, 66.16, 66.52, 66.648], [49.976, 49.746, 50.148, 49.516, 50.232, 50.4, 50.495999999999995, 50.407999999999994, 50.944, 51.086, 50.87199999999999, 51.071999999999996, 51.38, 51.466, 51.534, 51.518, 51.286, 51.705999999999996, 51.852, 52.124, 52.124, 52.202000000000005, 52.408, 51.856, 52.04600000000001, 52.791999999999994, 52.43, 52.626, 52.32, 52.224000000000004, 52.086, 52.502, 52.578, 53.384, 52.686, 53.042, 53.461999999999996, 53.23, 53.064, 52.876, 52.946000000000005, 53.105999999999995, 53.13, 52.76, 53.376000000000005, 53.062, 53.76800000000001, 53.442, 53.542, 53.425999999999995, 53.686, 53.547999999999995, 53.844, 53.956, 53.815999999999995, 53.844, 53.73, 53.224000000000004, 53.410000000000004, 53.422000000000004, 53.784, 53.87, 54.434000000000005, 53.87, 53.964, 53.946000000000005, 53.910000000000004, 53.984, 54.09, 54.02400000000001, 54.054, 54.408, 54.106, 54.642, 54.35, 54.174, 54.498000000000005, 54.506, 54.290000000000006, 54.356, 54.269999999999996, 54.038, 54.635999999999996, 54.26800000000001, 54.076, 54.434000000000005, 54.59, 54.666000000000004, 54.284, 54.334, 54.559999999999995, 54.39000000000001, 54.726, 55.138, 54.779999999999994, 54.42, 54.736, 54.315999999999995, 54.478, 54.52], [45.368, 47.388000000000005, 47.972, 48.704, 48.76, 49.622, 49.656, 50.012, 50.666, 50.73800000000001, 50.763999999999996, 51.242, 51.268, 51.32600000000001, 51.104000000000006, 51.300000000000004, 51.566, 51.483999999999995, 51.571999999999996, 51.308, 51.94, 52.476, 52.134, 52.25, 52.025999999999996, 52.12, 51.894, 51.658, 51.971999999999994, 52.052, 52.528, 52.432, 52.202000000000005, 52.846000000000004, 52.724000000000004, 52.92400000000001, 52.624, 52.66, 52.856, 52.646, 52.43, 52.394, 52.72599999999999, 52.966, 53.256, 52.76, 52.903999999999996, 52.688, 52.872, 52.976, 53.276, 52.954, 53.252, 53.492, 53.016, 53.800000000000004, 53.400000000000006, 53.166000000000004, 53.284, 53.432, 53.324000000000005, 53.488, 53.126, 53.528, 53.842, 53.794, 53.552, 53.364, 53.668000000000006, 53.605999999999995, 53.542, 53.696, 54.04, 53.657999999999994, 53.61, 53.642, 53.6, 53.878, 53.61, 53.56999999999999, 53.483999999999995, 53.620000000000005, 53.644000000000005, 53.25, 53.844, 53.884, 53.796, 54.09, 53.879999999999995, 53.647999999999996, 53.827999999999996, 53.412000000000006, 54.059999999999995, 53.852, 53.932, 54.246, 53.578, 54.088, 53.925999999999995, 54.056000000000004], [45.766, 46.366, 46.608, 46.756, 47.282000000000004, 47.526, 47.577999999999996, 48.196, 47.952, 48.22, 48.386, 48.182, 48.848, 49.116, 48.786, 48.809999999999995, 49.096000000000004, 49.646, 49.584, 49.431999999999995, 49.688, 49.616, 49.946, 49.797999999999995, 49.796, 50.029999999999994, 49.986000000000004, 50.086, 50.302, 50.36000000000001, 50.55, 50.534, 50.144, 50.576, 49.986000000000004, 50.49, 50.906, 50.788, 51.166, 50.653999999999996, 51.166, 51.152, 51.0, 51.422000000000004, 51.629999999999995, 51.629999999999995, 51.698, 51.476, 51.885999999999996, 51.339999999999996, 51.772, 51.578, 51.698, 51.568000000000005, 51.815999999999995, 52.112, 51.617999999999995, 51.674, 51.536, 51.956, 52.512, 52.022, 52.392, 51.988, 51.646, 52.339999999999996, 52.054, 52.188, 52.349999999999994, 52.53, 52.547999999999995, 52.483999999999995, 51.896, 52.122, 52.425999999999995, 51.926, 52.337999999999994, 52.461999999999996, 52.686, 53.274, 52.868, 52.646, 52.912000000000006, 52.646, 52.93600000000001, 52.934000000000005, 53.1, 53.162, 53.13, 53.028, 52.83, 52.994, 53.276, 53.2, 53.494, 53.532000000000004, 52.738, 53.306, 53.032000000000004, 52.922000000000004], [43.96, 44.914, 45.144, 45.974, 46.410000000000004, 46.45, 47.268, 46.884, 47.374, 47.52, 47.93, 48.443999999999996, 48.262, 48.54, 48.924, 49.63, 49.378, 49.306, 49.076, 49.38, 49.922, 49.994, 50.136, 50.06, 49.988, 50.012, 50.132, 50.163999999999994, 50.258, 50.672, 50.754, 50.44800000000001, 50.8, 50.918, 51.182, 51.308, 51.21, 50.806, 50.971999999999994, 51.05800000000001, 51.162, 51.464, 51.208, 51.39, 51.49399999999999, 51.49, 51.44, 51.304, 51.522, 51.852, 51.416, 51.136, 51.586, 51.452, 51.763999999999996, 52.23799999999999, 51.878, 51.952, 52.184, 51.844, 51.928, 51.903999999999996, 52.018, 51.59, 51.873999999999995, 52.196, 52.31400000000001, 52.04600000000001, 52.117999999999995, 52.286, 52.03, 51.971999999999994, 51.992000000000004, 52.112, 51.986, 52.478, 52.534000000000006, 51.978, 52.244, 52.562, 52.54600000000001, 52.59, 52.158, 52.086, 52.422000000000004, 52.812000000000005, 52.666000000000004, 52.937999999999995, 52.834, 52.638, 53.272, 53.19199999999999, 52.92, 52.656000000000006, 52.822, 52.578, 52.96999999999999, 52.803999999999995, 52.73, 53.002]]
Total Delta Gamma: [1.7230709  1.83223252 1.81609235 1.88337237 1.59564102 1.36665375
 1.73994624 1.72266969 1.76467513 1.87823714]
Total Delta R: [1.29931543 1.63572161 1.37686882 1.06219388 1.18771852 1.62963652
 1.17250271 1.31142146 1.64271724 1.45956297]
