Complexity increased keeping gamma very unbalanced, and increasing K and N (K=4, N=5)
==================================================

N (neurons): 5
K (states): 4
T (time steps): 100000
Seed: None
Number of repetitions: 10
Number of iterations: 100

Initialization of parameters for HMM:
Pi: [1 0 0 0]
Gamma: [[0.85 0.05 0.05 0.05]
 [0.05 0.85 0.05 0.05]
 [0.05 0.05 0.85 0.05]
 [0.05 0.05 0.05 0.85]]
R: [[0.5 0.  0.  0. ]
 [0.  0.5 0.  0. ]
 [0.5 0.  0.5 0. ]
 [0.  0.5 0.  0.5]
 [0.  0.  0.5 0. ]
 [0.  0.  0.  0.5]]

Generated data:
Generated firings (y): [0 2 2 0 0 2 0 2 2 4 2 4 2 2 2 2 2 2 4 2 2 4 4 2 4 2 2 4 2 2 4 4 2 2 2 2 2
 4 4 2 2 2 0 3 3 1 1 1 1 0 0 2 0 2 0 5 5 5 5 5 5 3 1 1 3 3 3 2 0 2 5 5 3 3
 3 1 1 3 1 3 3 3 1 1 3 3 1 3 1 2 2 4 4 1 2 2 3 3 3 5]... (showing first 100 entries)
Generated states (z): [0 0 0 0 0 0 0 0 2 2 2 2 2 2 2 2 2 2 2 2 2 2 2 2 2 2 2 2 2 2 2 2 2 2 2 2 2
 2 2 0 2 2 0 1 1 1 1 1 1 0 0 0 0 0 0 3 3 3 3 3 3 1 1 1 1 1 1 0 0 0 3 3 3 3
 3 1 1 1 1 1 1 1 1 1 1 1 1 1 1 2 2 2 2 1 2 2 3 3 3 3]... (showing first 100 entries)

Estimated parameters:
Estimated Pi: [array([0.00456361, 0.55639341, 0.43542918, 0.0036138 ]), array([0.31033598, 0.62465346, 0.04948347, 0.01552709]), array([0.0163642 , 0.92495022, 0.04695872, 0.01172686]), array([0.37182434, 0.07953367, 0.29527874, 0.25336326]), array([0.0059048 , 0.68492047, 0.28481441, 0.02436033]), array([0.93864791, 0.04865918, 0.004379  , 0.00831391]), array([0.01619031, 0.01107024, 0.41976622, 0.55297323]), array([0.00659054, 0.14052192, 0.66670062, 0.18618692]), array([0.06013275, 0.69562504, 0.12138739, 0.12285483]), array([0.35886025, 0.08883074, 0.39830146, 0.15400756])]
Estimated Gamma: [array([[0.82844838, 0.05055114, 0.02416453, 0.09683594],
       [0.08947333, 0.22093694, 0.68208339, 0.00750633],
       [0.04543472, 0.44184705, 0.46585757, 0.04686066],
       [0.13198997, 0.05399097, 0.07298728, 0.74103178]]), array([[0.50560243, 0.25547564, 0.03156058, 0.20736135],
       [0.76731891, 0.05034497, 0.17506909, 0.00726704],
       [0.06664344, 0.10314929, 0.08386119, 0.74634608],
       [0.09204345, 0.13499675, 0.51631227, 0.25664753]]), array([[0.37653629, 0.10925588, 0.34390233, 0.17030549],
       [0.04887339, 0.89648147, 0.00906517, 0.04557997],
       [0.32867815, 0.15616698, 0.14858798, 0.36656689],
       [0.76599116, 0.01145513, 0.17107854, 0.05147517]]), array([[0.34467222, 0.02651061, 0.35748689, 0.27133029],
       [0.0388193 , 0.86916256, 0.07116135, 0.02085678],
       [0.75938056, 0.13173173, 0.01823526, 0.09065245],
       [0.2037387 , 0.17118514, 0.14210782, 0.48296835]]), array([[0.64579712, 0.07558941, 0.01778964, 0.26082382],
       [0.02520301, 0.48326992, 0.40689589, 0.08463117],
       [0.04885925, 0.61055719, 0.31326285, 0.02732072],
       [0.09584085, 0.03926953, 0.0529405 , 0.81194913]]), array([[0.68371832, 0.19775748, 0.0224362 , 0.096088  ],
       [0.12609766, 0.35388199, 0.49931658, 0.02070378],
       [0.11070208, 0.50864132, 0.34796617, 0.03269042],
       [0.08062115, 0.00104857, 0.07620979, 0.84212049]]), array([[0.43097429, 0.45717612, 0.0121233 , 0.0997263 ],
       [0.51705369, 0.37861974, 0.03715472, 0.06717185],
       [0.0046197 , 0.04663861, 0.08465922, 0.86408248],
       [0.02290014, 0.11838903, 0.58500523, 0.2737056 ]]), array([[0.65954638, 0.03507558, 0.01761143, 0.28776662],
       [0.05087811, 0.80815758, 0.10572567, 0.03523864],
       [0.11558232, 0.16404502, 0.69884886, 0.0215238 ],
       [0.57869143, 0.03658095, 0.2893758 , 0.09535182]]), array([[0.32756346, 0.01362845, 0.29815181, 0.36065628],
       [0.07847609, 0.34537243, 0.39292703, 0.18322445],
       [0.08231864, 0.17655688, 0.28138158, 0.4597429 ],
       [0.55735148, 0.20460267, 0.04463417, 0.19341168]]), array([[0.7791    , 0.0651855 , 0.02148811, 0.13422639],
       [0.21697514, 0.05191245, 0.12127155, 0.60984086],
       [0.04540323, 0.1484916 , 0.30889897, 0.49720621],
       [0.10772721, 0.32704792, 0.50022081, 0.06500406]])]
Estimated R: [array([[5.92221824e-03, 1.99304615e-01, 2.74390873e-01, 6.18294289e-03],
       [3.63366602e-01, 2.50672026e-02, 5.38598548e-03, 1.21550882e-02],
       [4.95594534e-03, 6.00007259e-01, 4.16053352e-01, 2.36367421e-02],
       [5.52556201e-01, 5.43509184e-04, 5.93713894e-03, 4.00584926e-01],
       [2.48910740e-03, 1.71785938e-01, 2.94228093e-01, 1.33690418e-02],
       [7.07099260e-02, 3.29147681e-03, 4.00455748e-03, 5.44071259e-01]]), array([[0.23645372, 0.2947739 , 0.00083138, 0.00616632],
       [0.00063573, 0.03280915, 0.19046549, 0.26069453],
       [0.5238374 , 0.2439558 , 0.10095227, 0.06749232],
       [0.03169344, 0.17658794, 0.58139108, 0.29279569],
       [0.03569164, 0.17760328, 0.12264116, 0.19455958],
       [0.17168806, 0.07426993, 0.00371862, 0.17829156]]), array([[0.01344048, 0.24190185, 0.01568498, 0.00875223],
       [0.14011458, 0.04388465, 0.29312161, 0.23830229],
       [0.01446434, 0.48801714, 0.01733191, 0.05467861],
       [0.56486968, 0.01394888, 0.18382894, 0.61537355],
       [0.04222593, 0.20703778, 0.07411117, 0.02937735],
       [0.224885  , 0.0052097 , 0.41592139, 0.05351597]]), array([[0.25383481, 0.01407926, 0.22873833, 0.12063953],
       [0.01461635, 0.26406418, 0.04160402, 0.01913299],
       [0.600961  , 0.01483108, 0.43366102, 0.16543389],
       [0.09865588, 0.45033809, 0.14447988, 0.07876187],
       [0.02591072, 0.00277664, 0.11983529, 0.56930348],
       [0.00602124, 0.25391075, 0.03168146, 0.04672822]]), array([[0.04903864, 0.27367721, 0.17481874, 0.00881413],
       [0.67860967, 0.00748701, 0.00525755, 0.06327096],
       [0.00352327, 0.37995263, 0.67408885, 0.0110945 ],
       [0.26056195, 0.00630393, 0.00503604, 0.58037132],
       [0.00345787, 0.33140944, 0.13961138, 0.00229578],
       [0.00480861, 0.00116978, 0.00118744, 0.33415332]]), array([[4.59719344e-01, 2.28974176e-02, 7.88010535e-03, 6.83273136e-04],
       [4.40562983e-02, 3.69012725e-01, 6.58325812e-02, 8.19445439e-04],
       [3.51304418e-01, 8.99261608e-02, 5.85317969e-02, 5.17246988e-01],
       [3.97571550e-02, 1.50496045e-01, 8.30667098e-01, 3.53111583e-03],
       [9.38853610e-03, 2.84364618e-03, 3.42917946e-02, 4.76960531e-01],
       [9.57742487e-02, 3.64824005e-01, 2.79662433e-03, 7.58646719e-04]]), array([[3.28966868e-03, 3.91239322e-03, 1.92522816e-01, 2.75712896e-01],
       [7.02934803e-02, 3.79563720e-01, 1.44162860e-02, 3.55718840e-02],
       [6.87324490e-03, 3.87983713e-02, 5.79896384e-01, 3.95195012e-01],
       [7.21224277e-01, 2.94808298e-01, 2.88275546e-03, 1.05451460e-02],
       [4.86611027e-04, 6.15457524e-03, 2.02836931e-01, 2.69951695e-01],
       [1.97832718e-01, 2.76762642e-01, 7.44482732e-03, 1.30233671e-02]]), array([[0.01645116, 0.05231096, 0.38205484, 0.08865067],
       [0.33362799, 0.00112752, 0.00617207, 0.08881935],
       [0.0186789 , 0.49357377, 0.40248847, 0.00919365],
       [0.45627801, 0.01339933, 0.02353855, 0.701757  ],
       [0.00512634, 0.4128283 , 0.00578139, 0.00217474],
       [0.1698376 , 0.02676012, 0.17996468, 0.10940458]]), array([[0.0128921 , 0.60282369, 0.05030442, 0.03398232],
       [0.15825955, 0.15639591, 0.15150765, 0.05786947],
       [0.10994335, 0.04347888, 0.53110302, 0.28470464],
       [0.22427017, 0.10571346, 0.079774  , 0.48984172],
       [0.26028743, 0.04727005, 0.0504153 , 0.0900025 ],
       [0.23434739, 0.04431802, 0.1368956 , 0.04359934]]), array([[0.22964407, 0.04535289, 0.10385397, 0.05873932],
       [0.33738604, 0.00732891, 0.00606634, 0.03799306],
       [0.02166033, 0.52189682, 0.14355544, 0.46653419],
       [0.40104961, 0.11981778, 0.29447365, 0.10857875],
       [0.00060163, 0.02040923, 0.41426386, 0.08606975],
       [0.00965832, 0.28519436, 0.03778674, 0.24208493]])]

Total NMI: [[0.1506155172098156, 0.2231381887223384, 0.29083080998551564, 0.34211800285577054, 0.3777326479580924, 0.4088810150585063, 0.4301484600757259, 0.4442464119813714, 0.45687697592570603, 0.4676023202084741, 0.47414284583915006, 0.48115763566611175, 0.4873333395711789, 0.4926971994896691, 0.4973961193916923, 0.5022489981246937, 0.5071696490162103, 0.5096679815802649, 0.5128588344455746, 0.5152976380894292, 0.5209799477789134, 0.5254307820670644, 0.5253587807787903, 0.5274950661899716, 0.5304045398162921, 0.5326480446476763, 0.537178838470561, 0.5388391903794809, 0.542878333479575, 0.5442190401167285, 0.5447320748214647, 0.5463590363495737, 0.549596764119678, 0.5500455435039954, 0.5506492534737684, 0.5503244781337923, 0.5553435547836754, 0.5570891651426537, 0.5568937028586892, 0.5609116361201225, 0.5624622941916259, 0.5630552308203781, 0.566206185206142, 0.5631635667442773, 0.5654861540816405, 0.5688573643758255, 0.5696136106336397, 0.5680219873295673, 0.569945248280413, 0.5709116885873994, 0.5717152179833415, 0.5742945271655566, 0.5772641440616187, 0.5759520695330346, 0.5768829389038606, 0.5780801276113415, 0.580986329738758, 0.5824708572472921, 0.5808402237022815, 0.5829653137015234, 0.5827252808716404, 0.5826309351964242, 0.5833159488385795, 0.5867279961735734, 0.5862371211296156, 0.5876963747159585, 0.5874556533140598, 0.5860129685212585, 0.5890660727753191, 0.5901851649363206, 0.5903208869703903, 0.593973280197953, 0.5943227931943577, 0.5923335895807424, 0.5917840131087774, 0.5926043542770145, 0.5927649786986164, 0.593641554692871, 0.5978990473947897, 0.599135321874009, 0.5989865402436969, 0.598236445542617, 0.599419785693837, 0.5978319392648533, 0.5980402219793233, 0.6006378896557468, 0.5996553972081602, 0.5984646083253965, 0.6038338167710434, 0.6064792597797206, 0.6027771719246665, 0.603843387150156, 0.603779076851053, 0.6061893888751201, 0.6025734132521804, 0.6013885343337069, 0.6049747626233719, 0.6063485546536969, 0.6019856497289989, 0.60540285283776], [0.16153194797341325, 0.15202252453960977, 0.15469842800033512, 0.15733203055812112, 0.16294236746834656, 0.16348893136152698, 0.171514212677217, 0.17751712601686806, 0.18091724953577332, 0.18512163281752075, 0.19137628844941848, 0.2004105492266183, 0.20337166912131152, 0.20866429240923184, 0.21054585927655778, 0.21409881612295867, 0.22096252957490015, 0.2252919636674738, 0.22918245350237884, 0.22872315794153647, 0.23343907802424763, 0.2368034990597287, 0.24230843956549977, 0.24586260407473476, 0.2450831167855386, 0.25028327694406266, 0.2521140410875148, 0.2551808468895025, 0.2579808325949221, 0.26116243589095733, 0.26275125430142654, 0.26297082352481144, 0.2677213251330705, 0.27375919754491157, 0.27354151323696546, 0.2741831683297398, 0.277126879742405, 0.28029600354410505, 0.2781556435535298, 0.2818896355508639, 0.282408175101637, 0.28260572149083946, 0.2862128622679236, 0.2842842992706325, 0.2867487554152856, 0.28969139645124165, 0.2932727574425501, 0.2954522489424393, 0.2955725163953304, 0.29426707800319896, 0.3004480242053556, 0.30131123482520256, 0.30100026143973874, 0.3015293238666321, 0.3075643990957819, 0.3061817688386062, 0.30547971786011574, 0.3065271207452848, 0.3098679748193178, 0.30970681774479725, 0.310422920023651, 0.31033824741255817, 0.31122757362541303, 0.3125583912391523, 0.3166640198067972, 0.3198483132929765, 0.3197317080480717, 0.31729578306078127, 0.32121197474149954, 0.32222800333947904, 0.32258699294891685, 0.3245599978274306, 0.3274966992764092, 0.32443318051197784, 0.3264453782536324, 0.3296829864110836, 0.3301645897948369, 0.33137364881552045, 0.3292420211108131, 0.3303796170119806, 0.3350589374549958, 0.33343079273146, 0.3342605746585608, 0.33552815008015635, 0.3353024480255442, 0.33762937036867946, 0.33953276769043544, 0.33273354509216346, 0.334597464331815, 0.33724163952201297, 0.34111305773175943, 0.343590663102991, 0.34367683049919107, 0.3430127197000991, 0.34494134365862883, 0.3446287019392681, 0.3480945967156309, 0.34564681948169645, 0.3475894890875504, 0.34725975562839156], [0.1989266913563061, 0.2126063054690193, 0.22843191969712728, 0.24251573440388385, 0.2548587680475323, 0.2700112625143024, 0.2798801261661808, 0.29311543547555335, 0.3038622424846103, 0.31669968405355936, 0.3268983903939964, 0.33772228271593163, 0.3427024353616226, 0.35180231140367657, 0.35499098545732827, 0.3624530089812302, 0.3696303334762055, 0.3753162343250777, 0.38536745670871925, 0.3865767833154275, 0.39112431098049555, 0.4018451256763403, 0.40642146647507177, 0.4106733375932125, 0.41147565965824867, 0.41761535800384547, 0.41998660576833974, 0.42441012827555424, 0.42962597629171295, 0.43508392979478683, 0.4373928638857383, 0.437317006835155, 0.44021437901864524, 0.4449861624435031, 0.4482008916905853, 0.4496162091758366, 0.450325907096334, 0.45002047635806536, 0.45419391195272574, 0.4568403788186899, 0.45891433214089566, 0.4603440194023168, 0.46385493552953333, 0.4616369251318225, 0.4661400878844776, 0.4639792536574258, 0.46872135645703605, 0.4687091118953509, 0.4706541848195517, 0.46941650756430653, 0.4708959255274754, 0.47066551867155626, 0.4761383360758385, 0.475054244417951, 0.47360540728769124, 0.47442312275045484, 0.47819658838011764, 0.47981496152089564, 0.4756019341872509, 0.48043346184291585, 0.4787652878754076, 0.47883501642291904, 0.48234793740595366, 0.4848767247802637, 0.48555725037569525, 0.48381391330961676, 0.48759291661653537, 0.4842633032290684, 0.4847994744716729, 0.483478484782763, 0.4871576412647736, 0.4889274429969045, 0.4911989602400045, 0.48954093660978243, 0.49076677838862653, 0.4886742518581313, 0.4895988846911427, 0.4910632760993709, 0.49195332624136456, 0.4920985621768385, 0.49186539974405685, 0.48932761559427734, 0.4911135584219841, 0.4921729532846469, 0.4953676034451706, 0.4975735273830744, 0.4973679462234395, 0.496045826703629, 0.4978097628191865, 0.49556203610913463, 0.49688322244516936, 0.49708017988506303, 0.4972653086397873, 0.49709958103106017, 0.49717075591403276, 0.4980998940874968, 0.4993123908689609, 0.5012283401887523, 0.5025182805524396, 0.5010250301738048], [0.1677462121756588, 0.16860430168075394, 0.17077557754300687, 0.176576849733105, 0.18118356444434208, 0.18627015954283574, 0.19444083507367088, 0.20391744932322325, 0.20916806158840012, 0.221539730907964, 0.22795054896429612, 0.23877376117485322, 0.2534936885219971, 0.26303251972710995, 0.26997475250549846, 0.27951353041751237, 0.2891825808033454, 0.29872526960213447, 0.31022604887961464, 0.3251281529420054, 0.33204266747791195, 0.33721936047651196, 0.3481117560170435, 0.3571771293716159, 0.364853458148758, 0.3737663567508845, 0.3809427452557823, 0.3915016877227309, 0.39334458046706094, 0.3980220442756148, 0.4044025768980235, 0.4142378126746932, 0.41693395266840594, 0.42334780428657115, 0.42543420195251147, 0.431770138592996, 0.4376193351707075, 0.43714837330540396, 0.44239280947573323, 0.44628604547880896, 0.44875630793098037, 0.45352060036492214, 0.45954709183951253, 0.46115469242559437, 0.460246716140948, 0.46626129814348405, 0.4685957374551633, 0.4753274632259659, 0.46923675346859695, 0.4701973120913545, 0.4763983422618363, 0.4767163149087383, 0.47980830660150603, 0.48120202660938094, 0.48284284217692086, 0.48409838675245653, 0.48468196651082074, 0.48758594989922893, 0.48752509542599326, 0.48743728162375227, 0.48993161661502344, 0.4927616939744525, 0.49123854511599546, 0.4917792948231912, 0.49409109275698565, 0.4939886382494902, 0.5002133007291752, 0.5022267364853118, 0.5036192821464487, 0.49979191813847085, 0.4994921439320453, 0.5038796528557475, 0.5012263888447287, 0.5019835722484288, 0.5075613220314993, 0.5058424317461676, 0.5116493207130772, 0.5114969652252949, 0.5107053933635611, 0.5096881037525673, 0.5114933760594299, 0.5128853458528723, 0.5112389153477489, 0.5136487748277109, 0.5174763396553062, 0.5174684769950662, 0.5197345874924754, 0.5163027023422992, 0.5177828567157154, 0.515110707832795, 0.51725911661685, 0.5193852385033974, 0.5185499861627884, 0.5234050842187062, 0.5245137723922283, 0.5230251636482317, 0.5238688493461007, 0.5247574799237257, 0.5254672229633683, 0.5284289489733515], [0.1761653573280678, 0.26255892205230696, 0.3227762440804337, 0.36628447435194267, 0.401324833719686, 0.42214322911500485, 0.4393312322076021, 0.45384903341647037, 0.46340003212185, 0.4750068841998278, 0.48189322508205934, 0.4898373137111756, 0.49173633916642984, 0.4978621869434237, 0.5016010953312571, 0.5029834589836213, 0.5093088836207735, 0.5125400452305163, 0.513519411134485, 0.518192199511659, 0.5238974056655974, 0.5220849648297442, 0.5285323918330737, 0.5282003879705907, 0.5314855340257642, 0.5327638541536549, 0.5328244334965275, 0.5341500350850561, 0.5324496437189568, 0.5328300264949153, 0.5367842153008674, 0.5402950010355904, 0.54119260041561, 0.5437742963563368, 0.5438850745359872, 0.5460695764398573, 0.5454201720399282, 0.5473229793823564, 0.5488901029715493, 0.5485291960773404, 0.5486058086731983, 0.5505993641920119, 0.5508592856116237, 0.5535377566301661, 0.5526493351037198, 0.5525114069511514, 0.5540542236680457, 0.5533158747995659, 0.555630355241952, 0.5568536987725122, 0.5572648244890702, 0.5583417784455496, 0.5586887384490522, 0.5605337807407815, 0.5619535402802983, 0.559302232794491, 0.5581665787678926, 0.5633945815268312, 0.5631994295899306, 0.562726449883714, 0.5617801357053067, 0.563398010894668, 0.5665451270294435, 0.5657326845741456, 0.5649225359420192, 0.5658739278776856, 0.5664417051833623, 0.565328454789388, 0.5647835970560977, 0.5682440698197937, 0.5665065533145753, 0.5690287566968394, 0.5702376527755794, 0.5698822416340346, 0.5730238726133383, 0.5733087263927611, 0.5741614784656826, 0.5717913679511801, 0.5716859415353148, 0.5745574673288754, 0.5741074238616981, 0.575934624857093, 0.5760364317369052, 0.5753926817957838, 0.5756169745400981, 0.5745459559412013, 0.5761251692236083, 0.5767665758462758, 0.5761181163475991, 0.577322147304657, 0.5783964033323669, 0.5793886952558434, 0.5807803634226792, 0.5785304119860076, 0.578677518636542, 0.577835586274687, 0.5794563706231389, 0.5781924446933838, 0.579886989432507, 0.5806005534001639], [0.17975878712936857, 0.20307036547566118, 0.22713269472647243, 0.2492580371399411, 0.273653762274709, 0.29500207538638334, 0.3174584889887935, 0.3320763419697573, 0.3485090823815066, 0.36158538981433563, 0.3733536517369006, 0.38397018256933363, 0.3977635885928738, 0.4047855624241536, 0.4150398423955423, 0.4229831806195008, 0.4304000375593818, 0.4401997920192683, 0.44432112560716575, 0.4484022232691885, 0.45705900736419514, 0.46218714656125887, 0.4657475085326465, 0.4687063726244283, 0.4761644695144783, 0.477796316812747, 0.48389942794963936, 0.486299059048163, 0.49284802446432696, 0.4978060225097609, 0.49896371095925157, 0.5042843335939179, 0.5045200843132704, 0.5066771138801899, 0.5139016275620549, 0.5159900742123845, 0.516487554658022, 0.5170895496042298, 0.5246265656282719, 0.5266642754735151, 0.5267384158574931, 0.5306801691363908, 0.5326483466822265, 0.5340916974105835, 0.5352323640554918, 0.5388371604619332, 0.5418537423220886, 0.5449058075436684, 0.545208630179901, 0.5490162879919412, 0.5516511300943521, 0.5547553926684089, 0.553776978254334, 0.5572511560991068, 0.5589509716334721, 0.5591428861101624, 0.5635151115119298, 0.5650269962056585, 0.5689689021811769, 0.5706532779704526, 0.5701684155419426, 0.5720133915932234, 0.5745283270216635, 0.5736308870757717, 0.5748053259843668, 0.5751073971440679, 0.5771836229788031, 0.5754701729730579, 0.5833412989195108, 0.5829136918829567, 0.5826982026632752, 0.583015236052282, 0.5852507770603178, 0.584723296488382, 0.5912270457719531, 0.5881881307425952, 0.5903159330483918, 0.5892232548090355, 0.5910466746329094, 0.5931389445992298, 0.5942808837901556, 0.5921305432282175, 0.5916181753657209, 0.5945077487592643, 0.5985055875474473, 0.5998866168247818, 0.6003270685329791, 0.6012343142306836, 0.5980537652886355, 0.5983784232864773, 0.6046270509292155, 0.6035772312857918, 0.6016383480888756, 0.6014779056565586, 0.6037266618220704, 0.6049580724700122, 0.6054512204743412, 0.6042756439451833, 0.608788291788728, 0.6074562550132487], [0.16132290001372104, 0.19355747714888985, 0.22411809488896872, 0.25700393110923264, 0.2813412764744638, 0.3071967295517439, 0.3286046745128275, 0.3449981518050873, 0.3611831510894324, 0.37272794671001186, 0.3856846183183454, 0.3994370519216497, 0.4054472881624503, 0.41476175260884873, 0.4243516914160347, 0.42804911224348186, 0.43189592357148177, 0.4403280516580374, 0.44372092019561377, 0.4472923594007625, 0.4517427816059545, 0.45813454439457707, 0.4608426011427182, 0.4650557793584306, 0.46647536259951294, 0.4697373093262078, 0.46717292787135994, 0.4700007020250714, 0.4725534102441324, 0.4751619206545777, 0.47525976026058486, 0.47517128861919444, 0.47832708225531734, 0.4774762675086043, 0.48009914613412946, 0.48040609331471684, 0.48070976649651964, 0.4846424954024056, 0.48815545571414776, 0.4868319990700565, 0.4859154342947776, 0.4845618819597196, 0.48787905036441115, 0.4916138620883601, 0.4907249096599584, 0.4907531444472146, 0.4916393347202616, 0.4930585276725515, 0.492996933905784, 0.4937850610906235, 0.4947211140439588, 0.49598755947561074, 0.49171506227179185, 0.4911104257655299, 0.4950001495817006, 0.49510102379393467, 0.49906520211277966, 0.4991781902602757, 0.4977309364937319, 0.49930534416803946, 0.5005373721876903, 0.5008780795740887, 0.5008988275025884, 0.5019855157837527, 0.5033109986758252, 0.5024433196548681, 0.5026164796857213, 0.5024991437335552, 0.5012022533542048, 0.5033563960772033, 0.5053339244917657, 0.5025088959688049, 0.5013098934430023, 0.5021895565595028, 0.5046245623762643, 0.5064632766970587, 0.5066463788821157, 0.5076850257591146, 0.5081139839492699, 0.5070620359139171, 0.5067500739223887, 0.5054299201816574, 0.5063314509561583, 0.5064459432869353, 0.5075410085673013, 0.5073810788790014, 0.5057212623051932, 0.5082926785452481, 0.5053330324885652, 0.5070332900445721, 0.5097353240563312, 0.5096159635429015, 0.5052603165475835, 0.5085620503971138, 0.5118978034772952, 0.5084658962624287, 0.5052119947736174, 0.508340486931599, 0.5128544949860614, 0.5086402156533415], [0.21283453640018943, 0.25298516178708763, 0.28169907491566654, 0.29754138349814313, 0.3177325948997174, 0.3284578895948174, 0.33939424276451485, 0.3454851577252631, 0.3605310621588721, 0.36589063873778255, 0.3758823898131002, 0.3864049273267789, 0.39088123686077597, 0.39941674118724785, 0.40855745197834026, 0.41744791165492173, 0.4184729821735529, 0.42415640629972434, 0.4262952641178834, 0.4346522211061278, 0.4424711678260375, 0.4437326588475205, 0.4507384345650597, 0.4579764774198395, 0.4632567606185622, 0.46527507590169187, 0.4647744063973768, 0.47219910799808307, 0.4791947809354692, 0.481296328087539, 0.4797482430517747, 0.4856388931716957, 0.4835169187934349, 0.48790509019329475, 0.49074720441250236, 0.4964172233852036, 0.5005270487523896, 0.503935568002415, 0.5073627101140185, 0.5090959977681708, 0.509134551014608, 0.5084576382139884, 0.5111437748388888, 0.5150337898944986, 0.5185979785313419, 0.519818117777299, 0.5213073334699644, 0.5216269206895721, 0.5256846830844157, 0.5253038175365977, 0.5304196263339621, 0.5318787093049687, 0.5347807615301434, 0.5326661549000208, 0.5350550291467624, 0.5369314946757555, 0.5378620458265805, 0.5403726273869703, 0.543757847688153, 0.5408292791625022, 0.5407076720882312, 0.5450045608063544, 0.5492534029327749, 0.5485496517042231, 0.5494540518484728, 0.552176182183149, 0.5535935950640697, 0.5498674829598486, 0.5565852714716618, 0.5572565238640897, 0.5539020463817965, 0.5557375081737962, 0.5591102488745876, 0.5602794041541566, 0.5614413554442943, 0.5619476483879344, 0.5632251947830909, 0.5655351295959214, 0.5675569515077371, 0.5691722762496253, 0.565599981882547, 0.5683089315745379, 0.5670090543361374, 0.5691584187581499, 0.5684424289721278, 0.5724075157277354, 0.5769092630938155, 0.5726855885564619, 0.5750854861776692, 0.5750990745127068, 0.5769304800812681, 0.5777503018976925, 0.5765509190065033, 0.5784569936055463, 0.579418639868806, 0.5769151957919816, 0.5800010503915916, 0.5807528811819437, 0.5793594119327824, 0.5824874453199396], [0.1263550300400989, 0.1211196845903713, 0.12215540869194343, 0.12099787876999599, 0.12036369427059761, 0.12158244529046973, 0.12182602590060579, 0.1217513457196262, 0.12350722532783855, 0.12424023200228608, 0.12409792222359617, 0.12762527180958366, 0.12777191724005366, 0.12961256024410164, 0.13135342448858786, 0.13367975500580492, 0.1333394410220506, 0.13412346102801934, 0.13286860470196604, 0.13856385414799896, 0.13817651711209594, 0.13804521140623838, 0.1396236664652547, 0.14344174863571824, 0.14223927220221452, 0.14432497140473638, 0.14650078710124173, 0.14626922468078304, 0.1464548278462742, 0.15153382166498555, 0.1520612580515195, 0.151465861840871, 0.14983863228494537, 0.14887940621926712, 0.1537247049152716, 0.15736523242728245, 0.15659390990910088, 0.1574177249329696, 0.15844117568907296, 0.15871039108885346, 0.15848040723762366, 0.16048527464183096, 0.15898390286145778, 0.16235917294916846, 0.16377026080256468, 0.16422553722521743, 0.16476434157623304, 0.1660096315460636, 0.16844574706137522, 0.1670325471791608, 0.16762201013694975, 0.1656098362035924, 0.16903626059888838, 0.16931011201426827, 0.17098173960121718, 0.17109533172380295, 0.16833199625181103, 0.1740434543649881, 0.17349937133840854, 0.1726315115886174, 0.17522518391489036, 0.17468482706675628, 0.17391200288855788, 0.17581832637152928, 0.17729193011910904, 0.17716759341101831, 0.17659912225855148, 0.18046213122026014, 0.18068572975017888, 0.1791169918913731, 0.18060701586364056, 0.1846991619005535, 0.1831160540294683, 0.18548046490010026, 0.18708207883178748, 0.184528440042329, 0.1842864149705841, 0.1850998644993388, 0.18558528093175508, 0.18411858153056038, 0.18879622836513116, 0.18616262835992436, 0.18814359376430057, 0.1890587675614822, 0.19050708008743902, 0.19142009833166052, 0.19031210309233837, 0.19330878986153885, 0.19540916907091924, 0.1929206562042346, 0.19263715318054303, 0.1919332689176099, 0.19332515557759541, 0.194270820817422, 0.19495197312387888, 0.19682333885309353, 0.19371519559414546, 0.19539263406914, 0.19211876662267363, 0.19598389698851615], [0.21122035243477036, 0.22619533394179356, 0.23700860109331567, 0.24686828047558287, 0.253205178241369, 0.2575632050796932, 0.26509200505485864, 0.2721114574383909, 0.28363999566513903, 0.28245659354090513, 0.2869170556122713, 0.29631725028262507, 0.2995630950126168, 0.3017443814742778, 0.3090121067510652, 0.3111780827180156, 0.3171377491980211, 0.3187131810905745, 0.32507716207084575, 0.3270449278944639, 0.3265329325919416, 0.3303169237126403, 0.3356844302836638, 0.3318733736337101, 0.33364881002290664, 0.33942898724733817, 0.3427314928200495, 0.3481806380880004, 0.3460030796154713, 0.34442940928759663, 0.34593868752347157, 0.34880137459607646, 0.34855473436717715, 0.35177966109581854, 0.353757983822217, 0.35871027033161523, 0.35959932930444066, 0.3607632501240945, 0.36208846133606926, 0.35929855109868825, 0.36018344882716036, 0.3603468642338107, 0.36329588928807666, 0.36539338342123107, 0.3681452301462604, 0.366306694465757, 0.36567821783991855, 0.3697851234949997, 0.36895430070027324, 0.37031684984148694, 0.36764088768411524, 0.3704780157679478, 0.3696428935488267, 0.3743842963494405, 0.375357319757298, 0.37259074094629235, 0.37769336799673786, 0.37505864486333457, 0.37815511523119744, 0.37573658901131896, 0.3780443179478119, 0.3744032999431017, 0.3752208854462836, 0.3728806717882685, 0.3799087012936369, 0.37963645930332757, 0.3800217047675904, 0.38251834756134556, 0.3834410809998299, 0.38234161966480346, 0.3817479253037442, 0.38212093279334847, 0.3848552745966404, 0.3829839760793574, 0.3830929042918713, 0.386122255689825, 0.3805995510385404, 0.38319296138535525, 0.3839221721051411, 0.38569397033665953, 0.3856924747438062, 0.3900083835280248, 0.38537106227444484, 0.38871577753272135, 0.3898120315226745, 0.38978601539353974, 0.3889830786525776, 0.3925381709955251, 0.3903777723355066, 0.3899608317145743, 0.39109098266941694, 0.38900024278365336, 0.3906494133620487, 0.3922114121988536, 0.3930156756830708, 0.39457213725243784, 0.392177534990242, 0.39354382427186135, 0.39626253435304654, 0.39458989955260787]]
Total Percentage: [[52.339, 57.177, 60.78, 63.453, 65.09700000000001, 66.74600000000001, 67.323, 67.85799999999999, 68.643, 69.002, 69.238, 69.513, 69.633, 70.02199999999999, 69.985, 70.39800000000001, 70.675, 70.87299999999999, 71.063, 70.956, 71.031, 71.378, 71.307, 71.26, 71.50800000000001, 71.65, 71.846, 71.946, 71.975, 72.028, 72.238, 72.173, 72.36, 72.306, 72.41499999999999, 72.251, 72.601, 72.884, 72.86399999999999, 72.872, 72.813, 72.677, 73.272, 73.057, 72.925, 73.139, 73.038, 73.008, 73.322, 73.333, 73.459, 73.496, 73.724, 73.47200000000001, 73.45, 73.666, 73.857, 74.022, 73.644, 73.76899999999999, 73.824, 73.79299999999999, 73.738, 74.16, 73.981, 74.117, 74.16199999999999, 73.831, 74.276, 74.292, 74.17399999999999, 74.232, 74.271, 74.29, 74.27, 74.29599999999999, 74.349, 74.42, 74.67, 74.439, 74.452, 74.482, 74.694, 74.547, 74.423, 74.564, 74.57000000000001, 74.48599999999999, 74.668, 74.936, 74.835, 74.734, 74.761, 74.899, 74.81700000000001, 74.454, 74.72800000000001, 74.79299999999999, 74.661, 74.612], [56.584999999999994, 55.65, 55.818999999999996, 56.152, 56.69, 56.696000000000005, 57.467999999999996, 57.925000000000004, 58.087999999999994, 58.343999999999994, 58.87, 59.624, 59.833999999999996, 60.144, 60.341, 60.614999999999995, 61.14000000000001, 61.355000000000004, 61.625, 61.55500000000001, 61.82299999999999, 62.102999999999994, 62.409000000000006, 62.653000000000006, 62.565000000000005, 63.010999999999996, 63.02100000000001, 63.23800000000001, 63.519999999999996, 63.611, 63.627, 63.664, 64.01299999999999, 64.494, 64.46300000000001, 64.385, 64.72, 64.771, 64.513, 64.895, 64.869, 64.825, 65.00200000000001, 64.917, 65.065, 65.254, 65.51, 65.668, 65.64, 65.491, 65.857, 65.934, 65.905, 65.983, 66.40599999999999, 66.303, 66.152, 66.278, 66.435, 66.393, 66.401, 66.384, 66.408, 66.438, 66.69699999999999, 66.914, 66.928, 66.764, 67.001, 67.116, 67.036, 67.096, 67.259, 67.211, 67.274, 67.529, 67.49300000000001, 67.605, 67.314, 67.407, 67.795, 67.61399999999999, 67.61500000000001, 67.776, 67.587, 67.814, 68.01, 67.422, 67.69500000000001, 67.732, 67.932, 68.128, 68.22200000000001, 68.078, 68.274, 68.197, 68.313, 68.19800000000001, 68.429, 68.239], [61.35699999999999, 61.828, 62.796, 63.693, 64.596, 65.371, 65.85, 66.58699999999999, 67.33200000000001, 68.104, 68.541, 69.045, 69.08800000000001, 69.56099999999999, 69.721, 70.047, 70.312, 70.709, 71.003, 71.072, 71.236, 71.72699999999999, 71.813, 72.063, 72.112, 72.222, 72.241, 72.365, 72.634, 72.854, 72.978, 72.757, 72.794, 73.114, 73.194, 73.232, 73.248, 73.124, 73.33800000000001, 73.505, 73.54, 73.553, 73.655, 73.425, 73.611, 73.573, 73.779, 73.607, 73.71, 73.658, 73.662, 73.572, 74.10799999999999, 73.753, 73.724, 73.66, 73.833, 74.131, 73.9, 73.929, 73.922, 73.888, 74.155, 74.28, 74.316, 74.081, 74.29, 74.024, 73.925, 73.899, 74.154, 74.115, 74.278, 74.313, 74.408, 74.076, 74.117, 74.125, 74.333, 74.34100000000001, 74.232, 74.143, 74.021, 74.252, 74.36500000000001, 74.424, 74.22800000000001, 74.411, 74.618, 74.268, 74.177, 74.332, 74.28399999999999, 74.439, 74.411, 74.28, 74.246, 74.36399999999999, 74.54899999999999, 74.394], [57.132000000000005, 57.221999999999994, 57.397, 57.857, 58.221000000000004, 58.62500000000001, 59.305, 60.026, 60.385999999999996, 61.42100000000001, 61.832, 62.669, 63.818, 64.473, 64.908, 65.68, 66.295, 67.009, 67.774, 68.743, 69.123, 69.528, 70.20100000000001, 70.77799999999999, 71.297, 71.821, 72.197, 72.83699999999999, 72.929, 73.149, 73.603, 73.978, 74.08200000000001, 74.629, 74.651, 74.967, 75.321, 75.229, 75.608, 75.78399999999999, 75.877, 76.185, 76.505, 76.568, 76.427, 76.85600000000001, 76.937, 77.256, 76.956, 77.0, 77.254, 77.252, 77.285, 77.446, 77.613, 77.619, 77.652, 77.73299999999999, 77.78399999999999, 77.759, 77.804, 78.115, 78.006, 77.979, 78.07600000000001, 78.11200000000001, 78.34100000000001, 78.263, 78.608, 78.316, 78.29899999999999, 78.357, 78.302, 78.417, 78.708, 78.64, 78.892, 78.912, 78.827, 78.732, 78.861, 78.945, 78.802, 78.981, 79.096, 79.097, 79.205, 79.07600000000001, 79.218, 79.097, 79.11399999999999, 79.19699999999999, 79.08500000000001, 79.437, 79.381, 79.323, 79.38199999999999, 79.487, 79.52, 79.716], [57.181000000000004, 61.934999999999995, 64.602, 66.02799999999999, 67.579, 68.15, 68.55, 69.16, 69.404, 70.002, 70.109, 70.34700000000001, 70.147, 70.358, 70.55799999999999, 70.662, 70.789, 70.998, 71.014, 71.055, 71.17, 71.15599999999999, 71.42500000000001, 71.306, 71.46900000000001, 71.539, 71.507, 71.38600000000001, 71.411, 71.394, 71.39999999999999, 71.717, 71.672, 71.809, 71.765, 71.881, 71.63000000000001, 71.816, 71.939, 71.97, 71.621, 71.648, 72.007, 71.86399999999999, 71.801, 71.866, 71.784, 71.852, 72.013, 72.059, 71.962, 71.941, 72.172, 72.03399999999999, 72.33500000000001, 72.062, 72.06, 72.226, 72.233, 72.207, 72.041, 72.273, 72.352, 72.31400000000001, 72.222, 72.391, 72.283, 72.467, 72.218, 72.45700000000001, 72.347, 72.277, 72.406, 72.465, 72.56700000000001, 72.627, 72.706, 72.474, 72.466, 72.77, 72.614, 72.764, 72.734, 72.913, 72.679, 72.64399999999999, 72.702, 72.736, 72.52499999999999, 72.801, 72.884, 72.84, 72.873, 72.532, 72.65700000000001, 72.719, 72.971, 72.421, 73.02199999999999, 72.809], [57.897, 58.906000000000006, 60.105, 61.309999999999995, 62.705, 63.974, 65.288, 66.086, 67.175, 68.039, 68.77799999999999, 69.19800000000001, 70.301, 70.817, 71.332, 71.88600000000001, 72.533, 73.143, 73.38900000000001, 73.636, 74.31, 74.629, 74.98899999999999, 75.21600000000001, 75.675, 75.70400000000001, 76.19200000000001, 76.381, 76.717, 77.125, 77.256, 77.615, 77.562, 77.747, 78.199, 78.40599999999999, 78.457, 78.427, 78.863, 79.018, 78.998, 79.27499999999999, 79.402, 79.488, 79.586, 79.806, 79.93900000000001, 80.04599999999999, 80.054, 80.285, 80.44200000000001, 80.699, 80.613, 80.78, 80.867, 80.841, 81.16799999999999, 81.22, 81.393, 81.486, 81.488, 81.504, 81.728, 81.669, 81.744, 81.789, 81.933, 81.757, 82.207, 82.116, 82.121, 82.132, 82.16799999999999, 82.14399999999999, 82.56700000000001, 82.32300000000001, 82.405, 82.39800000000001, 82.45599999999999, 82.63000000000001, 82.729, 82.472, 82.443, 82.612, 82.86099999999999, 82.899, 82.918, 82.97200000000001, 82.836, 82.77799999999999, 83.194, 83.081, 83.011, 82.91, 83.003, 83.044, 83.12899999999999, 83.06700000000001, 83.268, 83.149], [54.725, 56.745000000000005, 58.609, 60.529999999999994, 61.767, 63.004000000000005, 64.067, 64.659, 65.505, 65.867, 66.434, 66.998, 67.041, 67.362, 67.702, 67.852, 67.711, 68.096, 68.239, 68.387, 68.56700000000001, 68.72399999999999, 68.8, 68.866, 68.658, 69.118, 68.733, 68.842, 69.092, 69.06, 69.015, 68.878, 69.119, 68.992, 69.111, 68.903, 68.858, 69.333, 69.553, 69.227, 69.238, 69.002, 69.11699999999999, 69.416, 69.25099999999999, 69.295, 69.26400000000001, 69.289, 69.143, 69.327, 69.283, 69.394, 68.902, 68.941, 69.093, 69.042, 69.374, 69.37299999999999, 69.336, 69.304, 69.23899999999999, 69.39699999999999, 69.47, 69.42399999999999, 69.26, 69.26, 69.35900000000001, 69.639, 69.16, 69.418, 69.462, 69.26, 69.084, 68.872, 69.378, 69.381, 69.391, 69.539, 69.465, 69.324, 69.104, 69.021, 69.25200000000001, 69.366, 69.274, 69.18900000000001, 69.298, 69.326, 69.137, 69.286, 69.38499999999999, 69.298, 69.017, 69.25200000000001, 69.381, 69.011, 68.767, 69.186, 69.35, 69.059], [58.821999999999996, 61.63999999999999, 63.315999999999995, 64.179, 65.56, 66.086, 66.717, 67.085, 67.952, 68.206, 68.911, 69.704, 69.645, 70.37400000000001, 70.88600000000001, 71.494, 71.329, 71.71300000000001, 71.995, 72.309, 72.583, 72.762, 73.229, 73.644, 73.90299999999999, 73.977, 73.83, 74.244, 74.65899999999999, 74.652, 74.524, 74.953, 74.849, 74.96199999999999, 74.978, 75.41499999999999, 75.764, 75.858, 76.00200000000001, 76.112, 75.907, 75.737, 75.94300000000001, 76.265, 76.408, 76.456, 76.36699999999999, 76.374, 76.728, 76.59, 76.663, 76.92099999999999, 77.166, 77.007, 77.107, 77.086, 77.225, 77.335, 77.487, 77.437, 77.178, 77.49000000000001, 77.716, 77.742, 77.634, 77.793, 77.878, 77.632, 78.001, 78.09899999999999, 77.891, 77.931, 78.115, 78.179, 78.184, 78.171, 78.148, 78.342, 78.39399999999999, 78.446, 78.313, 78.393, 78.188, 78.417, 78.378, 78.64999999999999, 78.743, 78.616, 78.605, 78.607, 78.835, 78.741, 78.59899999999999, 78.78699999999999, 78.756, 78.713, 78.837, 78.875, 78.759, 78.834], [52.406, 51.983000000000004, 52.251000000000005, 52.242999999999995, 52.263999999999996, 52.385000000000005, 52.483999999999995, 52.495999999999995, 52.69200000000001, 52.813, 52.73, 53.147, 53.169999999999995, 53.335, 53.493, 53.739000000000004, 53.708999999999996, 53.786, 53.635999999999996, 54.245, 54.147999999999996, 54.14, 54.364000000000004, 54.693000000000005, 54.496, 54.74400000000001, 54.989, 54.879999999999995, 54.888000000000005, 55.41199999999999, 55.422000000000004, 55.318, 55.254000000000005, 55.047999999999995, 55.547999999999995, 55.876999999999995, 55.672, 55.797, 55.849000000000004, 55.858, 55.721, 56.064, 55.896, 56.224, 56.279, 56.346, 56.41199999999999, 56.381, 56.657000000000004, 56.581, 56.555, 56.348, 56.620000000000005, 56.589, 56.781000000000006, 56.833, 56.501000000000005, 57.037000000000006, 56.952000000000005, 56.867999999999995, 57.111000000000004, 56.935, 56.885, 57.177, 57.194, 57.249, 57.068, 57.518, 57.581, 57.326, 57.461, 57.86900000000001, 57.559000000000005, 57.787, 57.957, 57.706999999999994, 57.69800000000001, 57.852000000000004, 57.823, 57.604, 58.14, 57.757000000000005, 58.048, 58.053999999999995, 58.135000000000005, 58.282000000000004, 58.164, 58.403000000000006, 58.594, 58.372, 58.248999999999995, 58.228, 58.387, 58.521, 58.562999999999995, 58.60999999999999, 58.323, 58.46, 58.158, 58.428000000000004], [61.73800000000001, 62.77, 63.480000000000004, 64.128, 64.49000000000001, 64.7, 65.21000000000001, 65.728, 66.47800000000001, 66.201, 66.485, 67.17999999999999, 67.349, 67.583, 67.93400000000001, 68.171, 68.5, 68.657, 69.072, 69.19999999999999, 69.056, 69.31, 69.61, 69.402, 69.515, 69.93599999999999, 70.23899999999999, 70.48400000000001, 70.23700000000001, 70.19999999999999, 70.233, 70.459, 70.372, 70.588, 70.771, 71.018, 71.09299999999999, 71.22, 71.222, 71.032, 71.141, 71.15599999999999, 71.238, 71.446, 71.596, 71.45899999999999, 71.429, 71.642, 71.512, 71.634, 71.428, 71.64399999999999, 71.475, 71.868, 71.914, 71.604, 72.016, 71.88799999999999, 72.075, 71.919, 72.138, 71.811, 71.843, 71.654, 72.15700000000001, 72.125, 72.06, 72.28099999999999, 72.296, 72.234, 72.178, 72.142, 72.44, 72.265, 72.272, 72.485, 72.089, 72.218, 72.245, 72.26599999999999, 72.391, 72.589, 72.27799999999999, 72.524, 72.587, 72.649, 72.515, 72.733, 72.626, 72.626, 72.61999999999999, 72.565, 72.547, 72.69200000000001, 72.702, 72.83800000000001, 72.695, 72.765, 72.956, 72.789]]
Total Delta Gamma: [1.30068907 1.95588476 1.60500893 1.53695342 1.42139861 1.47767079
 1.83117982 1.27260104 1.72250869 1.74931845]
Total Delta R: [1.20710059 1.0389946  1.38907266 1.309873   1.14776386 1.46072617
 1.40450378 1.4350857  1.24709035 1.40707703]
