Estimating the parameters from the real data (K=3)
==================================================

N (neurons): 805
K (states): 3
T (time steps): 10000
Seed: 12345
Number of repetitions: 10

Estimated parameters:
Estimated Pi: [array([0.00136387, 0.97649329, 0.02214284]), array([0.00930247, 0.20994304, 0.78075449]), array([0.0200469 , 0.26264098, 0.71731212]), array([0.31790119, 0.24331592, 0.43878289]), array([0.42187114, 0.0396402 , 0.53848865]), array([0.04086129, 0.87169879, 0.08743992]), array([0.92478535, 0.05978045, 0.01543419]), array([0.15624169, 0.8340407 , 0.00971761]), array([0.93475438, 0.04477344, 0.02047218]), array([0.95115217, 0.02232481, 0.02652303])]
Estimated Gamma: [array([[0.88666272, 0.07418284, 0.03915444],
       [0.00108861, 0.99381974, 0.00509165],
       [0.26626083, 0.41892344, 0.31481573]]), array([[0.17650985, 0.06601305, 0.7574771 ],
       [0.06426135, 0.4128041 , 0.52293455],
       [0.00165814, 0.07594117, 0.9224007 ]]), array([[0.09236375, 0.01951871, 0.88811754],
       [0.06889959, 0.37243802, 0.55866239],
       [0.00943989, 0.05416741, 0.93639269]]), array([[0.17860546, 0.02001999, 0.80137455],
       [0.93635459, 0.03036973, 0.03327568],
       [0.20408504, 0.16850853, 0.62740642]]), array([[0.46982096, 0.05060675, 0.4795723 ],
       [0.29009388, 0.28951065, 0.42039547],
       [0.06882066, 0.09187595, 0.83930339]]), array([[0.27387827, 0.31676976, 0.40935197],
       [0.00621053, 0.98140496, 0.01238452],
       [0.13502419, 0.85971727, 0.00525854]]), array([[9.72139917e-01, 2.70063404e-02, 8.53742524e-04],
       [7.99010614e-01, 1.09653697e-01, 9.13356887e-02],
       [9.10002046e-01, 6.71632818e-02, 2.28346722e-02]]), array([[0.07728407, 0.7042661 , 0.21844983],
       [0.06723947, 0.88925103, 0.0435095 ],
       [0.61511782, 0.31864313, 0.06623905]]), array([[0.97376286, 0.01381004, 0.0124271 ],
       [0.78507422, 0.01254366, 0.20238212],
       [0.26207816, 0.56441837, 0.17350347]]), array([[9.51870909e-01, 9.92151920e-05, 4.80298758e-02],
       [7.24580242e-01, 1.61218351e-01, 1.14201408e-01],
       [6.64009444e-01, 1.26511674e-01, 2.09478882e-01]])]
Estimated R: [array([[0.00109039, 0.16380881, 0.00280991],
       [0.00020622, 0.00118351, 0.00136249],
       [0.00027036, 0.00105746, 0.00037174],
       ...,
       [0.00234129, 0.00072555, 0.00143344],
       [0.00051369, 0.0002319 , 0.00168812],
       [0.0015819 , 0.00089558, 0.00193049]]), array([[3.79247943e-03, 4.17033890e-02, 1.21956145e-01],
       [4.38218986e-04, 8.64216284e-04, 4.78250695e-04],
       [5.03336454e-04, 4.77694407e-04, 4.39577097e-05],
       ...,
       [9.95530957e-04, 2.67052620e-04, 7.07494672e-04],
       [2.67604098e-04, 5.71126286e-04, 2.96585597e-03],
       [6.87524602e-04, 2.26010266e-04, 2.09036053e-03]]), array([[8.37382392e-03, 2.58960630e-02, 1.25308139e-01],
       [1.01867737e-03, 2.40191229e-04, 1.00992886e-04],
       [4.81026476e-05, 2.18513071e-04, 1.00378688e-03],
       ...,
       [3.29151078e-03, 9.33106230e-04, 8.14460055e-03],
       [1.21460295e-04, 5.38758837e-04, 1.64943384e-03],
       [1.08906556e-03, 2.17313078e-04, 1.48192311e-03]]), array([[7.03691724e-02, 2.65468292e-02, 8.41189054e-02],
       [5.83618244e-04, 2.35549411e-03, 2.88032760e-03],
       [3.25844751e-04, 1.59344481e-04, 3.89306766e-04],
       ...,
       [1.84958041e-05, 7.57707882e-04, 1.89267498e-03],
       [2.06934272e-03, 4.90790242e-04, 7.61889814e-05],
       [1.69091240e-03, 1.91412566e-04, 5.41040055e-04]]), array([[4.92568136e-02, 9.86263089e-03, 1.21380145e-01],
       [7.13990728e-05, 6.94070821e-04, 1.20344689e-03],
       [1.17678349e-03, 2.13024855e-05, 1.59582517e-03],
       ...,
       [1.27053224e-03, 6.50270487e-04, 7.16252335e-04],
       [9.95799067e-05, 5.71551508e-04, 1.39862418e-03],
       [2.57970132e-03, 1.66417904e-03, 1.06790762e-04]]), array([[4.70807251e-03, 1.38759832e-01, 1.16343318e-02],
       [5.88691761e-03, 1.86488720e-03, 2.14349043e-03],
       [3.45816422e-03, 8.67742964e-04, 1.79977996e-03],
       ...,
       [7.25987131e-05, 2.60354860e-03, 9.41699243e-05],
       [3.21944860e-04, 2.74186419e-03, 5.18516187e-04],
       [6.67773763e-05, 4.99462336e-04, 1.61678672e-03]]), array([[1.62358992e-01, 3.75480395e-03, 4.21878221e-03],
       [2.15055536e-03, 2.63823482e-03, 1.02797150e-05],
       [2.98858831e-03, 5.37121439e-04, 6.39027053e-04],
       ...,
       [6.57380694e-04, 3.78523227e-03, 8.06777079e-03],
       [4.97748623e-04, 1.00373895e-03, 3.07293838e-04],
       [3.68514977e-04, 4.40106882e-04, 1.93712182e-04]]), array([[2.72473346e-02, 1.47896232e-01, 3.65316781e-03],
       [6.12470436e-05, 7.61848258e-04, 1.27614480e-03],
       [7.58617888e-05, 1.75149448e-03, 2.27978249e-03],
       ...,
       [3.32332740e-04, 2.33734146e-03, 2.99611117e-03],
       [4.77231992e-04, 2.62668638e-03, 6.59481280e-04],
       [6.74090896e-04, 3.21800757e-04, 2.02448000e-04]]), array([[1.59155167e-01, 2.51348692e-03, 2.26934856e-03],
       [2.90869319e-04, 3.25435271e-03, 1.15031820e-03],
       [2.64019216e-03, 6.36859891e-04, 3.49374582e-04],
       ...,
       [1.06604103e-04, 9.25190874e-04, 1.51731811e-04],
       [8.15939910e-04, 4.06711256e-05, 1.79395750e-03],
       [3.71597537e-04, 6.32295216e-04, 6.34125446e-04]]), array([[1.61418526e-01, 1.21603938e-03, 1.29224044e-03],
       [5.79591312e-04, 2.92324772e-04, 1.45248724e-04],
       [2.22318015e-03, 2.73204001e-04, 6.89383756e-04],
       ...,
       [2.13702283e-03, 3.33717234e-03, 4.97203629e-03],
       [3.44335677e-03, 2.42197327e-04, 1.26719322e-03],
       [2.40098862e-04, 1.92612805e-03, 1.24572730e-03]])]

Total NMI: [[1.0, 1.0, 1.0, 1.0, 1.0, 1.0, 1.0, 1.0, 1.0, 1.0, 1.0, 1.0, 1.0, 1.0, 1.0, 1.0, 1.0, 1.0, 1.0, 1.0, 1.0, 1.0, 1.0, 1.0, 1.0, 1.0, 1.0, 1.0, 1.0, 1.0, 1.0, 1.0, 1.0, 1.0, 1.0, 1.0, 1.0, 1.0, 1.0, 1.0, 1.0, 1.0, 0.0, 0.0, 1.0, 1.0, 1.0, 1.0, 1.0, 1.0], [1.0, 0.0, 0.0, 0.0, 0.0, 0.2740175421212811, 0.0, 1.0, 0.0, 0.2740175421212811, 0.2740175421212811, 0.2740175421212811, 0.0, 1.0, 0.0, 0.2740175421212811, 0.2740175421212811, 0.2740175421212811, 1.0, 0.2740175421212811, 0.0, 0.0, 0.0, 1.0, 1.0, 1.0, 1.0, 1.0, 1.0, 1.0, 1.0, 0.0, 0.0, 1.0, 0.0, 0.0, 1.0, 1.0, 0.0, 0.0, 0.0, 0.0, 1.0, 1.0, 0.0, 0.2740175421212811, 0.0, 1.0, 1.0, 1.0], [1.0, 0.2740175421212811, 0.2740175421212811, 0.0, 1.0, 0.0, 0.0, 0.0, 0.0, 0.0, 0.0, 1.0, 0.0, 0.0, 0.0, 0.0, 1.0, 1.0, 1.0, 0.0, 0.0, 1.0, 0.0, 0.2740175421212811, 0.0, 1.0, 1.0, 1.0, 1.0, 1.0, 1.0, 1.0, 1.0, 1.0, 0.0, 0.2740175421212811, 0.0, 1.0, 1.0, 1.0, 1.0, 1.0, 1.0, 0.0, 0.0, 1.0, 1.0, 1.0, 0.0, 1.0], [0.7336804366512112, 1.0, 1.0, 0.7336804366512112, 1.0, 1.0, 1.0, 1.0, 1.0, 0.7336804366512112, 0.2740175421212811, 1.0, 0.7336804366512112, 0.7336804366512112, 0.2740175421212811, 0.7336804366512112, 1.0, 0.7336804366512112, 0.7336804366512112, 0.7336804366512112, 1.0, 0.7336804366512112, 0.7336804366512112, 1.0, 0.7336804366512112, 0.7336804366512112, 0.0, 1.0, 0.0, 0.2740175421212811, 1.0, 1.0, 0.2740175421212811, 0.7336804366512112, 0.7336804366512112, 0.7336804366512112, 0.7336804366512112, 1.0, 0.0, 1.0, 0.0, 0.2740175421212811, 1.0, 0.7336804366512112, 0.7336804366512112, 0.2740175421212811, 0.2740175421212811, 0.0, 0.0, 0.7336804366512112], [1.0, 0.0, 0.0, 0.0, 0.0, 0.0, 0.2740175421212811, 0.2740175421212811, 0.7336804366512112, 0.0, 1.0, 1.0, 1.0, 1.0, 0.0, 0.0, 0.0, 0.2740175421212811, 0.0, 1.0, 0.0, 1.0, 0.0, 0.0, 0.2740175421212811, 1.0, 0.0, 1.0, 1.0, 1.0, 1.0, 1.0, 1.0, 0.0, 0.2740175421212811, 0.2740175421212811, 0.0, 1.0, 1.0, 1.0, 1.0, 0.0, 0.0, 1.0, 1.0, 1.0, 1.0, 1.0, 1.0, 1.0], [1.0, 1.0, 0.0, 0.0, 0.0, 1.0, 0.0, 1.0, 0.0, 0.0, 1.0, 1.0, 1.0, 1.0, 1.0, 1.0, 1.0, 1.0, 1.0, 1.0, 1.0, 1.0, 1.0, 1.0, 1.0, 1.0, 1.0, 1.0, 1.0, 1.0, 1.0, 1.0, 1.0, 0.0, 1.0, 0.0, 1.0, 1.0, 1.0, 1.0, 1.0, 1.0, 1.0, 1.0, 1.0, 1.0, 1.0, 0.0, 0.0, 1.0], [1.0, 0.0, 1.0, 1.0, 1.0, 1.0, 1.0, 1.0, 1.0, 1.0, 1.0, 1.0, 1.0, 0.0, 0.0, 1.0, 1.0, 1.0, 1.0, 1.0, 0.0, 0.0, 1.0, 1.0, 1.0, 1.0, 1.0, 1.0, 1.0, 1.0, 1.0, 1.0, 1.0, 1.0, 1.0, 1.0, 1.0, 1.0, 1.0, 1.0, 1.0, 1.0, 1.0, 1.0, 1.0, 1.0, 1.0, 1.0, 1.0, 1.0], [0.7336804366512112, 0.2740175421212811, 1.0, 0.2740175421212811, 0.0, 1.0, 1.0, 0.0, 0.0, 1.0, 1.0, 1.0, 0.0, 0.2740175421212811, 0.7336804366512112, 0.0, 1.0, 1.0, 1.0, 1.0, 1.0, 0.0, 0.0, 1.0, 1.0, 1.0, 1.0, 1.0, 1.0, 1.0, 1.0, 1.0, 0.0, 0.0, 1.0, 1.0, 1.0, 1.0, 0.0, 0.0, 1.0, 1.0, 1.0, 0.0, 0.0, 1.0, 0.0, 0.0, 1.0, 0.0], [0.0, 1.0, 1.0, 1.0, 1.0, 1.0, 1.0, 1.0, 1.0, 1.0, 1.0, 1.0, 1.0, 1.0, 1.0, 1.0, 1.0, 1.0, 1.0, 1.0, 1.0, 1.0, 1.0, 1.0, 1.0, 1.0, 0.0, 0.0, 1.0, 1.0, 1.0, 1.0, 1.0, 1.0, 1.0, 0.0, 0.0, 1.0, 1.0, 1.0, 1.0, 1.0, 1.0, 1.0, 1.0, 1.0, 1.0, 1.0, 1.0, 1.0], [1.0, 1.0, 1.0, 1.0, 1.0, 1.0, 1.0, 1.0, 1.0, 1.0, 1.0, 1.0, 1.0, 1.0, 1.0, 1.0, 1.0, 1.0, 1.0, 1.0, 1.0, 1.0, 1.0, 1.0, 1.0, 1.0, 1.0, 1.0, 1.0, 1.0, 1.0, 1.0, 1.0, 1.0, 1.0, 1.0, 1.0, 1.0, 1.0, 1.0, 1.0, 1.0, 1.0, 1.0, 1.0, 1.0, 1.0, 1.0, 1.0, 1.0]]
Total Percentage: [[100.0, 100.0, 100.0, 100.0, 100.0, 100.0, 100.0, 100.0, 100.0, 100.0, 100.0, 100.0, 100.0, 100.0, 100.0, 100.0, 100.0, 100.0, 100.0, 100.0, 100.0, 100.0, 100.0, 100.0, 100.0, 100.0, 100.0, 100.0, 100.0, 100.0, 100.0, 100.0, 100.0, 100.0, 100.0, 100.0, 100.0, 100.0, 100.0, 100.0, 100.0, 100.0, 66.66666666666666, 66.66666666666666, 100.0, 100.0, 100.0, 100.0, 100.0, 100.0], [0.0, 66.66666666666666, 66.66666666666666, 66.66666666666666, 66.66666666666666, 66.66666666666666, 66.66666666666666, 0.0, 66.66666666666666, 66.66666666666666, 66.66666666666666, 33.33333333333333, 66.66666666666666, 100.0, 66.66666666666666, 33.33333333333333, 33.33333333333333, 33.33333333333333, 66.66666666666666, 33.33333333333333, 66.66666666666666, 66.66666666666666, 66.66666666666666, 100.0, 100.0, 100.0, 100.0, 100.0, 0.0, 0.0, 100.0, 66.66666666666666, 66.66666666666666, 100.0, 66.66666666666666, 66.66666666666666, 100.0, 100.0, 33.33333333333333, 33.33333333333333, 66.66666666666666, 66.66666666666666, 100.0, 100.0, 33.33333333333333, 66.66666666666666, 66.66666666666666, 100.0, 100.0, 100.0], [100.0, 66.66666666666666, 66.66666666666666, 33.33333333333333, 0.0, 66.66666666666666, 66.66666666666666, 66.66666666666666, 66.66666666666666, 66.66666666666666, 66.66666666666666, 100.0, 66.66666666666666, 66.66666666666666, 66.66666666666666, 66.66666666666666, 100.0, 100.0, 100.0, 66.66666666666666, 66.66666666666666, 100.0, 33.33333333333333, 66.66666666666666, 66.66666666666666, 100.0, 100.0, 100.0, 100.0, 100.0, 100.0, 100.0, 100.0, 100.0, 66.66666666666666, 33.33333333333333, 66.66666666666666, 100.0, 100.0, 100.0, 100.0, 100.0, 100.0, 66.66666666666666, 66.66666666666666, 100.0, 100.0, 100.0, 66.66666666666666, 100.0], [33.33333333333333, 100.0, 100.0, 66.66666666666666, 100.0, 100.0, 100.0, 100.0, 100.0, 33.33333333333333, 33.33333333333333, 33.33333333333333, 0.0, 66.66666666666666, 33.33333333333333, 66.66666666666666, 100.0, 33.33333333333333, 33.33333333333333, 66.66666666666666, 0.0, 66.66666666666666, 66.66666666666666, 0.0, 66.66666666666666, 66.66666666666666, 66.66666666666666, 100.0, 33.33333333333333, 66.66666666666666, 100.0, 100.0, 33.33333333333333, 66.66666666666666, 33.33333333333333, 33.33333333333333, 66.66666666666666, 100.0, 66.66666666666666, 100.0, 66.66666666666666, 66.66666666666666, 66.66666666666666, 66.66666666666666, 33.33333333333333, 33.33333333333333, 33.33333333333333, 33.33333333333333, 33.33333333333333, 66.66666666666666], [0.0, 0.0, 0.0, 33.33333333333333, 66.66666666666666, 66.66666666666666, 33.33333333333333, 33.33333333333333, 33.33333333333333, 33.33333333333333, 100.0, 100.0, 100.0, 100.0, 66.66666666666666, 66.66666666666666, 33.33333333333333, 33.33333333333333, 66.66666666666666, 100.0, 33.33333333333333, 100.0, 66.66666666666666, 66.66666666666666, 33.33333333333333, 0.0, 33.33333333333333, 100.0, 100.0, 100.0, 100.0, 100.0, 0.0, 66.66666666666666, 33.33333333333333, 66.66666666666666, 66.66666666666666, 100.0, 100.0, 100.0, 100.0, 66.66666666666666, 66.66666666666666, 100.0, 100.0, 100.0, 100.0, 100.0, 100.0, 100.0], [100.0, 100.0, 66.66666666666666, 66.66666666666666, 66.66666666666666, 100.0, 66.66666666666666, 100.0, 66.66666666666666, 66.66666666666666, 100.0, 100.0, 100.0, 100.0, 100.0, 100.0, 100.0, 100.0, 100.0, 100.0, 100.0, 100.0, 100.0, 100.0, 100.0, 100.0, 100.0, 100.0, 100.0, 100.0, 100.0, 100.0, 100.0, 66.66666666666666, 100.0, 66.66666666666666, 100.0, 100.0, 100.0, 100.0, 100.0, 100.0, 100.0, 100.0, 100.0, 100.0, 100.0, 66.66666666666666, 66.66666666666666, 100.0], [66.66666666666666, 66.66666666666666, 100.0, 100.0, 100.0, 100.0, 100.0, 100.0, 100.0, 100.0, 100.0, 100.0, 100.0, 66.66666666666666, 66.66666666666666, 100.0, 100.0, 100.0, 100.0, 100.0, 66.66666666666666, 66.66666666666666, 100.0, 100.0, 100.0, 100.0, 100.0, 100.0, 100.0, 100.0, 100.0, 100.0, 100.0, 100.0, 100.0, 100.0, 100.0, 100.0, 100.0, 100.0, 100.0, 100.0, 100.0, 100.0, 100.0, 100.0, 100.0, 100.0, 100.0, 100.0], [0.0, 33.33333333333333, 66.66666666666666, 33.33333333333333, 33.33333333333333, 100.0, 100.0, 66.66666666666666, 66.66666666666666, 100.0, 100.0, 100.0, 66.66666666666666, 33.33333333333333, 66.66666666666666, 33.33333333333333, 100.0, 100.0, 100.0, 100.0, 100.0, 33.33333333333333, 33.33333333333333, 100.0, 100.0, 100.0, 100.0, 100.0, 100.0, 100.0, 100.0, 100.0, 66.66666666666666, 66.66666666666666, 100.0, 100.0, 100.0, 100.0, 33.33333333333333, 33.33333333333333, 100.0, 100.0, 100.0, 66.66666666666666, 66.66666666666666, 100.0, 66.66666666666666, 66.66666666666666, 100.0, 66.66666666666666], [66.66666666666666, 100.0, 100.0, 100.0, 100.0, 100.0, 100.0, 100.0, 100.0, 100.0, 100.0, 100.0, 100.0, 100.0, 100.0, 100.0, 100.0, 100.0, 100.0, 100.0, 100.0, 100.0, 100.0, 100.0, 100.0, 100.0, 66.66666666666666, 66.66666666666666, 100.0, 100.0, 100.0, 100.0, 100.0, 100.0, 100.0, 66.66666666666666, 66.66666666666666, 100.0, 100.0, 100.0, 100.0, 100.0, 100.0, 100.0, 100.0, 100.0, 100.0, 100.0, 100.0, 100.0], [100.0, 100.0, 100.0, 100.0, 100.0, 100.0, 100.0, 100.0, 100.0, 100.0, 100.0, 100.0, 100.0, 100.0, 100.0, 100.0, 100.0, 100.0, 100.0, 100.0, 100.0, 100.0, 100.0, 100.0, 100.0, 100.0, 100.0, 100.0, 100.0, 100.0, 100.0, 100.0, 100.0, 100.0, 100.0, 100.0, 100.0, 100.0, 100.0, 100.0, 100.0, 100.0, 100.0, 100.0, 100.0, 100.0, 100.0, 100.0, 100.0, 100.0]]
Total Delta Gamma: [1.49513911 1.28454899 1.32596006 0.82173706 1.00755282 0.78463487
 1.10227299 1.51861234 1.69292547 0.99429317]
Total Delta R: [0.18374784 0.15117756 0.15153766 0.13705343 0.15228308 0.15988813
 0.1804828  0.17088307 0.17968398 0.18000566]
