Complexity increased keeping gamma very unbalanced, and increasing K (K=5)
==================================================

N (neurons): 3
K (states): 5
T (time steps): 50000
Seed: None
Number of repetitions: 10
Number of iterations: 100

Initialization of parameters for HMM:
Pi: [1 0 0 0 0]
Gamma: [[0.8  0.05 0.05 0.05 0.05]
 [0.05 0.8  0.05 0.05 0.05]
 [0.05 0.05 0.8  0.05 0.05]
 [0.05 0.05 0.05 0.8  0.05]
 [0.05 0.05 0.05 0.05 0.8 ]]
R: [[0.5        0.         0.5        0.         0.33333333]
 [0.         0.5        0.5        0.         0.        ]
 [0.5        0.         0.         0.5        0.33333333]
 [0.         0.5        0.         0.5        0.33333333]]

Generated data:
Generated firings (y): [0 2 2 2 0 0 0 1 1 0 1 3 3 3 2 2 3 1 1 3 1 2 3 2 3 3 0 1 0 0 1 3 3 2 3 3 2
 2 0 2 0 2 2 0 2 3 1 3 1 3 1 0 0 2 2 0 1 1 1 0 3 3 0 2 3 3 0 1 3 3 3 3 3 1
 3 1 1 3 2 2 2 3 3 0 0 1 0 0 0 0 1 0 2 3 0 2 0 2 0 1]... (showing first 100 entries)
Generated states (z): [0 0 0 0 0 2 2 2 2 2 2 3 3 3 3 3 3 1 1 1 2 3 3 3 3 3 2 2 2 2 2 3 3 3 3 3 3
 0 0 0 0 0 0 0 0 1 1 1 1 1 1 0 0 0 0 2 2 2 2 2 1 1 4 4 4 4 4 1 1 1 1 1 1 1
 1 1 1 3 3 3 3 3 3 2 2 2 2 2 2 2 2 4 4 4 4 0 0 0 0 2]... (showing first 100 entries)

Estimated parameters:
Estimated Pi: [array([0.32134827, 0.06789522, 0.28857298, 0.00371679, 0.31846674]), array([0.14606861, 0.48473281, 0.2246852 , 0.04054396, 0.10396942]), array([0.44194598, 0.0641437 , 0.16839439, 0.22618341, 0.09933252]), array([0.14667964, 0.1224942 , 0.20123697, 0.16381874, 0.36577044]), array([0.03239278, 0.24328403, 0.2744825 , 0.18775759, 0.2620831 ]), array([0.42944207, 0.03954241, 0.39869697, 0.03861398, 0.09370456]), array([0.26140789, 0.00142004, 0.20478303, 0.22697784, 0.30541119]), array([0.12142116, 0.23003382, 0.31945167, 0.0583489 , 0.27074445]), array([0.12236966, 0.0833384 , 0.58692141, 0.13773974, 0.06963079]), array([0.04718541, 0.13119968, 0.09945691, 0.68213319, 0.04002481])]
Estimated Gamma: [array([[0.05466137, 0.03163133, 0.23600979, 0.2315078 , 0.4461897 ],
       [0.00336657, 0.76708253, 0.05760445, 0.0463834 , 0.12556305],
       [0.14891989, 0.06698432, 0.64888586, 0.02994946, 0.10526048],
       [0.19308377, 0.16443015, 0.08743183, 0.42153424, 0.13352001],
       [0.14227056, 0.12507831, 0.41825383, 0.29182912, 0.02256818]]), array([[0.68832361, 0.11710978, 0.00387806, 0.11040886, 0.08027969],
       [0.10369909, 0.05344632, 0.56857036, 0.111097  , 0.16318723],
       [0.14423911, 0.28309513, 0.11955953, 0.40586294, 0.04724328],
       [0.07238276, 0.32374115, 0.10095398, 0.13014126, 0.37278085],
       [0.06846883, 0.16751605, 0.04248692, 0.44052881, 0.28099939]]), array([[0.39384762, 0.03931163, 0.18411783, 0.1002246 , 0.28249832],
       [0.20467317, 0.33212047, 0.40631801, 0.03191532, 0.02497303],
       [0.31160022, 0.15295772, 0.18590336, 0.33337859, 0.01616011],
       [0.21819066, 0.24364149, 0.10303553, 0.0788761 , 0.35625622],
       [0.13787979, 0.02555713, 0.31807978, 0.22789087, 0.29059243]]), array([[0.03496384, 0.43669373, 0.20491257, 0.14746552, 0.17596434],
       [0.22317207, 0.63084288, 0.0150326 , 0.05487591, 0.07607655],
       [0.48619475, 0.23129906, 0.08354171, 0.02857053, 0.17039395],
       [0.25010925, 0.00610086, 0.14348044, 0.22901156, 0.37129789],
       [0.13118459, 0.11746745, 0.33264685, 0.29212482, 0.12657629]]), array([[0.70217876, 0.05943942, 0.07726218, 0.14035012, 0.02076952],
       [0.01697991, 0.27802842, 0.04126008, 0.14806375, 0.51566784],
       [0.13491036, 0.17782156, 0.38660537, 0.0895684 , 0.21109431],
       [0.12863872, 0.03021419, 0.02754154, 0.73897215, 0.07463341],
       [0.07859306, 0.3325784 , 0.13059839, 0.0046785 , 0.45355165]]), array([[0.46028858, 0.08769939, 0.23057184, 0.19478557, 0.02665462],
       [0.16237236, 0.33070853, 0.09096154, 0.39888791, 0.01706966],
       [0.05168813, 0.10720959, 0.69642802, 0.01676574, 0.12790852],
       [0.13117698, 0.17566625, 0.1119241 , 0.50447974, 0.07675293],
       [0.56663876, 0.09355404, 0.29444808, 0.00421718, 0.04114194]]), array([[0.12950406, 0.04174549, 0.39014944, 0.34739968, 0.09120133],
       [0.04063486, 0.15808339, 0.12197459, 0.60808573, 0.07122142],
       [0.08462239, 0.08228617, 0.08681098, 0.29062789, 0.45565257],
       [0.00199102, 0.17936664, 0.24913392, 0.45512917, 0.11437925],
       [0.11644443, 0.13008002, 0.03717226, 0.29703087, 0.41927242]]), array([[1.38138294e-01, 1.31904913e-01, 6.52751738e-01, 1.14827934e-02,
        6.57222613e-02],
       [8.48091228e-02, 1.81821769e-01, 2.25147540e-01, 1.35641853e-02,
        4.94657383e-01],
       [5.14793148e-02, 2.55935462e-01, 4.48656785e-01, 5.67629244e-02,
        1.87165513e-01],
       [2.94800396e-04, 4.10684133e-01, 5.44787596e-03, 4.76901640e-01,
        1.06671551e-01],
       [1.56226129e-01, 4.15575085e-02, 7.45030192e-02, 1.41921100e-01,
        5.85792243e-01]]), array([[0.54768121, 0.01126371, 0.23959587, 0.17837683, 0.02308238],
       [0.05699842, 0.01591521, 0.26139083, 0.19232952, 0.47336602],
       [0.29545551, 0.03196642, 0.31909189, 0.10075011, 0.25273607],
       [0.15198879, 0.07378746, 0.20941192, 0.56311835, 0.00169348],
       [0.00539871, 0.3267109 , 0.0193541 , 0.12225037, 0.52628592]]), array([[0.25433451, 0.17220338, 0.44785089, 0.03210978, 0.09350144],
       [0.00789065, 0.3799803 , 0.35967592, 0.17297422, 0.07947891],
       [0.39107956, 0.16204554, 0.07371121, 0.22682163, 0.14634206],
       [0.01846458, 0.20805685, 0.0874784 , 0.57953899, 0.10646118],
       [0.21044147, 0.29566349, 0.18829956, 0.25030926, 0.05528621]])]
Estimated R: [array([[0.37866195, 0.35832395, 0.23354064, 0.03028379, 0.34670111],
       [0.03169624, 0.55624956, 0.01801185, 0.14028906, 0.08382932],
       [0.05140765, 0.01239084, 0.59655327, 0.17625063, 0.27660783],
       [0.53823416, 0.07303565, 0.15189423, 0.65317653, 0.29286174]]), array([[0.50019547, 0.44573696, 0.23600139, 0.04969072, 0.10772818],
       [0.41153778, 0.03221918, 0.01318661, 0.23461439, 0.22578991],
       [0.00970556, 0.25823021, 0.66508103, 0.42105082, 0.07152609],
       [0.07856119, 0.26381364, 0.08573097, 0.29464407, 0.59495582]]), array([[0.4548484 , 0.1794056 , 0.3152261 , 0.17440977, 0.10737441],
       [0.28936578, 0.0763993 , 0.02164776, 0.263987  , 0.31928051],
       [0.09699199, 0.19838467, 0.20162932, 0.32679872, 0.55722197],
       [0.15879382, 0.54581043, 0.46149682, 0.23480451, 0.01612312]]), array([[0.24381097, 0.11406902, 0.23944075, 0.39330466, 0.6017975 ],
       [0.22111226, 0.01926241, 0.46860107, 0.37962515, 0.2458303 ],
       [0.11822824, 0.54165428, 0.2133906 , 0.02044509, 0.0341282 ],
       [0.41684853, 0.32501429, 0.07856758, 0.20662509, 0.118244  ]]), array([[0.00994019, 0.26797706, 0.54224747, 0.39939043, 0.26189932],
       [0.22594191, 0.01373306, 0.00345315, 0.55425592, 0.0135527 ],
       [0.07780537, 0.39908853, 0.19632301, 0.03262451, 0.62993316],
       [0.68631252, 0.31920135, 0.25797636, 0.01372914, 0.09461482]]), array([[0.4564908 , 0.07589064, 0.3930913 , 0.01492228, 0.28477006],
       [0.00628484, 0.25986107, 0.42042638, 0.00658888, 0.14890138],
       [0.29738895, 0.31975933, 0.1170733 , 0.35909864, 0.49627941],
       [0.23983541, 0.34448896, 0.06940903, 0.61939021, 0.07004914]]), array([[0.63723109, 0.01698096, 0.19704273, 0.31164815, 0.31199349],
       [0.04167556, 0.2980516 , 0.16369016, 0.29472545, 0.04294868],
       [0.24748985, 0.18782971, 0.29571418, 0.19288319, 0.41769479],
       [0.0736035 , 0.49713773, 0.34355294, 0.2007432 , 0.22736304]]), array([[2.80630361e-01, 3.45466292e-01, 3.26350450e-01, 9.67249531e-03,
        2.86260108e-01],
       [3.89120719e-01, 2.09143354e-01, 5.08342992e-01, 9.35363647e-05,
        2.00825578e-02],
       [1.29718373e-01, 2.86654699e-01, 7.97115766e-02, 9.09105357e-01,
        1.78731707e-01],
       [2.00530547e-01, 1.58735655e-01, 8.55949814e-02, 8.11286115e-02,
        5.14925627e-01]]), array([[0.09787142, 0.3283295 , 0.57159059, 0.19051979, 0.23327867],
       [0.01363969, 0.49130923, 0.04874948, 0.00342238, 0.62275757],
       [0.7393491 , 0.05560833, 0.14116834, 0.21940486, 0.02993455],
       [0.14913979, 0.12475294, 0.23849159, 0.58665297, 0.11402921]]), array([[0.04248607, 0.18927437, 0.12780411, 0.63598736, 0.05471879],
       [0.03665767, 0.28139308, 0.33815402, 0.04758214, 0.39690984],
       [0.03983097, 0.39696625, 0.31075191, 0.29256144, 0.10993232],
       [0.88102529, 0.13236631, 0.22328997, 0.02386907, 0.43843905]])]

Total NMI: [[0.1292726172269406, 0.15436735258120482, 0.1751509849691295, 0.1846602426714632, 0.19207555865701637, 0.21043662602577837, 0.22119590976202624, 0.2213062819112923, 0.23074825840549515, 0.23593696277399234, 0.24331724095746723, 0.24769358779106426, 0.2477868083319592, 0.2501490583078087, 0.25003377662417964, 0.25834988352696503, 0.26337692103249644, 0.2630177561106357, 0.2683438681655985, 0.2667818062339276, 0.26773006037747815, 0.2759997931236268, 0.27519273150882395, 0.27565107195150723, 0.2772987203562256, 0.2831859490843932, 0.2821369609360828, 0.2849200295492458, 0.28100523434362734, 0.2863379122014586, 0.2876066373323055, 0.2856111808705803, 0.29361247005071783, 0.2953953619811358, 0.29289024764781213, 0.29429012136325783, 0.2963360491543718, 0.2999741851130008, 0.30161484053601834, 0.3036076631570909, 0.3059246809639102, 0.3032879887023581, 0.3012877367374194, 0.30514705392701225, 0.3023380958986913, 0.3034342125994571, 0.30257514340342806, 0.30826339522815144, 0.3058345339190793, 0.3067180911005172, 0.3087413054555828, 0.3085819910018727, 0.31019792655264694, 0.311758425548239, 0.31317206761169375, 0.3154654868750285, 0.31134280167705974, 0.315271193578623, 0.3123513297297653, 0.3159601434506308, 0.3154072234553504, 0.3142078736259204, 0.31592162560978904, 0.3191689348004157, 0.31328281132082136, 0.3223754304998743, 0.317654051148959, 0.3203464028969286, 0.32125122934139433, 0.32307897482674036, 0.32133702431346767, 0.3231144664273988, 0.31967062259602924, 0.31994302805686625, 0.3209967848926709, 0.32377283664308026, 0.32338010313349314, 0.32066826338527604, 0.326880659922359, 0.32112224997071254, 0.3279342934499685, 0.3272001745416301, 0.3240340075941085, 0.32508453717240066, 0.3265652761020132, 0.33103900700012967, 0.32887801658478244, 0.32653585487813064, 0.3256392703381393, 0.3239628650979074, 0.3226522501509035, 0.32700522844393, 0.32648374390575047, 0.330623867779429, 0.3280315897538452, 0.33133226382502706, 0.3259618611698861, 0.3285949688176686, 0.3274372411693269, 0.3355051309120844], [0.12227152875910959, 0.12554273614580408, 0.13294044998269292, 0.1329871730343777, 0.13443819696406395, 0.1362036074776438, 0.1407223521472733, 0.14422877671570916, 0.14069796119683237, 0.14579300521964306, 0.1528121561893049, 0.15709135191797627, 0.15568155555553, 0.16189595971865978, 0.166156418950212, 0.16524338168018998, 0.16997449225951847, 0.17161126117213188, 0.1721729275060654, 0.17176524236952315, 0.17368414550111, 0.1817602713411985, 0.18145270602617855, 0.18418789140612393, 0.18773844829336273, 0.18762376835411615, 0.19169953973711698, 0.19229140948928994, 0.19245919879434872, 0.19650476909830666, 0.19579871640046828, 0.20183679015133713, 0.19993198794857878, 0.20484642230733022, 0.20651343723670448, 0.20457947900737314, 0.20594682356524424, 0.21217408972689963, 0.21828309388964656, 0.21948374438279633, 0.21928066481180497, 0.2225811877343405, 0.22190770005092006, 0.22728237729353576, 0.22638525230688583, 0.22453493224454957, 0.22438237773845748, 0.22551783450469592, 0.23117769527152585, 0.22884556115017218, 0.23045745267403187, 0.23453100206224864, 0.23311693202007144, 0.23830567551180215, 0.23786104484064788, 0.24011868118457047, 0.2398101823029498, 0.23992419660512362, 0.2460294663410651, 0.2477421581590825, 0.2435093223163569, 0.24381012332765425, 0.24692497443465397, 0.2500021679146639, 0.24908496224691423, 0.24599738327269483, 0.2459837645840685, 0.2471836056650149, 0.24491946508382886, 0.24897982727678492, 0.248735567210492, 0.24669806780392112, 0.24922016128003235, 0.2509317182824328, 0.2506932744094653, 0.2565793902658524, 0.25277805770925404, 0.2534875213539991, 0.2555530525842463, 0.26024836586730593, 0.2580112967131773, 0.2585156615267641, 0.26174925157830525, 0.2612030291210615, 0.2629707959351877, 0.2581367363897879, 0.2613904813755778, 0.264779948319386, 0.26736910937243014, 0.2681276684945225, 0.26518576512829967, 0.2667622244621354, 0.2671714433576477, 0.2704242436793185, 0.2654858932812199, 0.2698620618686934, 0.267964400792471, 0.2706700064137949, 0.272214491488429, 0.27293886645461185], [0.09886984477872204, 0.09800288091876637, 0.09857437918540661, 0.09635853912837146, 0.09647814011064113, 0.09527885448440382, 0.09875887339972954, 0.09625086648729483, 0.0941984875041223, 0.09513508491626128, 0.09631255162016775, 0.09507617508382595, 0.09461010898353978, 0.09092174458610752, 0.09368586007536306, 0.0978235122009839, 0.09306221137175742, 0.09125326566679141, 0.09212449344647448, 0.09243801385795113, 0.09485024360612258, 0.09281850307522899, 0.0934855385408066, 0.09469533812931157, 0.09680816986747472, 0.09391886267206884, 0.09400448599729598, 0.09694758110677204, 0.09251520760731925, 0.09501455840639958, 0.09344727382225743, 0.09607386712266232, 0.09578292796065774, 0.09643242971541524, 0.0963080905297384, 0.09704306731160058, 0.09414983329623201, 0.09459881825943386, 0.09568400890060126, 0.09627240282593934, 0.09386487337803105, 0.09590579521241643, 0.09477361349948976, 0.09696340341625063, 0.09505588029032759, 0.09394113407537691, 0.09578576029064746, 0.09731227978942024, 0.09585134853989101, 0.09939012692852564, 0.09854817137156321, 0.09629620558405792, 0.09778802239237278, 0.09469336102095582, 0.09751789152029432, 0.09547100268527638, 0.0974259082455364, 0.09688515629825499, 0.09782953669433192, 0.09966818528660881, 0.09942555311785249, 0.09837733643466456, 0.09648415432300299, 0.0958555397279116, 0.0980086657161633, 0.09894382834823108, 0.09884033756755768, 0.09885905205771975, 0.09856669741306462, 0.09541228995079522, 0.09574525408727293, 0.0979716171114146, 0.09860779438868306, 0.09908152111400909, 0.09912979120980143, 0.10053800836736536, 0.10112999362672412, 0.09911842115374718, 0.09886252506192103, 0.10155428664522494, 0.10213837192640478, 0.10154938373144128, 0.09873573124272485, 0.10028353955683238, 0.10049660445641502, 0.10143406813173318, 0.10269875585272967, 0.10144808711116014, 0.10129041093552502, 0.10136872269687136, 0.09957676030961841, 0.0988636657794516, 0.10299517654006628, 0.10201174701561541, 0.10346267799701031, 0.10299854233692411, 0.09897039495470934, 0.10291885552493096, 0.10601321271351219, 0.10140088373903676], [0.10309351771931739, 0.1030319702796183, 0.10642966135965116, 0.10804759744877462, 0.11253047735603527, 0.116336846723695, 0.11814778249002715, 0.12307744798930363, 0.12428037351654135, 0.12392321765777273, 0.12479317427420611, 0.12678298220311202, 0.1304030907229431, 0.135853964430529, 0.1331110574217627, 0.1344051898525779, 0.1391631676093769, 0.13853637796679463, 0.13984664786546158, 0.14127668050813963, 0.14433445201358458, 0.14440733020985735, 0.1426923257481515, 0.14774563641278465, 0.14961677902167875, 0.14798534447690076, 0.14712986521694174, 0.14649692864895267, 0.14946446608739775, 0.1484518580358086, 0.15448814645712794, 0.15506371739946795, 0.15297754780940742, 0.15560923114489902, 0.15694583406052032, 0.15776086481892423, 0.16053586004125875, 0.15739927085741862, 0.16069886410209924, 0.16131952746276046, 0.16258480224840785, 0.15960722458648988, 0.1602355873954412, 0.16332489280714155, 0.16538563152056496, 0.1668604559934741, 0.16309673655531368, 0.16591514668316587, 0.17092381361697123, 0.16881630058598965, 0.1696693140808284, 0.1659061172022651, 0.16877548385612207, 0.16798129295799133, 0.1758174167419507, 0.16971742532700568, 0.16980381966071942, 0.17082853097434533, 0.16593150939418275, 0.16985013165725096, 0.1720415230175601, 0.1773915289643928, 0.1733448740096025, 0.1779391212469458, 0.17706256178048163, 0.17211753377609454, 0.17649879860433804, 0.17586230104818834, 0.1729724949317818, 0.17302561107453507, 0.17854977114981607, 0.17227996839490958, 0.1781848441323106, 0.1766966278797781, 0.1798373809969391, 0.18161278490403707, 0.17675071375500037, 0.1789953863768368, 0.18134601709593703, 0.17966169775909482, 0.18099178162304577, 0.18063839612497817, 0.18122027755166192, 0.18529378242722958, 0.18292194088496788, 0.18718586225549716, 0.187419185996371, 0.1875667045742159, 0.18497569609590664, 0.18363840312015423, 0.1862083622556899, 0.18380228228868956, 0.18434456057915127, 0.18760194864354518, 0.1850091547218422, 0.18694426463231625, 0.18980296783009887, 0.1857332736183224, 0.1892444038005822, 0.1881140453125472], [0.20070142573610456, 0.228032017524158, 0.25260160096662304, 0.268487442831531, 0.28200121544692275, 0.2887797608692626, 0.2947712289763048, 0.3052051293036135, 0.31386517791368296, 0.3160787145448817, 0.3220332304245362, 0.32716640738983843, 0.3303929000934422, 0.3314564102739385, 0.34056869809438356, 0.3439615704156565, 0.34610705600755803, 0.35046455780980984, 0.34628054180464285, 0.34576893793383384, 0.34899299521228, 0.35739277605703057, 0.35265944532649846, 0.35225725908983724, 0.36104398118024206, 0.3615589964824725, 0.35870565194954657, 0.35873218342517926, 0.3630089730031135, 0.36761736418041957, 0.36585188054426565, 0.3651776706443751, 0.37186546494843575, 0.3722252004651579, 0.3691962307778985, 0.36502941718237836, 0.3748063604221633, 0.3728430676830967, 0.3741113502642773, 0.37707503674614523, 0.3742208474089803, 0.3736872832119642, 0.37318561170028014, 0.3751050300746219, 0.37627842635118297, 0.38178098208545475, 0.3825954844582748, 0.38114321859646355, 0.37624530704232034, 0.3732300902987139, 0.3798345045616623, 0.3823936829182324, 0.38270979053893306, 0.38727789200991275, 0.38440397251566333, 0.3805337482524948, 0.3851180093767955, 0.38615774822243365, 0.3886224996594536, 0.3845036375119707, 0.38752626195453527, 0.38541425774619725, 0.38622562635081753, 0.38307455197542817, 0.39069538084469796, 0.39155821544092495, 0.38768979332939124, 0.3860931138537521, 0.38541891237676396, 0.3859547520479998, 0.3874146525436515, 0.39035909155274334, 0.3886859323937073, 0.39046876979491396, 0.3929078398249531, 0.38517456231493336, 0.3871662303593821, 0.3883301034243384, 0.39150127060109075, 0.3913880260690233, 0.39380107589785884, 0.39109654685733686, 0.39297696772835994, 0.3898338769484694, 0.39820975805208614, 0.3941998996328379, 0.3971749382907411, 0.3974510738378877, 0.39562667272065555, 0.3959243338704118, 0.3954705016327227, 0.39491584147611475, 0.39607197519613896, 0.3931519838240621, 0.3955799013480237, 0.39466949815611213, 0.4011915521366501, 0.39138664475301166, 0.3937808489638417, 0.391536815761618], [0.1123545974912855, 0.12657223083955604, 0.13472353112208882, 0.14187112571640006, 0.15264123083946332, 0.15803765510101023, 0.16315864806723981, 0.16445123062527067, 0.16761779576894983, 0.1706931926639805, 0.17372206554804992, 0.17689597380153146, 0.17887529080133518, 0.1813784527106499, 0.185142286645231, 0.1875824363715808, 0.19198625751317533, 0.19303051882329939, 0.19157868803655426, 0.19327311401318228, 0.20037214267764533, 0.20065656833655854, 0.19918225991004343, 0.2033056016007557, 0.20408679302710472, 0.2027185638913097, 0.2099994355542273, 0.20758384653129006, 0.21197016465619353, 0.2102103461964812, 0.20999033429718944, 0.21229078606839313, 0.21559120528204526, 0.21455400218831147, 0.21218638519485017, 0.21136690857660853, 0.21592198000074952, 0.214473430313917, 0.22084887678115012, 0.22091349510589015, 0.21966204775226023, 0.22196225725981852, 0.22530901447929702, 0.2235884224880266, 0.2247558863615071, 0.22577169994962773, 0.2242339614195227, 0.2221551900503926, 0.22493904364655795, 0.22512258459278722, 0.2250088945491222, 0.22957878938855766, 0.22773449360449674, 0.22617366155157353, 0.2324755934246944, 0.23446867233130353, 0.23131173648863942, 0.2316445491217545, 0.2319416578765153, 0.23257540036274774, 0.23065285327349933, 0.2318450234076719, 0.2344493820533297, 0.2367961548955052, 0.2383401252308305, 0.2387698503734188, 0.23590439393582363, 0.2366247525807702, 0.23813554960383268, 0.24083570256543918, 0.23634754199924313, 0.2366221814929221, 0.23913887457878766, 0.2403722798564696, 0.23955000159469597, 0.24000712895068077, 0.24099547137844554, 0.2447616665158487, 0.2448366153445621, 0.24539337081885712, 0.2449707039135967, 0.2436456132499901, 0.248589957721666, 0.24858175908324537, 0.24842592681202397, 0.24412498012131978, 0.24899904782745017, 0.24553519937485974, 0.24773910678983066, 0.24801968795619284, 0.24788509205955553, 0.2473473637619068, 0.2500647025673165, 0.25533045668672294, 0.25078371494155893, 0.24827928404984292, 0.25238124322936284, 0.2491435854052234, 0.24885835806927062, 0.2500997898604237], [0.061160438146795615, 0.056752649615684186, 0.052512924383484094, 0.0536089107201799, 0.052588390490289884, 0.050590930730270434, 0.05070330305464829, 0.05211631675675839, 0.05265477925911725, 0.050385975625597004, 0.049267571063791385, 0.049790088816596245, 0.051597064635935955, 0.05154630114946256, 0.05093232005810476, 0.051098664572896545, 0.052769942375448374, 0.05440397196051517, 0.05451662503837687, 0.05364764778029161, 0.05369582410838386, 0.05555540146242938, 0.05314529770760816, 0.05453434914257389, 0.05790013464817015, 0.056112438708536876, 0.055248190306843685, 0.05449598973355971, 0.054506597822328015, 0.05556345497978444, 0.0562531403642199, 0.058120833306356215, 0.05497486765774375, 0.05869803578412398, 0.05627140820577589, 0.0556955983603896, 0.057161577728357754, 0.05743296680588509, 0.0579556429887872, 0.0570454065754567, 0.058798678556671875, 0.0575087869776728, 0.059591323423428426, 0.06002981157000955, 0.06041536171338768, 0.06090378462261681, 0.05940645411816242, 0.06048466864551107, 0.05876722486534824, 0.05947437830523609, 0.062245720660953754, 0.06077025549764504, 0.0630651762450214, 0.06148146818427389, 0.06100134320635841, 0.058467648158813175, 0.062274270611897824, 0.0633665594176052, 0.0627531405786978, 0.06526293874633024, 0.06478821313276627, 0.06440698685271186, 0.06401958032518144, 0.06669037218695188, 0.06405852322469609, 0.06523486357242511, 0.06385771283329829, 0.06324154131645174, 0.06412185673068158, 0.0654319572042089, 0.06582011299265599, 0.06788528731703719, 0.06657700248504582, 0.06386763734479603, 0.06561235128946705, 0.06418802993329477, 0.06676118623178998, 0.06872698164808716, 0.06506254180769222, 0.06704126694825825, 0.068759950532727, 0.06800179834568545, 0.06860599270848106, 0.06977795691641409, 0.06774556580331019, 0.06908920017427367, 0.06782097875789779, 0.06795158482163391, 0.07153750579246008, 0.07064338041989326, 0.06586198876725585, 0.06912236742805024, 0.06679792915671372, 0.06840079311815242, 0.07189231642455857, 0.06957288582998582, 0.07017818351189319, 0.07076254620928214, 0.06884973617296786, 0.06780968352878414], [0.19677420712111388, 0.19992776624907935, 0.19899859790437907, 0.19949695535693557, 0.201498631279938, 0.20497509912241474, 0.2029153625084421, 0.20728350786399372, 0.2089680409121337, 0.20692459395533544, 0.20799162251560224, 0.20902342117514794, 0.21541308415867796, 0.21866794025350927, 0.2143786064901658, 0.216553874878979, 0.21773165353227997, 0.21689025453887067, 0.22212891264613607, 0.21885207003264753, 0.22493885922277373, 0.22682454039470537, 0.22171769831949778, 0.22313651442228366, 0.22378974731589998, 0.22904770132437807, 0.23410261965664209, 0.2277000911370187, 0.22862273251283496, 0.23038900001778817, 0.23186346049428339, 0.23212446086753283, 0.2349143896758956, 0.23641496654020744, 0.2332155565723524, 0.23494577553424012, 0.23270682362639325, 0.2355928954157361, 0.23551334428987264, 0.2385040516534322, 0.23632001612933948, 0.23453012622184866, 0.23480098933941534, 0.2373497835112007, 0.2405939567090605, 0.23876687631606563, 0.2388724843533935, 0.23736489466692443, 0.2387716231172789, 0.24320583743829594, 0.23860339773246583, 0.24354146004242302, 0.24390125191531145, 0.24210866251244426, 0.2400959511031884, 0.23703094827728174, 0.24269698055739317, 0.24429411148295296, 0.24160480613865992, 0.24442450250400935, 0.24564009945891985, 0.24581108923495762, 0.24450492363876875, 0.24558639199107266, 0.24176668198131604, 0.24665971372032863, 0.2439455725118802, 0.24730863552443438, 0.24894012009540578, 0.2456111125064744, 0.24777641972691836, 0.24943626319404208, 0.2516123461784359, 0.25278519154303175, 0.25130609271808785, 0.25122168087742297, 0.2501060373497066, 0.2512138934353452, 0.2518113601478793, 0.25338082379184407, 0.24954169585462646, 0.2511533056663031, 0.2514521282186523, 0.2518038444118161, 0.2506267866501454, 0.2526850765480312, 0.2525846711921357, 0.25533356056147094, 0.25157509643102, 0.25498794194760604, 0.25083445912618646, 0.2539708662096706, 0.25455020497818964, 0.25218020610983943, 0.25501120051847775, 0.2522703654888877, 0.2525817007006356, 0.2531987903918672, 0.25573081791100044, 0.26164371677700393], [0.21513439384312352, 0.2287241822620322, 0.23538638461275585, 0.24326490670185988, 0.251380880870017, 0.257669873183439, 0.26020204031166055, 0.26619186829967756, 0.26729615499997195, 0.26551101414051714, 0.2683857999477464, 0.2696933951722015, 0.2726725370875066, 0.2734806121031565, 0.27726380118560673, 0.2788022058982876, 0.2812520552630945, 0.27993755056235203, 0.28186953599884074, 0.28689364397346484, 0.28383985437864306, 0.2805840645591997, 0.28467901610597923, 0.2844583199583492, 0.28575474490421154, 0.28505966852359016, 0.2868505678692946, 0.28948252993044493, 0.2928787877991195, 0.29073165410454277, 0.2877284166367395, 0.2896089224866568, 0.2886460050300626, 0.29365569483948056, 0.2952991264987759, 0.2932391841836326, 0.2954910679262519, 0.2940175314388381, 0.2931933816989206, 0.29419113557471194, 0.2989624862972998, 0.2983917610100866, 0.2946069801296892, 0.29514741664291366, 0.3014016940321575, 0.3001679302306415, 0.3012168455390435, 0.3027563356363738, 0.2967530180389765, 0.2980690257686296, 0.29966136095565815, 0.301176596404651, 0.3060833327741946, 0.3022576405547049, 0.3030023523190415, 0.3037248276863766, 0.3002129275985852, 0.300276950360956, 0.30673771378379266, 0.3051869253661056, 0.302129132058956, 0.30306242710708614, 0.30442634658518053, 0.3074604282412311, 0.3041679729946285, 0.3029141034850768, 0.3062137373577575, 0.30299693429799107, 0.304821466550795, 0.30281968016752064, 0.3071252353415385, 0.30098759548617765, 0.30594833932432147, 0.30490928684791, 0.30762688673001276, 0.3071718305230915, 0.3065683807857919, 0.30915525257142995, 0.30707609061977587, 0.30399422077816474, 0.3048961164583023, 0.306245294711944, 0.3073012822516454, 0.30864327278923653, 0.3103693718534873, 0.3105659945572218, 0.31371943936624974, 0.31199298041701357, 0.3075915867929091, 0.30739412989717696, 0.3060115231783581, 0.30650605923581037, 0.309588231867078, 0.3113457410843711, 0.31231612026928046, 0.3108817441717703, 0.31140394367275015, 0.31170105004523463, 0.31263023428689346, 0.3122013633176313], [0.11774353756465221, 0.11955333152414996, 0.12371154167008336, 0.12874498318125355, 0.12758148814171308, 0.13073159392715822, 0.13368688451435828, 0.14151377391899278, 0.1421743268955475, 0.14420916196286757, 0.14599918509941381, 0.1493379377616718, 0.15301570041848114, 0.15367898181543366, 0.15904625820601162, 0.15975227290285124, 0.16203502664713162, 0.16180890290468863, 0.16629717189781681, 0.16349350659634043, 0.16732200789811186, 0.16683032612408433, 0.17005494314677105, 0.17141698211236062, 0.17012350206315072, 0.16990243605793734, 0.17586526350412418, 0.17438127888378832, 0.1753210945330559, 0.17569037394212378, 0.17979835711294603, 0.1768853313008164, 0.1820376513910925, 0.18325464958991913, 0.1808397082496961, 0.18474845905540646, 0.18335800770983002, 0.18391510165549008, 0.18660322783457184, 0.18520910309465688, 0.18655976270273117, 0.1867992887179717, 0.18800795942372064, 0.18607109706554628, 0.19202102937505452, 0.1889525764972629, 0.18974526032850808, 0.18808749253391124, 0.18883901328408803, 0.1920583189646126, 0.19290701840782093, 0.19434419033125783, 0.1935478358583403, 0.19338815796793085, 0.19293530442394144, 0.19413091260451612, 0.19405561608414978, 0.1932685786933994, 0.19431202389217553, 0.19384983304678047, 0.1906485495393898, 0.1958220796078125, 0.19861320184459041, 0.20339189877410874, 0.19497926929994858, 0.19888506906992692, 0.20008480619374513, 0.20123896476761324, 0.19683798680325318, 0.20081601571375052, 0.2012969638729582, 0.19555165828490903, 0.1967378789659452, 0.2023540052347096, 0.20369791459891579, 0.20218962457804576, 0.2009608459455067, 0.20556176518012176, 0.2018377077080939, 0.20665574424209812, 0.20068526380350396, 0.2073128327856301, 0.20511748815782838, 0.20697997861555217, 0.20777062884172354, 0.20780600705591798, 0.20449434645441117, 0.20211296591489994, 0.20421504785013875, 0.20478051247276693, 0.20081655541927004, 0.20556695096800257, 0.206756383211353, 0.21052858084795883, 0.20451294446164983, 0.20665183953205118, 0.20709391528696086, 0.20940327876098166, 0.20948271233200372, 0.20979028199200858]]
Total Percentage: [[49.034, 51.376, 53.344, 53.878, 54.510000000000005, 56.128, 57.13, 56.922, 57.838, 58.275999999999996, 58.888, 59.196000000000005, 59.141999999999996, 59.146, 59.331999999999994, 59.965999999999994, 60.312, 60.416000000000004, 60.616, 60.736000000000004, 60.726, 61.431999999999995, 61.397999999999996, 61.36000000000001, 61.254, 61.858000000000004, 61.773999999999994, 61.873999999999995, 61.592, 62.18, 62.158, 61.92999999999999, 62.686, 62.92, 62.722, 62.694, 62.596, 62.970000000000006, 63.356, 63.368, 63.568000000000005, 63.385999999999996, 63.2, 63.432, 63.234, 63.385999999999996, 63.224000000000004, 63.653999999999996, 63.4, 63.702000000000005, 63.808, 63.93600000000001, 63.942, 63.896, 64.208, 64.22200000000001, 63.885999999999996, 64.05, 63.87199999999999, 64.144, 64.084, 63.88399999999999, 64.228, 64.562, 64.212, 64.936, 64.462, 64.604, 64.73, 64.762, 64.678, 64.866, 64.67399999999999, 64.498, 64.64800000000001, 64.866, 64.768, 64.588, 64.938, 64.628, 65.18599999999999, 65.2, 64.912, 64.86800000000001, 64.89200000000001, 65.38000000000001, 65.196, 65.08800000000001, 64.782, 64.79, 64.72, 65.03, 65.24, 65.36800000000001, 65.13600000000001, 65.42, 65.18599999999999, 65.236, 65.062, 65.536], [47.424, 47.692, 48.552, 48.424, 48.52, 48.708, 49.272, 49.726, 49.21, 49.868, 50.44800000000001, 50.88, 50.660000000000004, 51.21, 51.806, 51.617999999999995, 52.076, 52.162, 52.196, 52.164, 52.17, 52.983999999999995, 52.992, 53.205999999999996, 53.410000000000004, 53.686, 53.982, 54.004, 54.098, 54.286, 54.04600000000001, 54.846, 54.568000000000005, 55.023999999999994, 55.206, 54.862, 55.008, 55.602, 56.216, 56.21000000000001, 56.24, 56.47, 56.494, 56.948, 56.862, 56.702, 56.496, 56.704, 57.236, 57.077999999999996, 57.05, 57.57600000000001, 57.374, 57.594, 57.646, 57.80800000000001, 57.874, 57.694, 58.135999999999996, 58.336, 58.254, 58.114, 58.422, 58.806000000000004, 58.501999999999995, 58.294000000000004, 58.333999999999996, 58.220000000000006, 58.214, 58.452000000000005, 58.431999999999995, 58.309999999999995, 58.57, 58.611999999999995, 58.56400000000001, 58.914, 58.721999999999994, 58.918000000000006, 58.916000000000004, 59.355999999999995, 59.114, 59.233999999999995, 59.514, 59.304, 59.518, 59.211999999999996, 59.396, 59.644, 59.95399999999999, 59.977999999999994, 59.69, 59.888, 59.936, 60.116, 59.748000000000005, 60.06, 60.007999999999996, 60.086, 60.14000000000001, 60.268], [43.096000000000004, 42.866, 43.230000000000004, 42.798, 43.004, 42.636, 43.216, 42.8, 42.742000000000004, 42.744, 43.072, 42.964, 42.668, 42.22, 42.672, 43.269999999999996, 42.584, 42.43, 42.568, 42.648, 42.970000000000006, 42.472, 42.624, 42.848000000000006, 43.309999999999995, 42.502, 42.65, 43.208, 42.716, 42.78, 42.666, 43.264, 42.908, 42.996, 43.092000000000006, 43.294, 42.95, 42.884, 43.338, 43.16, 42.931999999999995, 43.274, 43.102000000000004, 43.41, 43.096000000000004, 42.928, 43.065999999999995, 43.431999999999995, 43.124, 43.653999999999996, 43.378, 43.132, 43.412, 43.052, 43.472, 43.03, 43.342000000000006, 43.36, 43.3, 43.646, 43.674, 43.614000000000004, 43.425999999999995, 43.312, 43.608000000000004, 43.716, 43.634, 43.732, 43.644, 43.172, 43.187999999999995, 43.488, 43.738, 43.638, 43.658, 43.694, 43.924, 43.59, 43.754, 43.796, 43.944, 43.834, 43.424, 43.734, 43.634, 43.974000000000004, 44.238, 44.11, 44.058, 43.768, 43.791999999999994, 43.616, 44.196000000000005, 44.03, 44.236, 44.12, 43.628, 44.06, 44.496, 44.035999999999994], [46.448, 46.483999999999995, 46.692, 46.727999999999994, 47.108, 47.344, 47.471999999999994, 47.958, 47.965999999999994, 47.958, 47.918, 48.104, 48.544, 49.053999999999995, 48.756, 48.962, 49.2, 49.2, 49.28, 49.348, 49.564, 49.516, 49.702, 50.302, 50.217999999999996, 49.922, 49.726, 50.044, 50.356, 50.068, 50.693999999999996, 50.466, 50.222, 50.55, 50.760000000000005, 50.732, 51.282000000000004, 50.690000000000005, 51.0, 51.13799999999999, 51.256, 50.83, 50.71600000000001, 51.028, 51.474, 51.41, 51.272, 51.57000000000001, 52.025999999999996, 51.516, 51.81, 51.581999999999994, 51.466, 51.352, 52.176, 51.658, 51.782, 51.832, 51.437999999999995, 51.739999999999995, 51.882, 52.19200000000001, 52.068000000000005, 52.488, 52.349999999999994, 51.763999999999996, 52.266, 52.358000000000004, 51.94800000000001, 51.842, 52.408, 51.983999999999995, 52.492000000000004, 52.134, 52.44799999999999, 52.636, 52.263999999999996, 52.470000000000006, 52.442, 52.403999999999996, 52.59, 52.388, 52.684, 53.05800000000001, 52.898, 53.32599999999999, 53.344, 53.264, 53.296, 53.098, 53.15, 52.798, 52.798, 53.290000000000006, 52.934000000000005, 53.152, 53.400000000000006, 53.078, 53.632000000000005, 53.559999999999995], [53.754000000000005, 55.598000000000006, 57.464000000000006, 58.428000000000004, 59.116, 59.536, 60.312, 60.878, 61.338, 61.104, 61.388, 61.778, 61.912, 61.846000000000004, 62.568, 62.73800000000001, 62.82600000000001, 63.39399999999999, 62.94, 62.785999999999994, 62.605999999999995, 63.602000000000004, 63.292, 63.034, 63.588, 63.5, 63.31400000000001, 63.282000000000004, 63.739999999999995, 63.85999999999999, 63.827999999999996, 63.80200000000001, 64.23400000000001, 64.228, 63.864, 63.442, 64.398, 64.116, 64.2, 64.4, 64.128, 64.442, 64.28399999999999, 64.262, 64.384, 64.782, 64.658, 64.606, 64.25, 64.068, 64.53, 64.68199999999999, 64.634, 65.058, 64.646, 64.66199999999999, 64.75999999999999, 64.786, 64.77000000000001, 64.874, 64.788, 64.678, 64.756, 64.51599999999999, 65.07, 64.998, 64.81, 64.972, 64.644, 64.89200000000001, 64.798, 65.32, 65.166, 65.176, 65.08800000000001, 64.64800000000001, 64.97800000000001, 64.968, 65.134, 65.16199999999999, 65.27199999999999, 64.876, 65.30799999999999, 65.08800000000001, 65.562, 65.47, 65.476, 65.498, 65.32, 65.384, 65.52799999999999, 65.464, 65.558, 65.302, 65.64999999999999, 65.448, 65.956, 65.306, 65.28399999999999, 65.062], [47.994, 49.082, 49.906, 50.71600000000001, 51.622, 52.04600000000001, 52.532000000000004, 52.588, 53.166000000000004, 53.252, 53.468, 53.684, 53.884, 54.269999999999996, 54.594, 54.626, 55.032000000000004, 55.089999999999996, 54.798, 54.886, 55.504, 55.474000000000004, 55.42, 55.588, 55.64, 55.678000000000004, 56.282, 56.094, 56.566, 56.382, 56.46, 56.714, 56.86600000000001, 56.720000000000006, 56.48800000000001, 56.56, 56.812, 56.742000000000004, 57.228, 57.236, 57.182, 57.324, 57.448, 57.386, 57.486000000000004, 57.577999999999996, 57.278, 57.089999999999996, 57.436, 57.49999999999999, 57.45400000000001, 57.967999999999996, 57.66, 57.321999999999996, 58.050000000000004, 58.472, 57.984, 58.07, 58.036, 57.940000000000005, 57.898, 58.01, 58.32000000000001, 58.464000000000006, 58.548, 58.414, 58.156, 58.309999999999995, 58.587999999999994, 58.611999999999995, 58.18600000000001, 58.226, 58.428000000000004, 58.668, 58.608000000000004, 58.68600000000001, 58.80800000000001, 58.996, 58.918000000000006, 59.104, 59.3, 58.964000000000006, 59.306000000000004, 59.175999999999995, 59.443999999999996, 58.862, 59.394000000000005, 59.096000000000004, 59.28, 59.224, 59.254, 59.175999999999995, 59.489999999999995, 59.904, 59.55200000000001, 59.28600000000001, 59.785999999999994, 59.606, 59.35, 59.258], [43.24, 42.91, 42.382, 42.398, 42.306, 42.016, 42.211999999999996, 42.146, 42.3, 41.937999999999995, 41.788, 41.842, 42.008, 42.07, 42.154, 42.03, 42.058, 42.384, 42.368, 42.187999999999995, 42.038, 42.356, 42.083999999999996, 42.321999999999996, 42.744, 42.51, 42.448, 42.26, 42.312, 42.508, 42.431999999999995, 42.472, 42.156, 42.564, 42.446, 42.14, 42.394, 42.524, 42.464, 42.333999999999996, 42.524, 42.39, 42.6, 42.632, 42.65, 42.803999999999995, 42.488, 42.592, 42.29, 42.656, 43.084, 42.931999999999995, 43.232, 42.754, 42.768, 42.408, 42.902, 42.931999999999995, 42.716, 43.02, 43.146, 43.187999999999995, 42.892, 43.286, 43.086, 43.042, 42.858000000000004, 42.994, 43.022, 43.138, 43.419999999999995, 43.372, 43.168, 42.76, 43.169999999999995, 42.894, 43.28, 43.442, 42.856, 43.322, 43.448, 43.15, 43.230000000000004, 43.547999999999995, 43.312, 43.588, 43.386, 43.266, 43.828, 43.592, 42.96, 43.422, 43.25, 43.408, 43.59, 43.264, 43.604, 43.492, 43.238, 43.106], [55.794, 56.008, 55.67999999999999, 55.754000000000005, 55.808, 56.248, 55.74, 56.13399999999999, 56.224, 55.96, 55.986000000000004, 56.04599999999999, 56.654, 56.99999999999999, 56.652, 56.684, 56.716, 56.66, 57.006, 56.733999999999995, 57.202, 57.408, 56.87799999999999, 57.31, 56.992, 57.589999999999996, 58.01, 57.410000000000004, 57.572, 57.602, 57.63399999999999, 57.894, 58.135999999999996, 58.202, 57.882, 58.046, 57.704, 57.99999999999999, 58.016, 58.41, 57.998000000000005, 57.778, 57.898, 58.106, 58.474000000000004, 58.199999999999996, 58.092, 57.884, 57.8, 58.286, 58.098000000000006, 58.562000000000005, 58.634, 58.362, 58.034, 57.924, 58.622, 58.696000000000005, 58.37, 58.589999999999996, 58.89, 58.646, 58.45, 58.498000000000005, 58.29600000000001, 58.76, 58.565999999999995, 58.754, 58.824, 58.464000000000006, 58.752, 58.831999999999994, 59.087999999999994, 59.077999999999996, 59.178, 59.086000000000006, 59.092, 59.01, 59.116, 59.292, 58.919999999999995, 58.838, 58.97, 59.318000000000005, 59.048, 59.099999999999994, 59.06, 59.252, 58.936, 59.382000000000005, 58.996, 59.366, 59.38, 59.153999999999996, 59.374, 59.062000000000005, 59.153999999999996, 59.122, 59.228, 59.806000000000004], [55.144000000000005, 55.92, 56.132000000000005, 56.642, 57.102, 57.47, 57.647999999999996, 57.984, 58.158, 57.855999999999995, 58.074000000000005, 58.269999999999996, 58.288, 58.482, 58.56400000000001, 58.831999999999994, 58.952000000000005, 58.833999999999996, 58.974000000000004, 59.506, 59.178, 58.67, 59.012, 59.022, 59.123999999999995, 59.068, 59.06, 59.263999999999996, 59.419999999999995, 59.424, 59.096000000000004, 59.284000000000006, 59.372, 59.582, 59.744, 59.546, 59.596000000000004, 59.512, 59.64, 59.452000000000005, 60.150000000000006, 59.94199999999999, 59.599999999999994, 59.541999999999994, 60.214, 59.982, 60.141999999999996, 60.056, 59.818000000000005, 59.872, 59.988, 60.089999999999996, 60.528000000000006, 60.074000000000005, 60.112, 60.108, 59.816, 59.778, 60.546, 60.221999999999994, 59.814, 59.967999999999996, 60.06, 60.388, 60.328, 59.882000000000005, 60.244, 60.002, 60.22, 60.058, 60.388, 59.866, 60.364, 60.285999999999994, 60.374, 60.248000000000005, 60.275999999999996, 60.392, 60.278, 59.984, 60.144, 60.55199999999999, 60.25, 60.541999999999994, 60.536, 60.716, 60.943999999999996, 60.687999999999995, 60.187999999999995, 60.284000000000006, 60.302, 60.309999999999995, 60.653999999999996, 60.862, 60.854, 60.596000000000004, 60.716, 60.656, 60.775999999999996, 60.67399999999999], [45.952, 46.098, 46.466, 47.018, 46.932, 46.988, 47.268, 47.902, 48.071999999999996, 48.388, 48.624, 48.862, 49.324, 49.218, 49.86, 49.842, 50.06, 49.754, 50.32, 50.334, 50.424, 50.394000000000005, 50.648, 50.76199999999999, 50.641999999999996, 50.62, 50.971999999999994, 50.895999999999994, 51.002, 50.986, 51.548, 51.298, 51.786, 51.908, 51.554, 51.882, 51.766, 52.09, 52.256, 51.988, 51.849999999999994, 51.908, 51.998, 51.906, 52.536, 52.370000000000005, 52.44, 52.16, 52.174, 52.354, 52.800000000000004, 52.69200000000001, 52.574, 52.674, 52.605999999999995, 52.796, 52.794, 52.408, 52.832, 52.712, 52.300000000000004, 52.868, 53.205999999999996, 53.432, 52.734, 53.078, 53.186, 53.172, 52.784, 53.400000000000006, 53.222, 52.774, 53.016, 53.352, 53.406, 53.368, 53.422000000000004, 53.652, 53.13, 53.776, 52.966, 53.790000000000006, 53.662, 53.717999999999996, 53.848, 53.839999999999996, 53.382, 53.166000000000004, 53.39, 53.734, 53.278000000000006, 53.63, 53.635999999999996, 53.996, 53.31399999999999, 53.800000000000004, 53.724000000000004, 54.042, 54.05799999999999, 54.008]]
Total Delta Gamma: [1.57784116 1.74522731 1.56340799 1.88341158 1.17426939 1.41679347
 1.81955176 1.74138755 1.38713629 1.78714306]
Total Delta R: [1.32952783 1.49397    1.52940507 1.62795583 1.48922552 0.75102008
 1.13480394 0.98361307 1.28602652 1.52636505]
