Complexity increased keeping gamma very unbalanced, and increasing K and N (K=8, N=9)
==================================================

N (neurons): 9
K (states): 8
T (time steps): 100000
Seed: None
Number of repetitions: 10
Number of iterations: 100

Initialization of parameters for HMM:
Pi: [1 0 0 0 0 0 0 0]
Gamma: [[0.72 0.04 0.04 0.04 0.04 0.04 0.04 0.04]
 [0.04 0.72 0.04 0.04 0.04 0.04 0.04 0.04]
 [0.04 0.04 0.72 0.04 0.04 0.04 0.04 0.04]
 [0.04 0.04 0.04 0.72 0.04 0.04 0.04 0.04]
 [0.04 0.04 0.04 0.04 0.72 0.04 0.04 0.04]
 [0.04 0.04 0.04 0.04 0.04 0.72 0.04 0.04]
 [0.04 0.04 0.04 0.04 0.04 0.04 0.72 0.04]
 [0.04 0.04 0.04 0.04 0.04 0.04 0.04 0.72]]
R: [[0.5 0.  0.  0.  0.  0.  0.  0. ]
 [0.  0.5 0.  0.  0.  0.  0.  0. ]
 [0.5 0.  0.5 0.  0.  0.  0.  0. ]
 [0.  0.5 0.  0.5 0.  0.  0.  0. ]
 [0.  0.  0.5 0.  0.5 0.  0.  0. ]
 [0.  0.  0.  0.5 0.  0.5 0.  0. ]
 [0.  0.  0.  0.  0.5 0.  0.5 0. ]
 [0.  0.  0.  0.  0.  0.5 0.  0.5]
 [0.  0.  0.  0.  0.  0.  0.5 0. ]
 [0.  0.  0.  0.  0.  0.  0.  0.5]]

Generated data:
Generated firings (y): [2 0 5 3 3 4 7 0 7 5 7 6 8 6 8 6 8 6 6 4 6 6 6 2 2 4 2 2 2 2 7 6 6 4 4 4 2
 2 4 4 4 2 2 2 2 9 7 2 2 4 5 6 6 2 2 0 2 0 2 0 2 8 6 4 1 3 3 1 9 7 3 0 0 8
 3 1 1 3 1 1 0 3 3 5 5 5 3 0 2 0 2 5 5 5 7 7 7 5 4 6]... (showing first 100 entries)
Generated states (z): [0 0 5 3 3 2 7 0 5 5 5 6 6 6 6 6 6 6 4 4 6 6 6 0 2 2 2 0 0 0 7 4 4 4 4 2 2
 2 2 2 2 2 2 2 2 7 7 2 2 2 3 6 6 0 0 0 0 0 0 0 0 6 6 4 1 1 1 1 7 7 3 0 0 6
 3 1 1 1 1 1 0 3 3 3 3 3 3 0 0 0 0 5 5 5 5 5 5 5 4 4]... (showing first 100 entries)

Estimated parameters:
Estimated Pi: [array([0.00842595, 0.00688158, 0.01186696, 0.06733776, 0.07723005,
       0.00924664, 0.65681837, 0.16219269]), array([0.00120572, 0.00866544, 0.01056526, 0.44573418, 0.00284429,
       0.36866889, 0.08003968, 0.08227654]), array([0.13220249, 0.01502264, 0.01259715, 0.04056013, 0.0005675 ,
       0.01559338, 0.38172549, 0.40173122]), array([0.01388152, 0.01633612, 0.01613059, 0.03370289, 0.03585056,
       0.81905693, 0.01600646, 0.04903493]), array([7.25904127e-02, 7.71392362e-01, 3.75268679e-02, 3.77331393e-03,
       5.69318292e-04, 2.38671208e-02, 2.18381313e-02, 6.84424735e-02]), array([0.27977362, 0.00039737, 0.03262903, 0.09587879, 0.39563462,
       0.072087  , 0.01432299, 0.10927658]), array([0.0304709 , 0.00420987, 0.32653964, 0.17398528, 0.00801087,
       0.08156132, 0.25109282, 0.12412931]), array([2.67436592e-01, 1.49113837e-01, 7.51701662e-02, 2.18354646e-03,
       4.60854735e-01, 3.96187561e-04, 6.69903758e-03, 3.81458981e-02]), array([6.86435914e-02, 3.16057066e-01, 1.23418490e-01, 1.25682071e-01,
       1.22536240e-01, 2.78487639e-04, 2.38636714e-01, 4.74733999e-03]), array([0.00626625, 0.10886458, 0.08853437, 0.05111349, 0.04727596,
       0.38764695, 0.29849292, 0.01180547])]
Estimated Gamma: [array([[4.06402201e-02, 1.34590498e-01, 7.26735415e-02, 4.81193495e-02,
        1.54967451e-02, 5.37067045e-01, 1.64787830e-02, 1.34933819e-01],
       [9.65174331e-02, 1.66895671e-01, 4.58812046e-01, 1.13630439e-02,
        1.60039545e-01, 2.51918201e-02, 2.07507452e-02, 6.04296962e-02],
       [8.74603642e-03, 3.69609625e-01, 3.60385451e-01, 3.58550456e-02,
        5.32148727e-02, 1.08844768e-01, 1.74470289e-03, 6.15994987e-02],
       [5.10540030e-03, 8.11381667e-02, 5.59912245e-03, 2.83995506e-01,
        1.17428530e-01, 3.78815605e-01, 1.84540490e-02, 1.09463621e-01],
       [2.82854630e-01, 6.69695524e-02, 2.76778984e-02, 2.19426689e-01,
        7.30157386e-03, 3.38364690e-02, 1.45407064e-01, 2.16526124e-01],
       [8.04915944e-02, 1.57293748e-02, 4.14736890e-02, 3.07127251e-02,
        1.29309320e-01, 6.66532196e-01, 9.20992419e-03, 2.65411768e-02],
       [1.26791537e-01, 1.16318673e-03, 7.06544318e-02, 1.96194422e-02,
        1.24329506e-01, 3.83331129e-02, 1.77466219e-01, 4.41642565e-01],
       [2.09247629e-02, 5.94842643e-04, 5.14246856e-02, 1.45530203e-01,
        7.79549429e-03, 1.98044222e-02, 6.29301649e-01, 1.24623941e-01]]), array([[0.30764267, 0.13250096, 0.072468  , 0.02980217, 0.01188398,
        0.06240638, 0.36320125, 0.0200946 ],
       [0.13962504, 0.47570033, 0.02367129, 0.04357172, 0.12193926,
        0.03992775, 0.11907869, 0.03648592],
       [0.08412382, 0.0429148 , 0.74382673, 0.03529263, 0.01936487,
        0.02974305, 0.024586  , 0.02014809],
       [0.01814874, 0.00581629, 0.02981019, 0.62185393, 0.01359746,
        0.1452784 , 0.04363812, 0.12185687],
       [0.06233315, 0.07198705, 0.04342796, 0.04343184, 0.72005583,
        0.00601192, 0.02778056, 0.02497171],
       [0.17010691, 0.08478581, 0.12953427, 0.27514116, 0.03040413,
        0.09263351, 0.13480793, 0.08258628],
       [0.51669623, 0.16938355, 0.15165985, 0.06876542, 0.01950055,
        0.01421366, 0.04009427, 0.01968648],
       [0.03713975, 0.08009294, 0.06075299, 0.13198342, 0.06363097,
        0.24128942, 0.02031414, 0.36479637]]), array([[6.98141826e-01, 2.20411037e-02, 9.54431825e-03, 8.13785657e-02,
        1.24735597e-02, 6.31445003e-02, 2.50383799e-04, 1.13025743e-01],
       [5.49371583e-02, 2.75874235e-01, 8.72984242e-02, 3.99318768e-01,
        1.30297585e-01, 2.74976334e-02, 2.16536469e-02, 3.12254975e-03],
       [1.22269740e-02, 6.94961222e-04, 1.55204040e-01, 1.18268695e-02,
        3.05333563e-01, 3.86783713e-01, 5.58051631e-02, 7.21247164e-02],
       [2.27750419e-01, 5.01939633e-01, 3.50742931e-03, 1.52459727e-01,
        7.08004147e-02, 4.14637051e-04, 2.38316667e-02, 1.92960734e-02],
       [5.40270032e-03, 5.97037288e-02, 5.14569084e-01, 9.18038905e-02,
        2.47072020e-02, 1.90872764e-01, 8.94507745e-03, 1.03995553e-01],
       [9.45509900e-02, 1.38490404e-01, 2.97733834e-01, 1.99487923e-02,
        6.57328761e-02, 3.52121471e-01, 1.18977696e-02, 1.95238624e-02],
       [4.93191701e-02, 1.60704608e-02, 1.27386932e-01, 2.23500099e-02,
        2.08127301e-02, 1.75649657e-02, 3.38750903e-01, 4.07744828e-01],
       [9.67024071e-02, 2.79076272e-02, 4.53259331e-02, 2.80027330e-02,
        8.03035585e-02, 8.56194114e-03, 4.77981857e-01, 2.35213943e-01]]), array([[2.03320409e-01, 6.88044227e-02, 5.79694529e-02, 2.07212077e-01,
        3.37142228e-03, 3.14529021e-01, 1.40215097e-01, 4.57809851e-03],
       [2.75690693e-03, 6.25612768e-01, 9.59508840e-02, 7.51405182e-03,
        4.33677422e-02, 2.38411646e-03, 1.79350378e-02, 2.04478493e-01],
       [2.21999073e-02, 2.51996129e-01, 1.09631549e-01, 3.75941610e-01,
        7.08117825e-02, 1.66583159e-02, 1.03229185e-01, 4.95315216e-02],
       [5.31489787e-02, 2.42215007e-03, 4.71071954e-02, 6.25975142e-01,
        4.97003668e-02, 2.40140447e-02, 3.39706271e-02, 1.63661495e-01],
       [1.06765050e-01, 1.12611307e-01, 1.25007503e-02, 1.12357878e-01,
        2.31559781e-01, 2.01756645e-01, 2.21666972e-01, 7.81616959e-04],
       [7.89747396e-02, 2.26999068e-02, 2.49072923e-03, 2.31206183e-02,
        4.44742347e-02, 7.25967056e-01, 1.99504377e-02, 8.23222775e-02],
       [9.10518636e-03, 2.40852734e-02, 1.39256355e-02, 3.06702034e-02,
        3.84221456e-02, 4.68396245e-02, 7.89818577e-01, 4.71333543e-02],
       [9.15702912e-02, 2.08689575e-01, 7.18090163e-02, 1.20094682e-01,
        1.19944118e-02, 8.49906006e-02, 7.33176943e-02, 3.37533729e-01]]), array([[0.33211041, 0.12039001, 0.14239043, 0.16595348, 0.05781113,
        0.00636228, 0.02939459, 0.14558767],
       [0.04573867, 0.73399999, 0.03452923, 0.01837205, 0.00315169,
        0.05632402, 0.05558901, 0.05229535],
       [0.08789308, 0.00948747, 0.26298896, 0.48242647, 0.03718586,
        0.0202544 , 0.01370828, 0.08605549],
       [0.0634018 , 0.06500332, 0.34207768, 0.34923129, 0.08203426,
        0.00078905, 0.0948524 , 0.00261021],
       [0.01788274, 0.02287751, 0.0167602 , 0.03176641, 0.59293078,
        0.22468038, 0.0210566 , 0.07204539],
       [0.01951095, 0.0147909 , 0.07472342, 0.0866414 , 0.52623727,
        0.01245252, 0.01080411, 0.25483943],
       [0.01716742, 0.02842954, 0.06160155, 0.22570572, 0.03578624,
        0.02045047, 0.5068022 , 0.10405688],
       [0.01485262, 0.12423784, 0.00798959, 0.01006842, 0.07949815,
        0.10105169, 0.14898742, 0.51331427]]), array([[0.20416156, 0.15318541, 0.02984761, 0.41354964, 0.14214269,
        0.00142778, 0.02076199, 0.03492332],
       [0.13807242, 0.45555702, 0.15777847, 0.01836347, 0.00431608,
        0.01758206, 0.19313541, 0.01519508],
       [0.00080939, 0.14441233, 0.24231342, 0.10306677, 0.21122198,
        0.00677122, 0.22079283, 0.07061206],
       [0.45333434, 0.17951724, 0.03092536, 0.12034334, 0.11394448,
        0.03213924, 0.01792093, 0.05187507],
       [0.16430422, 0.15739019, 0.04609905, 0.08823728, 0.15390824,
        0.04478813, 0.0054939 , 0.33977898],
       [0.02888517, 0.0064728 , 0.0202572 , 0.01344832, 0.0112619 ,
        0.60884523, 0.24735464, 0.06347474],
       [0.03762075, 0.30423027, 0.15685793, 0.0037156 , 0.08912128,
        0.20239788, 0.13176432, 0.07429198],
       [0.10640848, 0.00922749, 0.00565753, 0.04432383, 0.32923496,
        0.05151973, 0.08954406, 0.36408393]]), array([[6.51757900e-01, 9.88886343e-02, 4.34369485e-02, 7.39337167e-03,
        1.62650719e-01, 5.06772302e-03, 1.98614188e-02, 1.09432842e-02],
       [1.29832070e-01, 6.92967214e-01, 7.86564320e-02, 3.26904682e-02,
        4.91880958e-03, 1.61062113e-02, 3.21048913e-02, 1.27239031e-02],
       [3.12196951e-02, 5.01059034e-02, 1.98080153e-01, 1.17308107e-01,
        4.07462757e-02, 2.58567300e-01, 2.35276939e-01, 6.86956261e-02],
       [1.25941943e-01, 5.62609494e-02, 1.11732062e-01, 2.28639953e-01,
        1.37489843e-02, 2.31813308e-01, 4.99300351e-02, 1.81932766e-01],
       [3.35504579e-01, 1.82963063e-02, 1.96349172e-02, 6.23942090e-02,
        4.23325364e-01, 2.85558952e-03, 4.10998206e-02, 9.68892146e-02],
       [5.74489948e-02, 9.58958366e-02, 4.30339628e-01, 3.80350938e-02,
        1.11032451e-04, 1.15371685e-02, 1.59150881e-01, 2.07481365e-01],
       [1.86158819e-01, 4.42673534e-02, 3.46089053e-01, 1.12051138e-01,
        8.43233110e-02, 9.65086232e-02, 4.39982195e-02, 8.66034841e-02],
       [6.91714433e-02, 2.84832515e-02, 1.39767293e-01, 1.60009488e-01,
        1.10719949e-01, 1.35221468e-01, 3.26903024e-01, 2.97240832e-02]]), array([[1.93449920e-01, 3.44288153e-01, 1.07005403e-01, 5.69315423e-02,
        6.67457165e-02, 8.54025440e-02, 1.53364182e-02, 1.30840303e-01],
       [7.73504980e-02, 7.68325684e-02, 1.02660198e-01, 1.90503688e-02,
        3.30398279e-01, 3.89846574e-02, 3.42328917e-01, 1.23945141e-02],
       [7.82041263e-02, 1.73563049e-01, 3.90151622e-01, 2.12178787e-02,
        1.87465631e-02, 3.08050802e-02, 8.00854732e-04, 2.86510827e-01],
       [1.75840697e-02, 3.01299636e-02, 1.80894783e-02, 7.51215776e-01,
        6.49589998e-02, 1.02655494e-01, 9.74461094e-03, 5.62160851e-03],
       [9.59472937e-02, 1.76670528e-01, 3.87031984e-02, 1.86050623e-02,
        4.42624805e-01, 2.40459243e-02, 1.10267585e-01, 9.31356034e-02],
       [1.79371816e-02, 5.35548658e-03, 4.68375365e-02, 1.04529212e-01,
        7.65102258e-02, 7.06492873e-02, 6.50848016e-01, 2.73330550e-02],
       [1.13157360e-01, 1.57600676e-02, 1.06562854e-02, 2.67447905e-04,
        2.27249761e-02, 5.69328361e-01, 2.32408174e-01, 3.56973270e-02],
       [3.61674883e-01, 8.08320996e-02, 1.33901127e-01, 4.59107020e-02,
        7.71193070e-02, 2.30447192e-02, 5.67197271e-02, 2.20797435e-01]]), array([[2.61641891e-01, 1.47828177e-01, 2.42546136e-02, 4.79789283e-01,
        4.88534157e-02, 7.26044359e-03, 2.08737931e-02, 9.49838284e-03],
       [2.76959900e-01, 1.63867670e-01, 3.15971369e-02, 3.36772818e-01,
        4.57266748e-02, 1.02924593e-01, 1.11685815e-02, 3.09826263e-02],
       [4.07406594e-03, 2.00568349e-02, 7.32306460e-01, 3.52555795e-02,
        8.81079039e-02, 1.38254069e-02, 7.71528405e-02, 2.92209080e-02],
       [7.59629156e-02, 3.48777425e-01, 2.15430233e-02, 8.34529251e-02,
        2.88107627e-02, 7.46694634e-02, 2.76780574e-01, 9.00029102e-02],
       [7.10820472e-02, 7.30997389e-03, 3.58671117e-01, 1.30717636e-01,
        3.18190741e-01, 2.10969334e-02, 5.00298487e-02, 4.29017033e-02],
       [1.13025401e-02, 2.63010682e-02, 1.12002492e-02, 9.23486248e-02,
        5.47211944e-02, 6.50554416e-01, 6.93186940e-03, 1.46640038e-01],
       [5.34117716e-04, 8.55664173e-02, 1.41909284e-01, 7.53200424e-02,
        1.15534323e-02, 5.77579596e-02, 5.88862924e-01, 3.84958234e-02],
       [3.73561133e-02, 1.21171416e-01, 4.93093521e-02, 2.75889392e-01,
        8.48304517e-02, 3.43595309e-01, 5.74336665e-02, 3.04142991e-02]]), array([[0.55135012, 0.09840115, 0.02158788, 0.08659669, 0.00802402,
        0.13567292, 0.09213434, 0.00623289],
       [0.16414263, 0.44045532, 0.16555254, 0.02781514, 0.03772822,
        0.00290241, 0.10980444, 0.0515993 ],
       [0.03907508, 0.38083843, 0.01234127, 0.23123082, 0.05236217,
        0.09811918, 0.02101907, 0.16501397],
       [0.10486524, 0.29518601, 0.02181954, 0.01800375, 0.14663519,
        0.09934392, 0.03802391, 0.27612244],
       [0.00330147, 0.21112196, 0.00832134, 0.21600471, 0.12157383,
        0.11574942, 0.3142095 , 0.00971777],
       [0.1619277 , 0.19209167, 0.04499947, 0.05864963, 0.01585487,
        0.01031612, 0.37818254, 0.13797801],
       [0.04186543, 0.14580028, 0.00394595, 0.01776428, 0.19421455,
        0.06114777, 0.50654048, 0.02872127],
       [0.01500232, 0.04110889, 0.05546231, 0.04684822, 0.01973479,
        0.01760629, 0.09280711, 0.71143007]])]
Estimated R: [array([[7.09312200e-03, 6.18771580e-03, 1.98652206e-02, 1.04082569e-02,
        3.13654040e-02, 3.40228465e-03, 1.53602003e-01, 2.91392823e-01],
       [2.84860986e-02, 8.42831059e-02, 4.10734524e-01, 1.10491001e-03,
        1.41763423e-02, 3.77777945e-03, 2.96911213e-03, 1.23360352e-02],
       [1.12884804e-02, 8.88210249e-04, 1.05920702e-02, 1.70674002e-01,
        6.10090462e-02, 7.21780908e-03, 5.56642054e-01, 2.63969541e-01],
       [2.64809592e-02, 7.50575411e-01, 2.58797310e-01, 6.39321643e-02,
        1.21646102e-01, 1.97755527e-02, 8.93330322e-03, 5.14516196e-02],
       [2.06541680e-01, 6.55871287e-02, 9.61865345e-02, 1.87117051e-01,
        2.57825546e-01, 1.02568923e-01, 1.56392096e-02, 1.70996318e-01],
       [4.48497812e-01, 4.03500398e-02, 1.30972755e-01, 6.86084629e-02,
        2.20663300e-01, 1.47172983e-02, 2.24750124e-01, 1.07039374e-01],
       [2.35135068e-03, 1.85001554e-02, 4.13037908e-02, 1.09326556e-01,
        9.22949325e-02, 3.33531545e-01, 9.06172705e-03, 1.96072989e-02],
       [8.99940649e-02, 3.28490348e-03, 2.64538011e-03, 1.06145774e-02,
        6.32089550e-02, 3.27327730e-01, 2.28661877e-02, 6.53761871e-02],
       [1.04352831e-01, 2.17204743e-02, 1.35240236e-02, 3.77401070e-01,
        9.92276850e-02, 2.90282118e-02, 1.10305049e-03, 1.74193720e-02],
       [7.49136013e-02, 8.62285533e-03, 1.53783914e-02, 8.12950251e-04,
        3.85826876e-02, 1.58652866e-01, 4.43322884e-03, 4.11430522e-04]]), array([[2.03003293e-03, 5.31697969e-03, 1.31839738e-02, 1.67470863e-01,
        2.90284786e-03, 6.74768231e-03, 2.89691566e-03, 5.33675673e-01],
       [1.16213365e-01, 5.93150914e-02, 5.89196329e-03, 8.46274094e-03,
        7.52963571e-03, 2.52926848e-02, 2.87118465e-01, 1.42184765e-02],
       [6.89566341e-03, 4.17733738e-03, 4.87058903e-03, 5.09954188e-01,
        3.37663832e-03, 5.72981640e-01, 4.21914591e-02, 4.91532949e-02],
       [4.89840457e-01, 1.24265889e-01, 5.20563331e-02, 1.34461903e-02,
        1.15472901e-02, 4.47404495e-02, 1.26987799e-01, 2.04128377e-03],
       [1.35163526e-01, 1.01593832e-02, 1.58374048e-01, 2.64398065e-01,
        3.10407947e-02, 2.47439703e-02, 1.11812065e-01, 1.93201059e-01],
       [1.66963402e-01, 3.51980229e-01, 7.10905838e-04, 1.85178636e-02,
        1.10056430e-03, 2.12095805e-01, 3.36411678e-01, 2.46398652e-04],
       [3.46288475e-02, 5.67084153e-02, 4.75251016e-01, 2.62023254e-03,
        7.68876100e-03, 8.53355465e-02, 5.06082303e-02, 4.12509192e-02],
       [4.36460908e-02, 3.74839216e-01, 2.48253689e-03, 6.55163645e-03,
        4.58287976e-01, 9.83241801e-03, 3.66020294e-02, 1.25361830e-01],
       [9.93222418e-04, 6.83719827e-04, 2.85649705e-01, 3.97947278e-03,
        2.05066223e-03, 1.61508455e-02, 4.90275462e-03, 7.20052044e-03],
       [3.62539356e-03, 1.25537394e-02, 1.52893005e-03, 4.59874794e-03,
        4.74474830e-01, 2.07895839e-03, 4.68603971e-04, 3.36505448e-02]]), array([[4.68529353e-02, 2.49540593e-03, 2.59682084e-02, 9.68187121e-03,
        3.20881626e-02, 2.48891683e-03, 2.03262479e-01, 2.11635943e-01],
       [1.78967938e-02, 7.97469117e-03, 4.71515256e-03, 5.54339473e-03,
        5.05176817e-04, 1.14347107e-02, 1.48614209e-01, 3.28243533e-01],
       [3.41855628e-01, 4.30474310e-03, 1.03180688e-02, 3.66102432e-02,
        4.71929825e-03, 1.33825790e-02, 1.83539643e-01, 2.60200215e-01],
       [2.43286900e-02, 1.38640628e-02, 1.76476771e-01, 2.61617642e-02,
        3.35768266e-01, 2.65514717e-02, 4.02593159e-01, 1.29511509e-01],
       [5.02167943e-01, 1.69647796e-01, 1.24695115e-04, 1.99865422e-03,
        1.35319859e-02, 3.69312292e-02, 4.35510466e-03, 1.66238544e-03],
       [5.51493301e-03, 4.84695415e-02, 3.53593432e-01, 1.01176710e-02,
        7.49004413e-02, 3.95700562e-01, 2.40996062e-02, 3.00293116e-02],
       [4.78508242e-02, 3.53472067e-01, 1.64220792e-02, 7.00964251e-01,
        6.30918768e-02, 9.20301621e-03, 1.48889021e-02, 3.59066554e-03],
       [2.75699349e-04, 6.06296159e-02, 2.33148137e-01, 1.77796653e-02,
        2.70266850e-01, 4.03843737e-01, 2.52976180e-03, 2.89412468e-03],
       [6.88497181e-03, 2.61748437e-01, 1.92969707e-02, 1.63562121e-01,
        5.99328740e-02, 1.88043377e-02, 1.41565974e-02, 3.21208932e-02],
       [6.37158227e-03, 7.73936393e-02, 1.59936484e-01, 2.75803646e-02,
        1.45195069e-01, 8.16594397e-02, 1.96053875e-03, 1.11419601e-04]]), array([[6.73007557e-02, 6.41554745e-03, 1.22103710e-02, 3.93505538e-03,
        1.44959381e-01, 2.22269968e-01, 4.16614840e-03, 5.89519767e-02],
       [2.85598204e-02, 2.13343055e-01, 1.51861710e-01, 2.21296416e-03,
        7.75471184e-02, 2.78343410e-02, 4.66896343e-03, 8.53171393e-02],
       [9.84879993e-02, 3.90569195e-03, 1.75953489e-03, 2.02428370e-02,
        3.96583929e-02, 5.45342602e-01, 2.13918485e-02, 3.19886638e-02],
       [6.49967205e-02, 6.08771441e-01, 2.16283846e-01, 2.18828608e-02,
        1.34514481e-01, 1.25667064e-03, 7.88069719e-03, 6.56952889e-02],
       [4.77671856e-01, 2.65987097e-04, 3.84682892e-02, 3.33400847e-02,
        1.90298892e-01, 1.78664623e-01, 2.07621396e-01, 2.85592688e-02],
       [4.69162919e-02, 1.28218730e-01, 2.62426919e-01, 8.33866374e-02,
        2.79030478e-02, 7.92766524e-03, 4.99997425e-03, 5.67215381e-01],
       [5.58412859e-02, 3.11871995e-03, 4.00459874e-02, 2.18716940e-02,
        7.17686386e-03, 2.12885875e-03, 5.20192708e-01, 4.69540665e-02],
       [4.56610942e-02, 2.97510479e-02, 1.86587972e-01, 5.97219146e-01,
        1.00934492e-01, 1.01824558e-02, 4.41954939e-03, 1.21191043e-02],
       [3.44233579e-03, 7.47506404e-04, 8.19423266e-03, 3.21192801e-03,
        2.31514435e-01, 2.72976510e-03, 2.24608328e-01, 1.25682725e-02],
       [1.11121840e-01, 5.46227309e-03, 8.21611367e-02, 2.12696792e-01,
        4.54928952e-02, 1.66305020e-03, 5.03860894e-05, 9.06308378e-02]]), array([[6.87318056e-02, 3.29113312e-01, 7.12310851e-03, 8.34544359e-03,
        6.98873404e-03, 1.89230051e-02, 3.63362903e-03, 7.58711790e-03],
       [5.29061453e-01, 6.13645118e-04, 1.44049679e-01, 8.95073448e-02,
        3.61050959e-04, 1.80636572e-03, 3.52906885e-03, 1.17443308e-02],
       [5.92346153e-02, 5.04655158e-01, 1.03863428e-02, 1.25157767e-03,
        2.96038437e-02, 3.30453669e-02, 4.47162226e-02, 1.77477851e-01],
       [1.02702909e-01, 1.82853985e-02, 4.34702122e-01, 3.79738579e-01,
        5.21686379e-03, 9.23636811e-03, 2.73315011e-02, 1.01517828e-02],
       [1.44517974e-02, 6.12512164e-02, 1.53335308e-02, 7.01911824e-03,
        9.89795424e-02, 5.72846957e-01, 9.76653685e-03, 3.66672751e-01],
       [1.01282466e-01, 1.90349374e-02, 2.76564411e-01, 3.90055442e-01,
        6.36134551e-03, 3.50019366e-04, 1.56610841e-01, 2.15770248e-02],
       [2.94056004e-02, 5.07848212e-03, 2.24039997e-02, 2.04370071e-02,
        5.91161847e-01, 1.32108242e-01, 5.18906058e-03, 6.21986683e-03],
       [2.79214210e-03, 5.12883901e-02, 6.20709296e-02, 7.12588750e-02,
        2.10403413e-02, 3.52318871e-03, 6.43479818e-01, 1.47583662e-01],
       [6.68410485e-02, 9.60018047e-03, 1.69427748e-03, 1.49132616e-02,
        2.25965617e-01, 1.55722665e-01, 9.86638292e-03, 1.02349670e-02],
       [2.54961628e-02, 1.07928067e-03, 2.56715987e-02, 1.74733518e-02,
        1.43208145e-02, 7.24378210e-02, 9.58769395e-02, 2.40750646e-01]]), array([[1.05387543e-01, 7.51525913e-03, 1.47060116e-02, 2.58927279e-01,
        6.77528510e-02, 2.04257200e-03, 1.04971848e-02, 8.73561936e-02],
       [2.56819794e-03, 2.70038976e-03, 1.95332979e-03, 2.45277790e-03,
        5.32782451e-03, 4.96145624e-01, 1.30752076e-02, 3.91578159e-02],
       [2.07526476e-01, 2.29955007e-03, 4.49044674e-02, 3.30588711e-02,
        4.65011422e-01, 3.98687753e-02, 9.12877314e-03, 2.21906288e-01],
       [1.58428563e-02, 3.80293055e-02, 5.08305672e-02, 4.30595812e-03,
        1.90140566e-02, 4.28112808e-01, 5.24483420e-01, 1.42633874e-02],
       [2.94550873e-02, 5.40604912e-02, 1.04850291e-01, 7.26945716e-02,
        1.59717057e-01, 1.85690494e-02, 3.71086664e-02, 5.66728530e-01],
       [7.78819808e-02, 3.72226864e-01, 2.33908066e-01, 1.07007270e-01,
        2.53236234e-02, 4.19669486e-03, 3.13096460e-02, 8.03617285e-03],
       [4.05211043e-02, 1.37435690e-01, 4.37371087e-01, 5.17460436e-03,
        1.46989062e-01, 6.75042596e-03, 2.78783867e-01, 2.36958450e-02],
       [3.96473515e-01, 4.56030259e-03, 9.51018188e-03, 4.55175832e-01,
        9.02045919e-02, 1.56643006e-04, 4.82687594e-02, 4.76731881e-03],
       [9.47145788e-03, 2.36968513e-01, 6.77901296e-02, 9.18217846e-03,
        9.52624351e-03, 3.95045247e-03, 4.08407710e-02, 1.16903376e-03],
       [1.14871781e-01, 1.44203634e-01, 3.41758693e-02, 5.20206572e-02,
        1.11332670e-02, 2.06954956e-04, 6.50370428e-03, 3.29194146e-02]]), array([[2.77490462e-03, 2.76328104e-04, 2.23824170e-01, 1.04904830e-01,
        5.46718574e-04, 2.26802257e-01, 5.41883199e-02, 9.38111184e-02],
       [6.08818907e-03, 3.16662790e-03, 1.85778858e-02, 2.82786979e-01,
        7.52601787e-02, 1.58964179e-02, 8.50267173e-02, 3.34509240e-01],
       [3.11735887e-03, 9.85899370e-03, 1.91625382e-01, 1.98211247e-01,
        1.25954855e-02, 3.77267820e-01, 4.42677247e-01, 2.77479143e-01],
       [7.34338283e-03, 1.93478084e-01, 2.55981284e-01, 1.83665140e-01,
        2.81108017e-02, 3.31301134e-01, 1.78732403e-01, 2.65163144e-02],
       [2.20228925e-01, 1.10275731e-02, 1.85851313e-01, 8.88784170e-02,
        1.17310069e-01, 4.90165849e-03, 1.02267567e-01, 1.08279163e-01],
       [4.51478299e-02, 5.46496605e-01, 7.36847594e-02, 3.52223940e-02,
        2.75391277e-03, 1.33538491e-02, 2.24479348e-02, 3.19387179e-02],
       [2.68926648e-01, 1.63276169e-02, 1.87049150e-02, 1.39632725e-02,
        3.03582126e-01, 1.41145477e-02, 5.40549922e-02, 1.85141339e-02],
       [3.15477920e-01, 9.88616745e-02, 9.84009602e-03, 5.53094879e-02,
        3.87254492e-02, 7.10286166e-03, 4.11586296e-02, 1.51811884e-02],
       [9.77839354e-02, 1.16541368e-01, 1.80546340e-02, 1.54077145e-02,
        4.38158258e-02, 4.33443819e-03, 1.15396550e-02, 6.25156618e-02],
       [3.31109068e-02, 3.96512913e-03, 3.85556088e-03, 2.16505184e-02,
        3.77299433e-01, 4.92501613e-03, 7.90653428e-03, 3.12553194e-02]]), array([[4.61873238e-02, 2.34863181e-01, 3.16606309e-02, 8.76535414e-03,
        2.18477579e-01, 2.36591994e-02, 1.71230785e-03, 1.49864040e-02],
       [3.25055089e-02, 2.72320589e-02, 3.00084387e-01, 7.04444344e-03,
        5.47236767e-03, 3.99227328e-03, 1.96168241e-03, 3.67052429e-01],
       [2.80512897e-01, 9.50684522e-02, 8.54195622e-02, 5.92674463e-03,
        4.05597013e-01, 5.24125100e-03, 7.68662352e-02, 1.27581906e-01],
       [4.02843962e-01, 2.29130789e-01, 1.84642971e-01, 6.29880426e-03,
        1.02589887e-01, 8.86994727e-02, 3.32325868e-02, 1.48947365e-01],
       [1.35927814e-01, 3.29574422e-01, 3.48056853e-01, 2.44231860e-03,
        2.29528691e-02, 1.21602587e-01, 1.79191704e-02, 3.04927415e-01],
       [2.09959647e-02, 1.48642422e-02, 6.58246003e-03, 4.17874040e-02,
        1.46873464e-01, 1.95758576e-01, 2.98005338e-01, 1.06155714e-02],
       [3.91578251e-02, 2.61881538e-02, 3.79097943e-02, 6.15462040e-03,
        5.13914710e-02, 1.78020157e-01, 3.74131775e-01, 4.03233774e-04],
       [1.87269996e-02, 6.83903953e-03, 2.41320488e-03, 5.07958625e-01,
        3.38127510e-02, 1.66981406e-01, 8.80199363e-02, 1.89997896e-02],
       [2.29140262e-02, 2.78531017e-02, 1.85853256e-03, 1.56375744e-03,
        1.05095403e-03, 2.01516302e-01, 1.07743784e-01, 3.53666312e-03],
       [2.27679117e-04, 8.38655948e-03, 1.37160379e-03, 4.12057928e-01,
        1.17816452e-02, 1.45287759e-02, 4.07184629e-04, 2.94922424e-03]]), array([[1.14025715e-01, 8.04556843e-02, 5.40442815e-02, 1.16524923e-01,
        2.42123975e-01, 4.29120280e-03, 8.30969991e-05, 2.52345603e-02],
       [3.93670150e-03, 1.98947105e-03, 2.41744252e-01, 6.01285833e-03,
        6.65781657e-02, 8.52925434e-04, 5.74629637e-03, 1.45412131e-03],
       [1.48303656e-01, 4.45718246e-01, 4.32958491e-02, 1.97816474e-01,
        8.44565106e-02, 1.93865287e-03, 1.44624869e-01, 7.52754130e-04],
       [2.72598806e-03, 1.49528064e-02, 3.95942475e-01, 1.37431597e-02,
        3.88254259e-01, 6.98884966e-04, 1.72339445e-02, 3.66791510e-02],
       [6.32527705e-01, 1.58453506e-01, 1.47180415e-04, 3.62311109e-01,
        6.23020548e-02, 2.37878332e-02, 1.35478970e-02, 5.45942599e-02],
       [5.45236809e-03, 2.44604084e-02, 2.34347040e-01, 6.75806540e-02,
        5.00703447e-02, 1.58359617e-02, 2.80948159e-01, 1.15992431e-01],
       [4.95736323e-02, 1.47789792e-01, 5.26890499e-03, 3.00096089e-02,
        5.01576488e-02, 4.40674268e-01, 8.86182948e-05, 4.55547509e-01],
       [1.75246275e-02, 6.67745613e-02, 1.79739540e-02, 8.57018415e-02,
        5.23328944e-03, 8.11975240e-02, 4.76333669e-01, 1.03146226e-01],
       [2.24762925e-02, 2.30440466e-02, 1.24431851e-03, 1.66542890e-02,
        4.90317425e-02, 2.97163841e-01, 1.75344978e-04, 6.97908542e-02],
       [3.45331391e-03, 3.63614783e-02, 5.99174456e-03, 1.03645081e-01,
        1.79200948e-03, 1.33558906e-01, 6.12181048e-02, 1.36808132e-01]]), array([[4.25834749e-03, 1.15296868e-01, 9.46118787e-02, 1.35229848e-02,
        1.49152269e-02, 2.93419512e-02, 1.30492886e-01, 1.91224159e-02],
       [7.56593245e-02, 1.25130258e-02, 2.50295822e-02, 1.16068490e-01,
        1.46731754e-01, 1.80710530e-01, 7.08369029e-02, 2.14109758e-02],
       [1.72944807e-02, 1.66664258e-01, 1.15665390e-01, 4.80369269e-02,
        6.59695583e-02, 3.70545765e-01, 2.49989607e-01, 2.43827466e-03],
       [5.65774411e-02, 9.75646678e-02, 2.52154041e-02, 8.33150793e-02,
        1.76542645e-01, 9.65843322e-02, 3.13133454e-01, 3.76790297e-02],
       [6.55232347e-01, 5.57342668e-02, 1.27850188e-02, 9.67135961e-02,
        8.41978527e-02, 5.47965517e-02, 7.34922173e-03, 6.92760421e-03],
       [1.05424803e-03, 4.50626906e-02, 2.31199926e-02, 1.54146930e-01,
        3.60050619e-01, 9.93339201e-02, 1.85006325e-01, 1.77817742e-01],
       [1.42570717e-01, 2.90634918e-01, 4.39230522e-01, 2.02427350e-01,
        1.50524108e-02, 2.39273903e-02, 1.58512272e-02, 5.94826166e-03],
       [2.10607142e-03, 2.27801740e-03, 2.27150535e-01, 7.56919737e-02,
        2.04179832e-02, 6.57861617e-02, 2.51512862e-02, 5.07660836e-01],
       [3.98261290e-02, 1.89289384e-01, 1.23205005e-02, 8.78356721e-02,
        8.55769238e-02, 5.97538451e-02, 7.84292154e-05, 8.94700106e-04],
       [5.42089373e-03, 2.49619038e-02, 2.48711764e-02, 1.22240997e-01,
        3.05450266e-02, 1.92195533e-02, 2.11066130e-03, 2.20100161e-01]])]

Total NMI: [[0.19422963322913947, 0.2084856129010166, 0.2159020049480703, 0.22349825323307507, 0.23799623769789727, 0.24852898143441782, 0.2568015919490343, 0.26642245807109566, 0.2741395132704482, 0.2817292301003105, 0.29057986523221524, 0.29820752707468356, 0.3004367852561411, 0.30563766846226176, 0.3125033397868575, 0.3194837877745183, 0.3257415040986321, 0.32619681541317486, 0.33077263427927583, 0.3367683891322969, 0.3385878646937595, 0.33990156339765526, 0.3454719747940898, 0.3478465924396083, 0.34659425258585946, 0.3521863295712847, 0.35283274653730995, 0.3597939298586522, 0.36073088523141317, 0.36251986444987727, 0.3635865287447086, 0.363543954538528, 0.36793157883013183, 0.37037120399307916, 0.3742664353828834, 0.374614389632821, 0.37190416816406363, 0.3733412178768328, 0.37667195474915327, 0.3795115825076859, 0.3840702415073293, 0.38440261294650274, 0.3853291397919092, 0.3833263326650196, 0.3871164654970091, 0.39013678966942344, 0.3889538480768309, 0.3889953198242979, 0.3903033841374655, 0.39393893020498844, 0.3925188946352918, 0.39818665422512156, 0.3948420230151626, 0.3990738423647449, 0.39742166151326364, 0.39807521041387856, 0.4016110925972079, 0.4022440068067512, 0.4022864258359126, 0.4007390099098023, 0.40040889428009846, 0.40470015451050095, 0.4021768606845024, 0.40338067234253455, 0.4068999174201353, 0.40665943256299775, 0.4070961348033483, 0.4074116745342161, 0.4092856066850367, 0.40871412544035085, 0.40745106329813957, 0.40841379089500846, 0.40698276048267923, 0.40999008313286256, 0.41449623622279325, 0.41530085451969306, 0.4164144883978624, 0.4125595041635058, 0.41398363638458224, 0.41452201237382347, 0.4171506387368967, 0.4124775058095381, 0.41519972334478766, 0.41637650193448067, 0.4175935283499772, 0.417557447025186, 0.4197205496210758, 0.41690179833605784, 0.419931458926629, 0.4222104931613152, 0.4243228416771719, 0.4226687138477715, 0.42252853367280646, 0.42268984076797594, 0.4249891182382829, 0.42311325044320414, 0.4238300677752316, 0.4221923235816808, 0.42343463301289597, 0.424958123801954], [0.10169891473131201, 0.12463639429887145, 0.14981810762301198, 0.17490306237452027, 0.19581891710430108, 0.21459999230611837, 0.22983549002735143, 0.24222504089722782, 0.25794165717302014, 0.27331216542075104, 0.28253715397620954, 0.2949839739342364, 0.3084699183537671, 0.31746218732364334, 0.3244775287013445, 0.33348801726448646, 0.3406692391614536, 0.34749303169039764, 0.3550714578094975, 0.3605759378365647, 0.366184432478812, 0.3750746419203527, 0.38154526082984636, 0.3844372242410452, 0.3902572898310071, 0.39419591443041774, 0.402090030879791, 0.405386806634545, 0.40766674820710763, 0.4117508885706111, 0.4143214647237959, 0.4163167280081972, 0.42280519661190386, 0.4205138288180816, 0.4277587976963128, 0.43037161934027696, 0.43272256961553507, 0.4351357573352376, 0.4373573401396856, 0.441328795234222, 0.4433370304640365, 0.4459685465745721, 0.44911317914043497, 0.4503816404189011, 0.4516549523138046, 0.4534365843756791, 0.45887569929889976, 0.45832444275612044, 0.4595069272992506, 0.4617489850790632, 0.46457361229634914, 0.4655811316239282, 0.4666665816001904, 0.4695765178070463, 0.47279044407277554, 0.475479091104114, 0.4782769792251235, 0.4795521921989443, 0.4766887982199623, 0.47901708989813724, 0.48019931123846205, 0.478420648341167, 0.4839559735485717, 0.4875829491364279, 0.48642628901255364, 0.48497432382139694, 0.48727898059568736, 0.4926547458867574, 0.4905468160794786, 0.4911562067209656, 0.4913698990825244, 0.4887105069893545, 0.49261469308607975, 0.4953643234664832, 0.4953738713434052, 0.49476184402197615, 0.4954528848999191, 0.49728608532148905, 0.5015194274428595, 0.5023966680563061, 0.5037079081430722, 0.5060600278431613, 0.505103307834186, 0.5074347441197332, 0.506223952360064, 0.5063457660990563, 0.5053187887860321, 0.5064050974236036, 0.5070211786071462, 0.5104451953303175, 0.5123639106118074, 0.5133111456761972, 0.5119641119469133, 0.5134430441430285, 0.5171981398992321, 0.5152571058926531, 0.5149339550292694, 0.5176596823405457, 0.5175242226910405, 0.5187596333127106], [0.14138104724154116, 0.16424252189237742, 0.18205929811577481, 0.1976442653488302, 0.21599496081650693, 0.23003293362260185, 0.24372129257897565, 0.254603356855472, 0.2670356689279737, 0.278713684297695, 0.2878643426101913, 0.30045424348635325, 0.3035800805232124, 0.31298435867065094, 0.3208254615860724, 0.32705921228098456, 0.33531391797515553, 0.3409996355734793, 0.34704310660565013, 0.3549457024620352, 0.35931821962834437, 0.36551325984918703, 0.36709286192154617, 0.37297411575354944, 0.37661097420557477, 0.3785478762627768, 0.3847373507123601, 0.3897933796420869, 0.3917404264971089, 0.39257747093792966, 0.39949904165079037, 0.4017529388217946, 0.4059251246812331, 0.4041901034813518, 0.4098195214703101, 0.4125631083421301, 0.4120959872959643, 0.41766914690474594, 0.4230342372729371, 0.42086458892867434, 0.42130869933499404, 0.4221624714096844, 0.423093306546306, 0.4261286263129135, 0.4308867861445207, 0.43303151552477587, 0.4319842372622385, 0.43259274805260556, 0.4352862795110696, 0.43727718432212653, 0.440376317985489, 0.43747385546801576, 0.44220545247115933, 0.4453309968107371, 0.44755019244095146, 0.4476974063200351, 0.4461816641916385, 0.4466544781045291, 0.44950619143289694, 0.4506761472414792, 0.4520357056621928, 0.45223555548705807, 0.45245509345303303, 0.4512851611585835, 0.4547244545068679, 0.45412246857920774, 0.4541323591709752, 0.4558593086817637, 0.4581585125090931, 0.4593169109019105, 0.4580468132639287, 0.4608592806451577, 0.46127817453342645, 0.45991954828128373, 0.4623457683244679, 0.4620332882732608, 0.46325057524946384, 0.46370636251733915, 0.4678762331890816, 0.46802675043877184, 0.46671341106258624, 0.4649489531661959, 0.46926884087181664, 0.4711470253757353, 0.4703372795395854, 0.46882480155493206, 0.47104307296478315, 0.47407699357682487, 0.4711710487172767, 0.472545283479425, 0.4739310068263918, 0.4721983452428536, 0.47265203640750847, 0.4744276430815061, 0.47308135554511005, 0.4727649695658617, 0.47578911374407046, 0.4768696660613264, 0.4758039849372412, 0.4776471520514855], [0.14432506595377886, 0.17716875923257747, 0.2066010397231866, 0.2319393498083052, 0.25578590594164313, 0.2771246267315641, 0.2972091331234731, 0.31483540769824603, 0.3357261709957705, 0.3467665404426092, 0.3601004380712109, 0.37013067463782856, 0.3837584917527938, 0.39170495060678456, 0.39653104579571347, 0.4080963093693284, 0.41440055415753513, 0.4219615868601197, 0.4282908541725067, 0.43256415350009114, 0.44065972053100194, 0.4450726347636676, 0.44818127238408495, 0.45279797415916817, 0.4591649330472059, 0.46418098371671745, 0.4667355413550705, 0.46887917491486986, 0.47202596070118363, 0.47426468362957347, 0.4784062715195544, 0.47950604285071846, 0.48254550005329505, 0.48565170277108494, 0.48629697985795445, 0.491924078816135, 0.49225615863948413, 0.49264755422242335, 0.49758676887808034, 0.4998177059924533, 0.5000097257868414, 0.5018639482872259, 0.5041897489854849, 0.5047589502935762, 0.5084164087009513, 0.5096426107162877, 0.5110958201972894, 0.5098505956057537, 0.5143868217099491, 0.514947739766744, 0.5129795395928313, 0.5144767526521463, 0.5170748685753308, 0.51698866365264, 0.5175040662669921, 0.5208753140942431, 0.5217151988636087, 0.5231314110320495, 0.5254228018383196, 0.5265454880063288, 0.5264419443968608, 0.527655664562619, 0.5280613489024204, 0.5285018892952701, 0.5308355155131893, 0.527972743903074, 0.5275412194777378, 0.528372374981181, 0.5305128461018699, 0.5328415823697292, 0.5355285042747363, 0.536795041225358, 0.5363581113011217, 0.5392331316797956, 0.5346653501229668, 0.5359360764125835, 0.5372436195900345, 0.5367544569997251, 0.5389993959582405, 0.5408634139083387, 0.5385733651457003, 0.5444826753187163, 0.5422215233027878, 0.5408101884398038, 0.5395169239587785, 0.541944560560529, 0.5429408179952715, 0.5426649501084903, 0.5452795303389857, 0.5471077285491955, 0.5441837139604362, 0.5447709737601741, 0.5485559187297937, 0.545728904618749, 0.5483123985911489, 0.5488349413301077, 0.5479294037145943, 0.5460472318753581, 0.5474466896229762, 0.5508709462552963], [0.14546845479942794, 0.17028565224742356, 0.1920558491306822, 0.21436457652431581, 0.2336376637559789, 0.25230443314000606, 0.26892229536679213, 0.28558379729821975, 0.29990114856301936, 0.3094420925364884, 0.32308153830076963, 0.33748243956252455, 0.34203233785477133, 0.35274390480139095, 0.35694005740088475, 0.3617298678901825, 0.36997265709561644, 0.374615613157592, 0.38237104667766086, 0.385892833712082, 0.3921494328403548, 0.3952685304897018, 0.40144992797820056, 0.40486414237918067, 0.408252137507826, 0.4125708086172474, 0.4176899442225598, 0.41965921420889474, 0.4210187741726091, 0.42408497470448175, 0.42638603206611236, 0.43317664250961296, 0.43472789835168935, 0.43244961152603395, 0.4394377166900018, 0.43952645875353535, 0.44521575179111106, 0.4434419431397608, 0.44557828544085143, 0.4496742352214717, 0.4526245608833518, 0.452142729225673, 0.45525818733544493, 0.45868878076202607, 0.4579006157271647, 0.4593499767061007, 0.4605616561919508, 0.4623978725223873, 0.469102341473212, 0.4677679771194131, 0.46863739040928143, 0.46861674989584773, 0.4735058183227526, 0.47336688799545357, 0.4744948657548275, 0.47404764326162385, 0.47723782703573936, 0.47958197845840717, 0.4808885347870467, 0.48209967114924285, 0.4850716706844189, 0.48410409659635517, 0.4877455237272611, 0.487719525278892, 0.48590944504477535, 0.4855460302939669, 0.4839104148588814, 0.486981558756501, 0.48808131016268125, 0.49195654739068273, 0.49270463509950585, 0.4967117589018354, 0.49500161523007824, 0.4928195722982258, 0.49493345299126273, 0.4957915279941433, 0.4925165637721665, 0.4962029377174897, 0.4981090308883908, 0.49945284126716855, 0.5026622806345055, 0.5036710041480589, 0.5036923965197139, 0.5047768291941828, 0.5056748438766129, 0.5061102033029659, 0.504774699841906, 0.5043989155976625, 0.5077730331260287, 0.5057886935607991, 0.5084075789259194, 0.5099389326167494, 0.5096572054258066, 0.5109978963025743, 0.5104235208163987, 0.5106167330119925, 0.5134588356448606, 0.5131095265809562, 0.5119769446444984, 0.5135158532725645], [0.14019535100089417, 0.15503064139419137, 0.16520198642453887, 0.1766213060704754, 0.1865196544352975, 0.19601459939688398, 0.20495442319104934, 0.21353554143028827, 0.22064840971707608, 0.227132343119367, 0.2326806310527998, 0.23873089832317393, 0.24339929324051962, 0.24864991351433607, 0.2524875162588467, 0.25771026790717977, 0.26089439684942217, 0.2635396403838453, 0.27034216437936087, 0.27432153422439787, 0.2762787775650898, 0.27965255111313436, 0.28289395679472934, 0.2832575800439977, 0.28573533833170467, 0.28946394945257226, 0.2941253693084322, 0.2956299331905014, 0.2973171694595821, 0.2997180442624468, 0.30257239749121584, 0.30285562980881686, 0.30662719245184294, 0.3094770334263199, 0.31051033275132434, 0.312693018774171, 0.3134244401814167, 0.3151696352199027, 0.3189232600406376, 0.32198622912085656, 0.3213396788639601, 0.3229717442478099, 0.32596064139699193, 0.32808692394967764, 0.33037552512453816, 0.32898771717229525, 0.3312322244852548, 0.3334578674310271, 0.3333364502464697, 0.33474277353744025, 0.33742826777835594, 0.3404562187949516, 0.33912447645696453, 0.341197047170058, 0.3425842225937573, 0.34219426943118036, 0.34397079182735507, 0.3442735457237646, 0.34484126308830093, 0.3474737001551531, 0.3490752505071318, 0.34889368125532594, 0.3510475997667013, 0.34929775487226644, 0.3527906483529287, 0.35312588630578917, 0.3569287481879492, 0.3565227859306423, 0.3565672563422902, 0.3591219865006216, 0.35787117144838115, 0.3590433549954517, 0.36062209735947237, 0.3610593443271787, 0.36207022420132307, 0.36330695645411465, 0.3647728935632262, 0.36587378631320044, 0.36387942844645066, 0.3645487863827011, 0.36652797695577244, 0.3670795865401947, 0.3681229404526217, 0.3709445652840181, 0.37286724492568063, 0.3717134819034456, 0.3720508459518805, 0.3723342604791789, 0.37399119257575403, 0.37409071762265356, 0.3758079564897635, 0.374007682076872, 0.3736126700686301, 0.37709891336411855, 0.377726387109891, 0.37780177157809086, 0.3811057844622941, 0.37998918500859635, 0.3804248095441248, 0.3809192402541718], [0.12577060985912145, 0.15262176391779456, 0.1738433565242049, 0.19005394640764015, 0.20276165459340548, 0.21586480430288738, 0.22869333597980537, 0.23655595225525183, 0.24445939987308452, 0.2509628667435225, 0.25412747281943765, 0.26154954598487107, 0.27068032287431226, 0.27482751433671704, 0.27783777064326076, 0.2817282840810754, 0.28324099490752713, 0.28832939200521107, 0.29224567652457245, 0.2931116050797406, 0.29889761147580485, 0.3000409327174088, 0.3037555061226674, 0.30568746927973633, 0.3083981926713358, 0.3073078973896077, 0.3135806716727569, 0.31776493126929617, 0.3150774280273703, 0.3174417113151322, 0.32064175018034163, 0.320660993698762, 0.32404563341785964, 0.32601587605825944, 0.32977261613562237, 0.3320770787430208, 0.3326547506448334, 0.33290099594953254, 0.33177324110469697, 0.3381346677977434, 0.33532818356858257, 0.33858071670387124, 0.3401178888889518, 0.3407013619829899, 0.3409752560746275, 0.3402537550187859, 0.34113898989825764, 0.3467902705502584, 0.34839680670684203, 0.3468319641157594, 0.3498079230043957, 0.3484687996997019, 0.35067836440433253, 0.3527842657842143, 0.35336328951329077, 0.3543070545749973, 0.3544887340641673, 0.3586627375513142, 0.35973516278822854, 0.3563454323513009, 0.36007724345032416, 0.3583712278409798, 0.35804846688391523, 0.3600845510795737, 0.3606383676863387, 0.35941109664744525, 0.36125388181686424, 0.3636611306777519, 0.3635128690174519, 0.36605025832977933, 0.3630890471682033, 0.3646486100063344, 0.36834659559367694, 0.3687914934507605, 0.36703698360905807, 0.36548316056688335, 0.3681415658560759, 0.3670393773146078, 0.36985371221961116, 0.3720069684165068, 0.37136440273397164, 0.36961809469556867, 0.37001028362274657, 0.3743907057237503, 0.37308430357288236, 0.3724265097618127, 0.37520606344926527, 0.37392526069935883, 0.3767658061789541, 0.3766231346260648, 0.37893571014571875, 0.3769896694218949, 0.3781135589330958, 0.3777071594118402, 0.3807665964552001, 0.3797419230396468, 0.3802500499806869, 0.37948998511251214, 0.38013126964403127, 0.38047065460811835], [0.19290512908979657, 0.21576185917362697, 0.23622987454761252, 0.25661434804490013, 0.27029639209828055, 0.2782327303717298, 0.2908541975550439, 0.29952776361206856, 0.31006745653265627, 0.31843325631001307, 0.32281357108497694, 0.3280743921809691, 0.33386345454185934, 0.3404310403472355, 0.3428481803480902, 0.3450742227480324, 0.3465687843577147, 0.349679788366515, 0.35430251251055545, 0.3546271928222865, 0.35632820196834897, 0.36038565057348343, 0.3626214533995337, 0.3655278982095325, 0.3675285242944948, 0.37007287168682323, 0.373779239165094, 0.3725238551410817, 0.3762760780787154, 0.3835138843228545, 0.3844699800751208, 0.38324863298169193, 0.3842391968138245, 0.38763865742112436, 0.38564215615773245, 0.3870448752072255, 0.3900311633519294, 0.39049046308029994, 0.39000455334106954, 0.3932787178967403, 0.3936702498736451, 0.3954686329211302, 0.3991144166669694, 0.39788305641610494, 0.3982436505541438, 0.39702543054978096, 0.40121373973619084, 0.404130314233476, 0.40438687678143725, 0.40422741629798586, 0.4042405221473016, 0.4066006652974668, 0.4068098424663014, 0.40689075599535485, 0.4069030851600911, 0.4110921072010703, 0.4103847113821509, 0.41308417752396004, 0.4142535037059427, 0.4122946072048435, 0.4162985178301466, 0.41679045005464116, 0.4180896122650126, 0.42087916392893815, 0.4188281940924778, 0.41729869135741543, 0.42129876516920967, 0.41937231522213797, 0.4224662911923605, 0.42369930785633664, 0.4227828204563062, 0.4243067367305477, 0.4268087793452965, 0.42740437569143747, 0.42601001295933216, 0.42831413588521927, 0.42650799829818764, 0.4320515370366997, 0.42916050814957496, 0.4270322384621787, 0.4314505067569858, 0.4309350657434478, 0.4303593685818931, 0.4311470118305937, 0.4298569121092641, 0.43142226157839203, 0.4338775112403243, 0.43510271546886903, 0.43437905807286425, 0.43600392479684746, 0.4378116157202761, 0.43651595039249247, 0.43802584174601555, 0.4382830899743727, 0.43767346779401006, 0.4365137681361789, 0.43902008853974595, 0.4409988447290663, 0.44398591085649086, 0.442252981938575], [0.16213210126631178, 0.18826405765733412, 0.208229101188768, 0.2300775962075882, 0.24332779044009975, 0.25701914130731973, 0.2733567667050467, 0.28276107621515006, 0.2925673069640093, 0.30356293041898347, 0.3087604428280742, 0.3110664567962677, 0.31731706283511674, 0.32443797242928674, 0.33050779259098706, 0.3338014506593059, 0.33847258409287134, 0.3440595846045726, 0.3436841167300728, 0.3518295540083417, 0.35597171612093476, 0.35667991424431494, 0.3608919976437067, 0.3620598894065943, 0.3707901331474086, 0.37139238576408734, 0.3712083876312707, 0.3716619933798096, 0.3742638603228561, 0.37725982681288744, 0.37936698749594605, 0.38219502680499584, 0.38487099145019504, 0.3869026245817089, 0.3884044899564744, 0.39249124353521636, 0.3926339260697197, 0.3896718347141054, 0.3935244653657713, 0.3960431090565176, 0.397408673014071, 0.39943242152858305, 0.4009654568274483, 0.4042828806628251, 0.40427924015870326, 0.40505115071688774, 0.40567838228285985, 0.4100279257611838, 0.4114705470056519, 0.410956052021235, 0.41398622225580267, 0.412745190956682, 0.41223694962718765, 0.4125127675943362, 0.41567328904149003, 0.4152134003897006, 0.41852401924344906, 0.42028247576805183, 0.4223233026234656, 0.4249680934612592, 0.42296857590961157, 0.42618240160585125, 0.42719703017890126, 0.42793524654288057, 0.42975458902436525, 0.429637756689841, 0.4286220026065486, 0.4289818541970639, 0.42880079466916254, 0.4312579188223637, 0.43187494784688857, 0.43603494381738367, 0.43181943585892113, 0.43388957413409623, 0.4349219868728164, 0.4357210653451886, 0.43982710133825687, 0.4396516736953417, 0.4412262803972631, 0.4401032426016317, 0.4403705227221734, 0.44305558494125985, 0.44503678251120954, 0.44788696671206235, 0.44593854630718477, 0.44707557003917137, 0.4442847039370196, 0.44863178706331014, 0.45014553321178125, 0.4504204724630633, 0.4493721983960729, 0.45051169121269813, 0.45418479802790324, 0.45206883961814864, 0.45143019245694116, 0.4531079737291547, 0.45074877213374814, 0.4559439420743013, 0.4548831857147245, 0.45368788677778904], [0.10880802265510633, 0.12012265957805808, 0.1293498252330984, 0.1359048625459208, 0.14175364030991655, 0.1473307475572174, 0.15484101916128198, 0.16095639054861227, 0.16837537219825377, 0.1737682797010744, 0.17994364682343933, 0.18538062038817948, 0.18829735312465612, 0.1960143395742624, 0.1984475660489432, 0.20628776166750964, 0.2110145461295965, 0.2138577125792123, 0.21969478143864674, 0.22551191956810554, 0.23113374189010572, 0.23433006826784536, 0.23909590264161074, 0.24547467452744212, 0.24987396788357638, 0.2513389630450158, 0.2549332670235905, 0.2582411735326648, 0.2603835907951253, 0.26485612535778635, 0.26724292950960454, 0.27400549425882836, 0.27326207363184396, 0.2767277675450926, 0.27994396141204003, 0.2841822767315524, 0.28480040384782834, 0.28692477115617654, 0.29050668445355704, 0.2920802650700604, 0.2968471291496069, 0.3014484106681419, 0.3026274234316189, 0.30281517497094146, 0.30191487152602686, 0.3080314565169778, 0.3057258900021832, 0.3106595484251051, 0.31270202669442787, 0.3151830512424763, 0.3159074725769578, 0.318441571830335, 0.32058416075065427, 0.32607905707864243, 0.32349233095977376, 0.32460493713705746, 0.3277431523064213, 0.3272394631398977, 0.33052115573442314, 0.333345400490093, 0.33514391814121475, 0.3365373595473239, 0.33246210986764657, 0.33815184222032607, 0.3403566747106304, 0.3419766959584281, 0.3423704602632302, 0.343716857054539, 0.34416345225926365, 0.34617669110847754, 0.3493839760439544, 0.3482259747063247, 0.35166132890087903, 0.35045212811183807, 0.35369090711817774, 0.3511972409572458, 0.3541304981910539, 0.3545108903608757, 0.35373045823934585, 0.356295441411235, 0.35811272414560663, 0.3609731193947823, 0.3627123875663045, 0.35932125161628575, 0.36077733308248644, 0.3652022216656065, 0.36554414260246987, 0.3635645059833705, 0.36644400349764095, 0.36755987480213986, 0.3710678527569293, 0.36816250279540574, 0.3722943003442588, 0.3709777743546411, 0.3694638760210931, 0.3718959386055089, 0.37199307632772294, 0.3732932726807649, 0.37424158733734475, 0.3750768599005709]]
Total Percentage: [[48.42, 50.049, 50.702000000000005, 51.44499999999999, 52.78, 53.778000000000006, 54.608000000000004, 55.379999999999995, 55.944, 56.593, 57.226, 57.837, 58.043, 58.313, 58.816, 59.46900000000001, 59.885, 59.724, 60.08, 60.399, 60.731, 60.763999999999996, 61.224000000000004, 61.207, 61.160000000000004, 61.44199999999999, 61.57, 62.08, 61.991, 62.23800000000001, 62.361, 62.178, 62.631, 62.761, 63.053000000000004, 62.964, 62.68899999999999, 62.755, 63.016000000000005, 63.271, 63.418, 63.568000000000005, 63.737, 63.410999999999994, 63.727000000000004, 63.778, 63.746, 63.798, 63.815999999999995, 64.159, 63.949, 64.396, 64.193, 64.55, 64.277, 64.291, 64.716, 64.617, 64.70700000000001, 64.43299999999999, 64.387, 64.774, 64.506, 64.621, 64.87899999999999, 64.792, 64.708, 64.801, 65.079, 64.935, 64.88000000000001, 64.79700000000001, 64.66199999999999, 64.89399999999999, 65.261, 65.47800000000001, 65.449, 65.029, 65.242, 65.193, 65.362, 65.03, 65.21000000000001, 65.142, 65.414, 65.373, 65.563, 65.157, 65.441, 65.699, 65.838, 65.605, 65.72099999999999, 65.652, 65.778, 65.642, 65.691, 65.495, 65.679, 65.79899999999999], [35.124, 37.516, 40.071, 42.681999999999995, 44.580999999999996, 46.244, 47.676, 48.766999999999996, 50.074, 51.376, 51.956, 52.927, 54.177, 54.931, 55.54, 56.419, 56.703, 57.312, 57.784, 58.304, 58.826, 59.687, 60.075, 60.331, 60.843, 61.016000000000005, 61.760999999999996, 61.812, 62.188, 62.375, 62.544, 62.671, 63.138000000000005, 63.032999999999994, 63.712999999999994, 63.782000000000004, 63.989, 64.066, 64.305, 64.469, 64.619, 64.915, 65.11, 65.118, 65.277, 65.483, 65.886, 65.928, 65.996, 66.212, 66.456, 66.46600000000001, 66.487, 66.78500000000001, 67.021, 67.125, 67.394, 67.604, 67.22399999999999, 67.408, 67.58999999999999, 67.384, 67.967, 68.16499999999999, 68.11500000000001, 67.94, 68.221, 68.437, 68.17, 68.407, 68.37, 68.207, 68.522, 68.86, 68.69, 68.635, 68.744, 68.915, 69.226, 69.202, 69.256, 69.596, 69.337, 69.533, 69.535, 69.549, 69.529, 69.559, 69.614, 69.895, 69.94500000000001, 70.126, 69.951, 70.15, 70.431, 70.15, 70.09, 70.379, 70.303, 70.414], [42.253, 44.463, 45.776, 47.034, 48.415, 49.218, 50.117999999999995, 50.800999999999995, 51.6, 52.263000000000005, 52.785000000000004, 53.705999999999996, 53.617000000000004, 54.322, 54.911, 55.092, 55.735, 55.808, 56.17100000000001, 56.567, 56.806, 57.14399999999999, 57.18600000000001, 57.57600000000001, 57.692, 57.660999999999994, 58.18600000000001, 58.443, 58.373, 58.282999999999994, 58.80800000000001, 59.038999999999994, 59.321, 58.857000000000006, 59.422, 59.406000000000006, 59.375, 59.782000000000004, 60.086, 59.965999999999994, 59.91, 60.097, 60.141999999999996, 60.185, 60.317, 60.50600000000001, 60.36899999999999, 60.475, 60.439, 60.436, 60.873, 60.568, 60.89, 60.94500000000001, 61.260999999999996, 61.150000000000006, 61.073, 61.169, 61.348, 61.183, 61.414, 61.3, 61.318, 61.194, 61.568999999999996, 61.475, 61.356, 61.414, 61.711000000000006, 61.803, 61.532, 61.885999999999996, 61.913, 61.597, 61.73, 61.685, 61.853, 61.85000000000001, 62.053999999999995, 61.997, 61.967000000000006, 61.778999999999996, 61.948, 62.212999999999994, 62.205999999999996, 62.083, 62.105999999999995, 62.415, 62.078, 62.400999999999996, 62.46000000000001, 62.156, 62.202999999999996, 62.361, 61.992000000000004, 62.224000000000004, 62.485, 62.566, 62.463, 62.495999999999995], [43.092999999999996, 46.341, 49.053999999999995, 51.233, 53.188, 54.734, 56.443, 57.79, 59.315, 60.155, 61.12, 62.032, 62.94800000000001, 63.487, 63.914, 64.79700000000001, 65.232, 65.741, 66.253, 66.513, 67.25, 67.456, 67.713, 68.11399999999999, 68.514, 68.94200000000001, 69.084, 69.204, 69.366, 69.56700000000001, 70.036, 69.967, 70.283, 70.511, 70.47099999999999, 70.951, 70.997, 71.004, 71.405, 71.553, 71.52199999999999, 71.684, 71.868, 71.96000000000001, 72.162, 72.227, 72.436, 72.37, 72.63300000000001, 72.587, 72.565, 72.646, 72.816, 72.75399999999999, 72.86399999999999, 73.083, 73.13, 73.165, 73.387, 73.49900000000001, 73.494, 73.54, 73.578, 73.64699999999999, 73.738, 73.515, 73.491, 73.478, 73.744, 73.87700000000001, 74.078, 74.21600000000001, 74.111, 74.32, 74.126, 74.246, 74.2, 74.199, 74.342, 74.45, 74.224, 74.715, 74.591, 74.53, 74.38900000000001, 74.536, 74.61, 74.49900000000001, 74.699, 74.87899999999999, 74.741, 74.685, 74.945, 74.822, 75.099, 75.106, 74.984, 74.685, 74.896, 75.20700000000001], [40.894000000000005, 42.798, 44.682, 46.453, 47.725, 49.125, 50.371, 51.536, 52.6, 53.349000000000004, 54.291, 55.497, 55.675, 56.35, 56.632000000000005, 56.913000000000004, 57.492, 58.091, 58.504999999999995, 58.550999999999995, 59.025000000000006, 59.217, 59.548, 60.11, 60.23500000000001, 60.471, 60.721000000000004, 61.002, 60.949, 61.182, 61.343, 61.829, 62.019999999999996, 61.791, 62.260000000000005, 62.275000000000006, 62.717, 62.482000000000006, 62.529999999999994, 62.949, 63.324000000000005, 63.039, 63.315, 63.529, 63.669, 63.483000000000004, 63.641000000000005, 63.74999999999999, 64.251, 64.07300000000001, 64.333, 64.371, 64.768, 64.522, 64.554, 64.62299999999999, 64.956, 64.995, 65.10000000000001, 65.202, 65.562, 65.319, 65.58699999999999, 65.606, 65.68, 65.249, 65.214, 65.42, 65.527, 65.89699999999999, 66.039, 66.16199999999999, 65.88199999999999, 65.824, 66.278, 66.169, 65.871, 66.11200000000001, 66.35600000000001, 66.418, 66.51700000000001, 66.678, 66.57499999999999, 66.714, 66.937, 66.99300000000001, 66.744, 66.69800000000001, 67.01899999999999, 66.834, 66.959, 67.067, 67.179, 67.119, 67.152, 67.09, 67.374, 67.31200000000001, 67.288, 67.32000000000001], [41.265, 42.359, 43.086999999999996, 43.933, 44.647999999999996, 45.33, 46.036, 46.684, 47.268, 47.528, 48.179, 48.373, 48.808, 49.244, 49.457, 49.958999999999996, 50.159, 50.183, 50.733, 51.09, 51.14300000000001, 51.442, 51.609, 51.577, 51.65, 52.01, 52.49, 52.406, 52.494, 52.809, 52.88, 52.855, 53.293, 53.476, 53.366, 53.544000000000004, 53.489, 53.721, 54.07300000000001, 54.269999999999996, 54.096, 54.254000000000005, 54.566, 54.774, 54.823, 54.649, 54.76, 54.858, 55.043, 55.141, 55.303000000000004, 55.474999999999994, 55.352000000000004, 55.531, 55.66, 55.608999999999995, 55.57, 55.552, 55.593, 55.78999999999999, 55.881, 56.035999999999994, 56.005, 55.812, 55.976000000000006, 56.067, 56.362, 56.422000000000004, 56.336, 56.645, 56.34400000000001, 56.440999999999995, 56.596999999999994, 56.595, 56.665, 56.777, 57.04, 56.919, 56.752, 56.794999999999995, 57.07, 56.879999999999995, 57.114, 57.248, 57.455, 57.406, 57.447, 57.221999999999994, 57.452999999999996, 57.435, 57.513999999999996, 57.458, 57.201, 57.645, 57.603, 57.582, 57.775, 57.945, 57.770999999999994, 57.728], [39.818999999999996, 42.452, 44.485, 45.961, 47.065, 48.296, 49.394, 50.159, 50.627, 51.147, 51.429, 51.99399999999999, 52.695, 53.034000000000006, 53.28699999999999, 53.588, 53.669, 54.038, 54.339999999999996, 54.235, 54.834, 54.837, 55.175, 55.26, 55.45099999999999, 55.293000000000006, 55.782, 55.998000000000005, 55.85, 56.07299999999999, 56.255, 56.159000000000006, 56.437000000000005, 56.623999999999995, 56.898, 57.046, 57.065, 57.058, 56.955999999999996, 57.477000000000004, 57.167, 57.485, 57.581, 57.595, 57.449, 57.56099999999999, 57.608000000000004, 58.062999999999995, 58.081, 57.977000000000004, 58.231, 58.148999999999994, 58.257999999999996, 58.499, 58.463, 58.557, 58.755, 58.951, 59.041, 58.711, 59.032, 58.833, 58.996, 59.07599999999999, 59.216, 58.916000000000004, 59.258, 59.221999999999994, 59.219, 59.494, 59.291000000000004, 59.218, 59.472, 59.574000000000005, 59.413000000000004, 59.272999999999996, 59.45399999999999, 59.382000000000005, 59.648, 59.838, 59.792, 59.428000000000004, 59.626000000000005, 59.943000000000005, 59.756, 59.852000000000004, 60.150000000000006, 60.128, 60.135000000000005, 60.086, 60.23500000000001, 60.173, 60.168, 60.167, 60.458, 60.318000000000005, 60.291, 60.424, 60.474000000000004, 60.36], [48.747, 50.438, 51.758, 53.056000000000004, 53.92400000000001, 54.352999999999994, 55.077, 55.457, 56.236, 56.608000000000004, 56.777, 57.04, 57.321999999999996, 57.982, 58.095, 58.13700000000001, 57.959, 58.085, 58.541, 58.404, 58.714, 58.811, 59.033, 59.099000000000004, 59.319, 59.57, 59.758, 59.443, 59.919999999999995, 60.473, 60.401, 60.293, 60.428000000000004, 60.589999999999996, 60.265, 60.492000000000004, 60.633, 60.783, 60.592999999999996, 60.794000000000004, 60.917, 61.015, 61.278, 61.148, 61.254, 61.144, 61.451, 61.595, 61.657, 61.538000000000004, 61.55500000000001, 61.831, 61.767, 61.913, 61.827, 62.153999999999996, 62.024, 62.297000000000004, 62.303, 62.11600000000001, 62.33800000000001, 62.578, 62.635, 62.68899999999999, 62.583999999999996, 62.453, 62.900999999999996, 62.67, 62.788, 62.89900000000001, 62.914, 63.111, 63.263000000000005, 63.308, 63.295, 63.437, 63.221000000000004, 63.657, 63.284, 63.214000000000006, 63.717999999999996, 63.625, 63.419000000000004, 63.635, 63.383, 63.590999999999994, 63.854, 63.958999999999996, 63.724000000000004, 63.939, 64.108, 64.078, 64.03, 64.169, 64.104, 63.914, 64.05499999999999, 64.254, 64.51400000000001, 64.414], [42.798, 44.922000000000004, 46.503, 48.304, 49.542, 50.70099999999999, 52.11900000000001, 52.821, 53.776, 54.496, 55.00000000000001, 55.069, 55.667, 56.337, 56.781000000000006, 57.02700000000001, 57.367999999999995, 57.842000000000006, 57.626999999999995, 58.559000000000005, 58.874, 58.843, 59.216, 59.427, 59.99100000000001, 60.011, 60.029999999999994, 60.077999999999996, 60.277, 60.446999999999996, 60.643, 60.831, 60.955999999999996, 61.108, 61.166, 61.425, 61.501, 61.275, 61.571, 61.753, 61.696, 61.942, 62.062, 62.261, 62.316, 62.257, 62.287000000000006, 62.658, 62.870000000000005, 62.893, 62.909000000000006, 62.751000000000005, 62.751999999999995, 62.71600000000001, 63.115, 63.054, 63.344, 63.443000000000005, 63.468999999999994, 63.693, 63.605999999999995, 63.725, 63.881, 63.859, 63.995000000000005, 64.007, 63.803, 63.773, 63.768, 64.009, 64.029, 64.401, 63.982000000000006, 64.2, 64.31700000000001, 64.334, 64.331, 64.531, 64.763, 64.649, 64.63600000000001, 64.83, 64.881, 65.16199999999999, 65.05199999999999, 65.129, 64.84, 65.17699999999999, 65.277, 65.33099999999999, 65.161, 65.29899999999999, 65.589, 65.328, 65.358, 65.41900000000001, 65.35300000000001, 65.786, 65.604, 65.643], [38.433, 39.705, 40.723, 41.272999999999996, 41.926, 42.535000000000004, 43.388, 44.105, 44.85, 45.346, 46.027, 46.512, 46.745999999999995, 47.556, 47.818, 48.388999999999996, 48.953, 49.157000000000004, 49.669000000000004, 50.349999999999994, 50.785000000000004, 51.171, 51.532999999999994, 52.163000000000004, 52.564, 52.788999999999994, 53.020999999999994, 53.38699999999999, 53.583999999999996, 53.944, 54.063, 54.679, 54.708999999999996, 55.008, 55.272, 55.562, 55.572, 55.821, 56.186, 56.22200000000001, 56.675, 57.162, 57.096000000000004, 57.07600000000001, 57.154, 57.687, 57.32899999999999, 57.828, 58.013999999999996, 58.289, 58.129, 58.540000000000006, 58.73500000000001, 59.147000000000006, 58.788, 59.0, 59.242, 59.160000000000004, 59.509, 59.77, 59.819, 59.939, 59.673, 60.165, 60.178, 60.419999999999995, 60.402, 60.440000000000005, 60.582, 60.692, 60.973, 60.788, 61.089000000000006, 60.985, 61.268, 61.009, 61.318, 61.336999999999996, 61.227, 61.405, 61.704, 61.83, 61.961999999999996, 61.719, 61.861999999999995, 62.291, 62.243, 61.995, 62.416000000000004, 62.429, 62.65500000000001, 62.441, 62.678999999999995, 62.714000000000006, 62.588, 62.782000000000004, 62.803, 62.936, 62.963, 62.980000000000004]]
Total Delta Gamma: [2.1168828  1.7523559  1.95907842 1.62943424 1.86734679 2.03977886
 1.87429862 2.00081091 1.92949514 2.05914529]
Total Delta R: [2.01753051 2.03580419 2.03261553 1.94583731 1.91593455 2.09443418
 2.09938456 2.01187038 2.01816683 1.93686733]
