Complexity increased keeping gamma very unbalanced, and increasing K and N (K=6, N=7)
==================================================

N (neurons): 7
K (states): 6
T (time steps): 100000
Seed: None
Number of repetitions: 10
Number of iterations: 100

Initialization of parameters for HMM:
Pi: [1 0 0 0 0 0]
Gamma: [[0.75 0.05 0.05 0.05 0.05 0.05]
 [0.05 0.75 0.05 0.05 0.05 0.05]
 [0.05 0.05 0.75 0.05 0.05 0.05]
 [0.05 0.05 0.05 0.75 0.05 0.05]
 [0.05 0.05 0.05 0.05 0.75 0.05]
 [0.05 0.05 0.05 0.05 0.05 0.75]]
R: [[0.5 0.  0.  0.  0.  0. ]
 [0.  0.5 0.  0.  0.  0. ]
 [0.5 0.  0.5 0.  0.  0. ]
 [0.  0.5 0.  0.5 0.  0. ]
 [0.  0.  0.5 0.  0.5 0. ]
 [0.  0.  0.  0.5 0.  0.5]
 [0.  0.  0.  0.  0.5 0. ]
 [0.  0.  0.  0.  0.  0.5]]

Generated data:
Generated firings (y): [2 2 4 5 7 7 7 5 7 7 7 5 3 1 1 1 4 6 6 4 1 1 1 3 1 6 4 5 7 3 3 5 4 4 2 2 2
 0 7 5 5 7 5 7 6 4 4 5 5 7 3 3 3 1 1 4 4 4 4 2 2 2 3 3 5 3 3 5 5 5 5 3 5 2
 7 2 2 0 0 6 5 5 3 3 3 3 5 5 3 3 3 5 5 5 3 7 5 4 4 4]... (showing first 100 entries)
Generated states (z): [0 0 4 5 5 5 5 5 5 5 5 5 1 1 1 1 4 4 4 4 1 1 1 1 1 4 4 5 5 3 3 3 2 2 2 0 0
 0 5 5 5 5 5 5 4 4 2 5 5 5 1 1 1 1 1 2 2 2 2 2 2 0 3 3 3 3 3 3 3 3 3 3 3 0
 5 0 0 0 0 4 3 3 3 3 3 3 3 3 3 3 3 3 3 3 3 5 5 2 2 2]... (showing first 100 entries)

Estimated parameters:
Estimated Pi: [array([0.09990472, 0.08067932, 0.01345778, 0.18705217, 0.07180882,
       0.54709718]), array([0.01581511, 0.3146319 , 0.53035982, 0.12132599, 0.01099843,
       0.00686873]), array([0.24150487, 0.29453396, 0.04136089, 0.18715359, 0.17681964,
       0.05862705]), array([0.33442099, 0.02696088, 0.61053758, 0.00691655, 0.00694221,
       0.01422179]), array([0.19606848, 0.29109616, 0.14203395, 0.01475236, 0.11886762,
       0.23718143]), array([0.27838383, 0.05641065, 0.00047557, 0.29027907, 0.3655849 ,
       0.00886597]), array([0.53832807, 0.03700703, 0.01787358, 0.0680844 , 0.32750023,
       0.01120668]), array([0.02242972, 0.02077704, 0.41771376, 0.08648088, 0.35903092,
       0.09356769]), array([0.131164  , 0.03280339, 0.77430947, 0.0192888 , 0.0122042 ,
       0.03023015]), array([0.54390915, 0.00080953, 0.29902003, 0.06675382, 0.0109817 ,
       0.07852577])]
Estimated Gamma: [array([[0.07451126, 0.14952883, 0.03392968, 0.03728686, 0.54821763,
        0.15652574],
       [0.10248896, 0.35871007, 0.40382315, 0.02376359, 0.01249071,
        0.09872352],
       [0.57778696, 0.01289986, 0.05992151, 0.02357206, 0.31658319,
        0.00923641],
       [0.12272605, 0.07573902, 0.01098435, 0.49756212, 0.24492655,
        0.0480619 ],
       [0.18355679, 0.04631102, 0.11905817, 0.05010246, 0.5102392 ,
        0.09073235],
       [0.07256872, 0.11361658, 0.00508756, 0.06496849, 0.04224462,
        0.70151404]]), array([[0.45839725, 0.00745649, 0.03279767, 0.20837351, 0.23682761,
        0.05614746],
       [0.06480683, 0.15433298, 0.49270806, 0.12406229, 0.02500886,
        0.13908098],
       [0.01067385, 0.31654653, 0.53270148, 0.02729093, 0.04357416,
        0.06921304],
       [0.06585559, 0.20031283, 0.08777081, 0.1942071 , 0.26333263,
        0.18852103],
       [0.46092291, 0.0325249 , 0.02764652, 0.07520127, 0.27858736,
        0.12511704],
       [0.0081254 , 0.10919578, 0.02534254, 0.01593012, 0.07567949,
        0.76572668]]), array([[2.60473153e-03, 2.42778873e-01, 5.19322278e-02, 1.02256782e-01,
        2.60756860e-01, 3.39670525e-01],
       [1.48865054e-01, 3.14818400e-01, 3.24389369e-02, 1.05658252e-01,
        2.39815245e-01, 1.58404112e-01],
       [5.51056526e-02, 1.55871431e-01, 4.38449197e-01, 1.69563267e-01,
        1.53082174e-01, 2.79282786e-02],
       [6.53628112e-02, 6.90487606e-04, 1.46515674e-01, 7.13615493e-01,
        7.38076874e-02, 7.84691904e-06],
       [9.16983527e-02, 3.75687867e-01, 3.18842808e-02, 2.82295393e-03,
        2.94749364e-01, 2.03157181e-01],
       [4.60394949e-03, 1.04752930e-01, 4.13767429e-02, 3.13165282e-02,
        5.55363675e-01, 2.62586175e-01]]), array([[2.87311297e-01, 2.83228972e-03, 4.77090270e-01, 1.16318708e-01,
        6.01851170e-02, 5.62623190e-02],
       [4.20743315e-02, 1.22584140e-01, 5.90684209e-02, 1.71907981e-01,
        1.03224823e-01, 5.01140304e-01],
       [4.67891406e-01, 4.25750029e-02, 3.60334995e-01, 6.68282370e-02,
        2.45766061e-02, 3.77937524e-02],
       [8.02888915e-02, 6.71937872e-02, 2.92394713e-02, 7.69498665e-01,
        5.30774947e-02, 7.01690491e-04],
       [9.23831764e-02, 8.30911127e-02, 3.23031012e-03, 1.83842661e-02,
        3.88771518e-01, 4.14139617e-01],
       [5.04174713e-02, 1.39178331e-01, 7.46738492e-02, 4.53892387e-02,
        3.33468580e-01, 3.56872531e-01]]), array([[0.06452785, 0.0708142 , 0.02116621, 0.05545274, 0.262775  ,
        0.52526399],
       [0.2281914 , 0.03975865, 0.07895914, 0.23817124, 0.22246216,
        0.1924574 ],
       [0.07944503, 0.11587586, 0.70116904, 0.07337584, 0.00148959,
        0.02864464],
       [0.16840376, 0.1571814 , 0.12142595, 0.21665918, 0.31374837,
        0.02258134],
       [0.22666364, 0.23420041, 0.25919696, 0.04996186, 0.02328281,
        0.20669433],
       [0.2385112 , 0.24726293, 0.07721637, 0.15530279, 0.13267564,
        0.14903107]]), array([[0.11995945, 0.11103157, 0.17278151, 0.11521672, 0.29964386,
        0.18136689],
       [0.2338829 , 0.03614154, 0.07675878, 0.11287756, 0.03329772,
        0.5070415 ],
       [0.10982399, 0.03960165, 0.6892719 , 0.0197961 , 0.00168605,
        0.1398203 ],
       [0.10686504, 0.0494568 , 0.03644034, 0.13209724, 0.5718336 ,
        0.10330698],
       [0.01335984, 0.05989719, 0.0152672 , 0.88442905, 0.00772745,
        0.01931927],
       [0.05019262, 0.35239486, 0.04337905, 0.03330728, 0.073578  ,
        0.44714819]]), array([[0.53081547, 0.01337256, 0.10702522, 0.11731898, 0.16760944,
        0.06385832],
       [0.06752942, 0.28510853, 0.18164428, 0.06122275, 0.04056556,
        0.36392946],
       [0.03981749, 0.2145177 , 0.32434239, 0.16951648, 0.04285714,
        0.2089488 ],
       [0.19219973, 0.14872657, 0.17715608, 0.07498422, 0.19540107,
        0.21153235],
       [0.0876491 , 0.01129034, 0.06949875, 0.04580353, 0.78246981,
        0.00328848],
       [0.10009674, 0.48029   , 0.21947838, 0.10878934, 0.01726566,
        0.07407988]]), array([[0.21168195, 0.47188138, 0.09613168, 0.1239483 , 0.04849852,
        0.04785816],
       [0.37253746, 0.02578762, 0.16926413, 0.12113509, 0.01754872,
        0.29372699],
       [0.00196548, 0.03501838, 0.78036773, 0.0896844 , 0.05103831,
        0.04192569],
       [0.17478294, 0.3142978 , 0.13891353, 0.13990575, 0.03715179,
        0.19494818],
       [0.2985182 , 0.02636008, 0.61879341, 0.0090335 , 0.02633666,
        0.02095815],
       [0.53089011, 0.0275825 , 0.01471306, 0.06875678, 0.07168419,
        0.28637335]]), array([[0.21708295, 0.02249332, 0.44410009, 0.06920969, 0.15854813,
        0.08856584],
       [0.04324288, 0.69616755, 0.0724368 , 0.14984302, 0.03107953,
        0.00723022],
       [0.30760069, 0.03493405, 0.5337312 , 0.05060648, 0.03854624,
        0.03458132],
       [0.02890019, 0.34321074, 0.12446346, 0.03034542, 0.28898043,
        0.18409977],
       [0.20418676, 0.04743523, 0.0034711 , 0.19327395, 0.51612039,
        0.03551257],
       [0.00238975, 0.00768671, 0.26086416, 0.30101912, 0.05020807,
        0.37783219]]), array([[0.22650903, 0.0553727 , 0.67274142, 0.02479614, 0.00380736,
        0.01677335],
       [0.10130816, 0.78529096, 0.02898428, 0.00541825, 0.0531954 ,
        0.02580295],
       [0.64713751, 0.0553053 , 0.18259337, 0.0613772 , 0.03495413,
        0.0186325 ],
       [0.13217569, 0.14846346, 0.18534928, 0.0939306 , 0.2989478 ,
        0.14113316],
       [0.07582948, 0.08949957, 0.01260622, 0.09256641, 0.14105182,
        0.58844651],
       [0.01358   , 0.02234886, 0.02843906, 0.35070925, 0.44392504,
        0.1409978 ]])]
Estimated R: [array([[0.05117182, 0.09085301, 0.02885586, 0.02457012, 0.00635988,
        0.25705176],
       [0.07487128, 0.08146387, 0.12112776, 0.34055363, 0.05783773,
        0.01501556],
       [0.02966162, 0.03658851, 0.01613243, 0.21502164, 0.06133479,
        0.50951855],
       [0.23377389, 0.10201232, 0.04281424, 0.06141197, 0.33990891,
        0.00266734],
       [0.12426263, 0.01730872, 0.07904355, 0.31101944, 0.3157544 ,
        0.04528776],
       [0.23689681, 0.22831359, 0.56040553, 0.0277396 , 0.10866756,
        0.06336196],
       [0.18487355, 0.04457438, 0.13688485, 0.01238603, 0.1093653 ,
        0.00271764],
       [0.06448841, 0.3988856 , 0.01473578, 0.00729758, 0.00077143,
        0.10437944]]), array([[1.24866996e-02, 1.43980521e-01, 2.90161661e-01, 3.50411194e-02,
        8.30012718e-03, 7.72172072e-03],
       [5.68713917e-03, 2.84882738e-02, 3.43763420e-02, 5.91063330e-02,
        4.40103941e-02, 1.95941988e-01],
       [2.82973277e-03, 3.97075499e-01, 5.00015275e-01, 1.23069357e-01,
        3.52343942e-04, 6.47032334e-03],
       [7.20291688e-02, 3.12853209e-02, 1.25684054e-03, 1.12035148e-01,
        5.18054826e-01, 2.41387953e-01],
       [3.89274240e-03, 3.04758830e-01, 1.16764823e-01, 1.40307416e-01,
        7.64253117e-03, 2.75206228e-01],
       [6.69034567e-01, 2.23313339e-02, 1.97887422e-02, 3.66542294e-01,
        2.57333115e-01, 1.17877892e-02],
       [3.19877004e-03, 1.70756906e-02, 7.13941747e-04, 1.20622016e-03,
        5.61205548e-04, 2.60936520e-01],
       [2.30841180e-01, 5.50045304e-02, 3.69223746e-02, 1.62692113e-01,
        1.63745457e-01, 5.47476906e-04]]), array([[1.18431999e-01, 3.40328434e-02, 1.62854232e-02, 7.74059633e-04,
        1.79365632e-01, 1.21509342e-01],
       [7.03325445e-02, 1.28069402e-02, 5.94950811e-02, 5.08469488e-03,
        2.26581702e-01, 4.70095150e-02],
       [2.49173944e-01, 3.36764389e-01, 4.14814041e-02, 1.55902570e-01,
        1.00506834e-01, 9.21951743e-02],
       [3.55940732e-02, 1.63372603e-01, 2.82887247e-02, 3.55603463e-04,
        1.40994210e-01, 5.39306129e-01],
       [1.04441148e-01, 7.91402360e-03, 3.79966142e-01, 5.82603258e-01,
        3.25095435e-02, 1.94642505e-02],
       [2.38898287e-01, 2.74244516e-01, 1.18921223e-02, 6.08009382e-03,
        2.62648808e-01, 1.16881731e-01],
       [1.82251404e-02, 9.63506228e-03, 3.87954493e-01, 2.27202094e-01,
        5.95507761e-03, 3.68972916e-03],
       [1.64902865e-01, 1.61229622e-01, 7.46366095e-02, 2.19976250e-02,
        5.14381937e-02, 5.99441291e-02]]), array([[0.21729244, 0.00225969, 0.23304385, 0.00088412, 0.00064958,
        0.03642442],
       [0.01553255, 0.00683369, 0.01728789, 0.25562105, 0.03927799,
        0.04815643],
       [0.3327702 , 0.04053105, 0.58206522, 0.01608466, 0.00324095,
        0.00234532],
       [0.05132711, 0.56076639, 0.01901934, 0.12794464, 0.26198253,
        0.22378248],
       [0.30590431, 0.16426098, 0.12385659, 0.28376724, 0.02977973,
        0.02126039],
       [0.01737057, 0.19219781, 0.00646601, 0.00327893, 0.32850454,
        0.54561   ],
       [0.01346541, 0.00165476, 0.01466955, 0.30948444, 0.01709816,
        0.00893816],
       [0.04633741, 0.03149564, 0.00359155, 0.00293492, 0.31946652,
        0.11348279]]), array([[0.17316992, 0.00886172, 0.0333362 , 0.08431742, 0.07115902,
        0.15961516],
       [0.04938949, 0.1263514 , 0.17362152, 0.07372149, 0.00237066,
        0.01001416],
       [0.19820399, 0.31187072, 0.07456106, 0.07424836, 0.2146007 ,
        0.18737054],
       [0.09609855, 0.12396338, 0.11122267, 0.22921413, 0.32189414,
        0.17086694],
       [0.28669147, 0.10837812, 0.00130256, 0.176215  , 0.11539909,
        0.37539371],
       [0.11931214, 0.08461758, 0.35462131, 0.21387471, 0.05972228,
        0.05917428],
       [0.06452366, 0.18274646, 0.00221003, 0.11906688, 0.19070607,
        0.03626409],
       [0.01261078, 0.05321062, 0.24912465, 0.02934201, 0.02414804,
        0.00130112]]), array([[1.18542743e-01, 5.37602263e-02, 5.83102389e-02, 1.73178199e-01,
        4.41935613e-02, 5.42035595e-02],
       [1.64293784e-01, 4.13404050e-03, 4.28082089e-01, 4.02988620e-03,
        7.47937433e-03, 1.11906574e-03],
       [2.29272351e-01, 4.30941458e-02, 3.64609884e-02, 2.22930365e-01,
        4.71996992e-01, 1.25038783e-03],
       [4.10802799e-02, 2.81535139e-01, 3.77891602e-01, 2.07733819e-02,
        6.96868600e-03, 2.75542949e-01],
       [1.50127854e-01, 5.68172103e-02, 1.08182267e-02, 4.39420281e-01,
        2.12245825e-01, 2.46736485e-02],
       [4.42731659e-05, 3.77632438e-01, 4.94250799e-02, 2.07705987e-02,
        1.88828929e-02, 4.65570375e-01],
       [1.88697790e-02, 5.00908094e-02, 1.22381216e-03, 1.12598497e-01,
        2.29346867e-01, 4.29332955e-02],
       [2.77768936e-01, 1.32935991e-01, 3.77879628e-02, 6.29879215e-03,
        8.88580219e-03, 1.34706719e-01]]), array([[0.21856885, 0.02106004, 0.03421424, 0.16841362, 0.06967467,
        0.05227526],
       [0.04121258, 0.08460507, 0.09323468, 0.10042436, 0.00069604,
        0.27141403],
       [0.51012724, 0.04406747, 0.02135079, 0.08145664, 0.2341212 ,
        0.02085119],
       [0.00238548, 0.62159436, 0.15577058, 0.1002409 , 0.00092716,
        0.17675772],
       [0.11965521, 0.00815387, 0.08171605, 0.14574139, 0.41630057,
        0.00659801],
       [0.04252439, 0.0728833 , 0.51861266, 0.15128341, 0.00366689,
        0.35607597],
       [0.00552371, 0.00222566, 0.02701089, 0.01091455, 0.2735559 ,
        0.00770401],
       [0.06000255, 0.14541023, 0.06809013, 0.24152515, 0.00105757,
        0.10832382]]), array([[3.17911112e-02, 4.56025954e-02, 1.53762481e-01, 4.38450921e-02,
        8.47828337e-02, 3.16590426e-02],
       [1.74385069e-01, 8.15202816e-02, 9.20758797e-03, 6.07371039e-02,
        7.88749058e-02, 1.97936287e-01],
       [2.09350768e-02, 4.68501360e-02, 2.91359494e-01, 1.65305245e-01,
        2.18664635e-01, 1.17302208e-01],
       [1.88891220e-01, 3.69979737e-01, 1.36141925e-02, 4.54584677e-01,
        1.46985967e-02, 1.94854970e-01],
       [2.18999927e-02, 4.01760506e-02, 3.55639018e-01, 6.30448388e-02,
        1.54824839e-01, 4.32200521e-04],
       [4.56985662e-01, 1.65185149e-01, 6.65801861e-03, 7.34125608e-02,
        1.73919900e-01, 3.22283267e-01],
       [4.45393403e-03, 1.44804568e-02, 1.60239901e-01, 7.36780132e-02,
        1.98456277e-01, 1.08829817e-02],
       [1.00657934e-01, 2.36205593e-01, 9.51930604e-03, 6.53924694e-02,
        7.57780132e-02, 1.24649042e-01]]), array([[8.99876382e-02, 2.08480520e-02, 1.39901319e-01, 8.00408042e-02,
        7.92470980e-03, 2.17799542e-01],
       [1.65876385e-02, 2.53908609e-03, 5.13788995e-02, 1.49584736e-01,
        1.23861530e-01, 3.31809219e-01],
       [1.22359448e-01, 1.61045806e-02, 5.08035227e-01, 3.15131939e-02,
        8.33894090e-03, 3.22633693e-02],
       [1.43177213e-01, 3.46333031e-02, 1.75136716e-02, 2.86417749e-01,
        4.23298568e-01, 3.10311045e-01],
       [5.67504439e-01, 6.39149510e-03, 1.84804047e-01, 5.26328405e-02,
        5.81030182e-02, 5.44803721e-02],
       [1.39642682e-02, 5.63329260e-01, 2.28715450e-04, 2.82064971e-01,
        1.11946137e-01, 2.23251255e-02],
       [4.53946096e-02, 1.55378726e-03, 9.48017187e-02, 4.72338491e-02,
        2.61695189e-01, 2.46075572e-02],
       [1.02474620e-03, 3.54600435e-01, 3.33640191e-03, 7.05118570e-02,
        4.83190825e-03, 6.40377031e-03]]), array([[1.91103759e-01, 6.36104152e-03, 1.20502647e-01, 7.09543626e-02,
        5.54075993e-03, 6.12121031e-03],
       [4.48493871e-04, 1.34994046e-03, 2.75497261e-03, 2.70096422e-01,
        3.72371736e-01, 2.42222512e-01],
       [2.23200295e-01, 8.86794703e-03, 4.14977220e-01, 1.00721376e-01,
        1.76249515e-03, 7.02395363e-03],
       [3.90856599e-03, 8.89605706e-02, 3.99929229e-03, 4.60011291e-01,
        4.09716025e-01, 6.76518040e-01],
       [4.32533991e-01, 3.71092384e-03, 2.05692140e-01, 5.86206289e-03,
        2.06159500e-02, 1.12619522e-02],
       [2.20176102e-02, 5.78658313e-01, 6.29378380e-03, 6.72313701e-02,
        1.79181358e-01, 5.52531086e-02],
       [1.05195153e-01, 3.67059580e-03, 2.24008009e-01, 2.50867222e-02,
        6.56052542e-03, 8.97884268e-04],
       [2.15921314e-02, 3.08420668e-01, 2.17719346e-02, 3.63920836e-05,
        4.25115089e-03, 7.01339008e-04]])]

Total NMI: [[0.1558602157571887, 0.16064108505806216, 0.1648903593220622, 0.16855076890197204, 0.17457314567767365, 0.1809054984972415, 0.18281626904290638, 0.18767414072553387, 0.1905692394464461, 0.19799576641781721, 0.20239961949246127, 0.2050466991536087, 0.21054498365509106, 0.21358222634278912, 0.2158793922511541, 0.21859966331964317, 0.22297070371979572, 0.22658974318422984, 0.2312126640927965, 0.2373989536661564, 0.2369597269063226, 0.24263764642587873, 0.24593277206119504, 0.24484813792652338, 0.2512842115948559, 0.25252187416847116, 0.25620859412632935, 0.2607031734515523, 0.2615992270986108, 0.2632257165097705, 0.26582539172829733, 0.2690951945948206, 0.2747036864739748, 0.2740211433787726, 0.27770076082258877, 0.27853044594702203, 0.279644048975056, 0.2842887889078758, 0.2845266784091063, 0.2844592967845287, 0.28883199923371244, 0.2893531184364571, 0.29190508272980753, 0.291501436595508, 0.29386185552380834, 0.298482368912509, 0.2978329786693983, 0.2991605191894978, 0.3019203969690735, 0.30363878290772417, 0.305484693694225, 0.30707709050159476, 0.31262403604718064, 0.3123163589052958, 0.3083965670833966, 0.3105543568209817, 0.313783403516666, 0.31783696216716395, 0.3202012730529588, 0.3198050047894754, 0.32254772628334083, 0.3213019719297868, 0.32436141592851137, 0.323815137107564, 0.325104349529823, 0.3275804199387102, 0.3311891161398563, 0.3306957546461743, 0.3337294428406431, 0.33185083252399133, 0.3346367093329787, 0.33516792755031555, 0.3391436071745539, 0.33900010920015944, 0.339903587055776, 0.3430015989389247, 0.3434414566643921, 0.34380065790540143, 0.3485752599854182, 0.3496633329555949, 0.3464303731598396, 0.3480790233028172, 0.3473719628473081, 0.349709744714768, 0.34934173963466747, 0.35392912102891894, 0.35455403816140174, 0.35488609252658887, 0.3571779473380281, 0.3542489752691703, 0.3534703403163194, 0.3565304618517054, 0.35777306915081597, 0.3592370528588976, 0.36062774408885895, 0.3624543259635667, 0.36514706757862936, 0.3627905593948913, 0.3642649997715718, 0.3681531214679959], [0.11752145845608333, 0.13788145485501926, 0.15892475429575115, 0.17790564764469713, 0.19460082462829545, 0.21242033876826563, 0.2250836500110764, 0.23820336721573693, 0.2500846665237697, 0.26268634093347165, 0.2763444239236319, 0.2862747977470462, 0.2952845726272993, 0.3023694246563405, 0.3123025496664691, 0.3198217631329712, 0.32783036409657834, 0.3314415687655928, 0.3362582829718617, 0.342202202394344, 0.3478958017872578, 0.3541296545984393, 0.3580101725591539, 0.3627423133304144, 0.3662876771899144, 0.3709383680042701, 0.3766138207933976, 0.37908613641006195, 0.3800581534859795, 0.3828493394620302, 0.3873305650194664, 0.3905154153061179, 0.39152274956619854, 0.3948728164200711, 0.398464497827363, 0.39910565768980183, 0.40556572377690964, 0.4046447152963991, 0.4088265700185112, 0.4107929827710008, 0.40850678021015435, 0.4105771231835413, 0.4128371264544717, 0.41787107773120064, 0.4163242444691996, 0.41735284657491784, 0.41747280761004973, 0.41915507369609617, 0.42097018460515384, 0.42392135189519276, 0.4243185044106231, 0.4240898513404023, 0.42406781950487205, 0.4261370194233281, 0.4266090665208596, 0.42749530920450635, 0.43094456103879736, 0.43208402026613907, 0.4306999755496781, 0.4336339719636913, 0.43361675593194915, 0.4375169505700515, 0.4390271468687857, 0.43904866788217717, 0.4401101538831887, 0.4386587300070885, 0.43859171197638974, 0.4408694285914516, 0.4401310479598502, 0.4411382810341911, 0.441895921303201, 0.4432690645455842, 0.44315015317676887, 0.44276229074536216, 0.44514791536913234, 0.44564066455213824, 0.4470476205166576, 0.4468150474372412, 0.44754583905574474, 0.4461273923666487, 0.44428192802790945, 0.4462987721083675, 0.45050570712174304, 0.44925340704208466, 0.4506941376016748, 0.45017301783341673, 0.4479396077793614, 0.4518434073470413, 0.4534456664901734, 0.449998203543484, 0.45268159776150857, 0.45507420513927316, 0.45573838128301225, 0.45382663262019823, 0.4553524112411506, 0.45625612939931226, 0.45405297250137544, 0.45660290396271, 0.4577010981819771, 0.4559922375236543], [0.1294288466678475, 0.14342664655648923, 0.15869658613867854, 0.17179563871348305, 0.18477889152303853, 0.19524125939237438, 0.20434280895839962, 0.21198084045747034, 0.21722024974864906, 0.22198389924810075, 0.22819372886151584, 0.23061847508765007, 0.23278418257841244, 0.23678477660613798, 0.2386697575199779, 0.2431924933407988, 0.24362179729649439, 0.24615091169187014, 0.24932453590590994, 0.2516151718501162, 0.2520203317581209, 0.2537613811926454, 0.25606431317370193, 0.2595404757260218, 0.2606192068752911, 0.2613864478522298, 0.26290704658857206, 0.26016459815682136, 0.2634985067459454, 0.2661125511712899, 0.26865282581765154, 0.2680474909554583, 0.2687372198462948, 0.26879291071510203, 0.27165241253361294, 0.2738513889681553, 0.2728686544318938, 0.27396459694670705, 0.27805492979475044, 0.2774542824865012, 0.2769072619179982, 0.2784149056575507, 0.27854705518961487, 0.28085803428983147, 0.27965048736683795, 0.2815134738687535, 0.27970857951056133, 0.2804059592112769, 0.2841196908499473, 0.28442463989501404, 0.2824103556349766, 0.2819515718838632, 0.28466999307430874, 0.2875288784482355, 0.2844727731191187, 0.2864082906837853, 0.2874149607717907, 0.29013628303076733, 0.2895050905718654, 0.29143090677938377, 0.290370844251469, 0.2881189976177148, 0.292921496066283, 0.2897362313188369, 0.2917616890558624, 0.28965118022050157, 0.29345091487415903, 0.2938187276983843, 0.2948791190265521, 0.29505609334086397, 0.2939757261296623, 0.29708559411764973, 0.29582713852849807, 0.29511657089982735, 0.297191488130948, 0.29837223993273104, 0.29709023843911436, 0.2982850004465082, 0.29809191989143696, 0.2985654345573874, 0.30034557207769963, 0.3023015343364864, 0.30218224297804247, 0.3017679174056401, 0.3042845157393784, 0.3048484649710751, 0.3050131930062096, 0.3036440876719107, 0.30318568424352904, 0.3058913326650892, 0.30308955098325524, 0.30577954816456715, 0.3043267452182359, 0.3047527191495196, 0.3062900492873068, 0.30618265963447533, 0.3089541536731639, 0.3077378904711661, 0.30612432357632596, 0.30611334659250183], [0.1362957822436974, 0.1481709704732419, 0.16255533245103315, 0.1803374958128341, 0.19918163723119992, 0.21646304867587637, 0.2360497108929855, 0.25137158993845565, 0.26513255025016663, 0.2751992718943368, 0.2883190251719284, 0.29942459341408395, 0.30810029475781214, 0.31611355922523715, 0.32482564031455013, 0.3308529208534178, 0.3394568447618909, 0.34507165809123297, 0.3508285883107876, 0.35520248821972517, 0.3602412331024555, 0.36180000485862446, 0.3670150990743761, 0.37093801131384396, 0.37605014690662353, 0.3790293456168957, 0.3834238140549021, 0.3845027668878946, 0.3871242633401749, 0.3904821705501891, 0.3893752666157185, 0.39270844934556964, 0.3948894925228354, 0.396482255247841, 0.40062539725839985, 0.4027160350710328, 0.40178717022641525, 0.40421428785125724, 0.40410055668126466, 0.408433531309875, 0.40990347372997815, 0.4097334986869209, 0.40973101604420153, 0.41591760282033347, 0.41660873990585906, 0.41598571532267825, 0.41393761850373545, 0.4181492249468059, 0.41739986382657346, 0.41710190292422, 0.41975228117111996, 0.42301537504821946, 0.42552505293938114, 0.424625303018431, 0.42580905449684503, 0.4241987941919954, 0.42718296830184405, 0.42762948366439896, 0.4308364916394812, 0.4318010041156658, 0.43024265672103507, 0.43091155789714813, 0.43343061125617616, 0.4346922040451047, 0.43476002363331273, 0.4347885103046067, 0.4334580165432521, 0.4369860204233352, 0.43688189770017855, 0.4382795017941918, 0.4349358654815843, 0.43554672235964964, 0.4376788542849695, 0.4369327671605494, 0.4399280869029492, 0.4396440480149496, 0.4409567192422353, 0.4382285838867804, 0.4396584307229858, 0.4433544896045604, 0.44056528376513054, 0.44023225028508794, 0.4415930118459928, 0.4429147631960971, 0.4427863094308571, 0.4440236872874421, 0.44143528702563223, 0.44458435369790045, 0.4433503172913533, 0.4447371046498435, 0.4478542110494152, 0.44522797157428107, 0.44637438645088634, 0.4465110086443859, 0.44597789967544627, 0.44669663027569, 0.4469679855450864, 0.4485046577991925, 0.4485926140334013, 0.4491815081050764], [0.09530612321886596, 0.09791031232700598, 0.09602663069811342, 0.09544915172515694, 0.09896868571961019, 0.10129640832217311, 0.10671437776210953, 0.10667193749016667, 0.10830032334929014, 0.11266470808262986, 0.11071436552452349, 0.11573298551480019, 0.1208164035582203, 0.12028160674710327, 0.12575173486483762, 0.12579149108266083, 0.12977626327168423, 0.13123876637931825, 0.13501951010956745, 0.13469570087885935, 0.13943826693777522, 0.13946048532697844, 0.14247911665541252, 0.14357268665254305, 0.14929575573867573, 0.153433146770593, 0.15501939387974303, 0.15432450564299574, 0.15598023245668857, 0.16009835644314682, 0.16179783724229804, 0.16255469077289675, 0.16601926581038295, 0.1668846416567729, 0.16726904884437405, 0.1730203438916547, 0.17068570578019224, 0.17572170039392812, 0.17513027851619947, 0.17833258860900725, 0.1781492762869074, 0.18135884827395932, 0.18255075082880806, 0.18357786320482286, 0.18453467767314952, 0.18299987327780382, 0.1882518094578091, 0.18886138317126377, 0.1899470561374895, 0.19147227352656607, 0.19443578924976268, 0.19159927886040679, 0.19583497530809177, 0.1969204163193408, 0.20052925331615054, 0.20006530540305348, 0.1996496877776607, 0.20054854214934426, 0.20168565005970474, 0.20322115156726295, 0.20491985039235303, 0.20629241141835356, 0.20776946952617784, 0.20984278010565327, 0.2120388295890216, 0.21061381733948809, 0.21131083133033401, 0.21476347567191453, 0.21587666638914035, 0.21520049952853793, 0.21598919705975486, 0.21841165669546853, 0.21923883789401205, 0.21839451658513762, 0.2188134665632247, 0.22129871370169943, 0.21925002862479864, 0.22149683617728452, 0.22419909394686302, 0.22738682110025527, 0.22824471282021225, 0.22615923627942455, 0.2249701723652067, 0.22790787573781393, 0.22605418402327077, 0.22981022526117942, 0.22988745079204237, 0.23356173962684582, 0.23086896194940143, 0.23127506441781379, 0.23558928440493027, 0.23473842599062766, 0.23766038184199115, 0.23443670201012556, 0.23770612852932468, 0.2390557073129494, 0.23808931128887653, 0.2366839298323706, 0.23946020840748436, 0.23859962113373484], [0.1546505454682714, 0.1691045848611515, 0.17938583160568458, 0.1877601388654967, 0.20291819826329596, 0.2116129901406588, 0.22178406837035863, 0.23500192055767588, 0.2455760146374372, 0.2541511302321126, 0.26353119997305124, 0.2728916355846575, 0.28340950433477674, 0.29206797835520903, 0.2989651088735087, 0.3055283803522657, 0.31078122675272646, 0.3203976448782428, 0.33083621488030573, 0.3348244243627779, 0.3392175911144316, 0.34558106532965943, 0.3508072531784906, 0.35844839528028793, 0.3642301740031508, 0.37221086491785277, 0.37065697465186326, 0.3750417137303121, 0.3805297974243111, 0.38326534752904723, 0.38880956015422874, 0.3936773887297513, 0.39440146295287554, 0.39900610864234076, 0.4013215076726413, 0.4058307117115769, 0.4055450850160084, 0.4107661650476789, 0.4165812523722526, 0.4208217890262668, 0.42070509389235494, 0.42636750413424224, 0.4282567206706909, 0.43031859466602934, 0.42924749975049875, 0.4355336442307716, 0.4369666687146737, 0.43891568715603374, 0.43860903639227683, 0.4456098455766216, 0.44652768122943937, 0.44731550636017325, 0.44659440149510704, 0.4460862177815401, 0.4515388530302931, 0.4561408983280354, 0.4558779279087343, 0.45808984484821474, 0.4578421022991333, 0.459229862202593, 0.46343913271237075, 0.46807783865791125, 0.46685779807116434, 0.46736028359284604, 0.4701356630805817, 0.4699271534146465, 0.4699382314290176, 0.47390061286810164, 0.47142116314135063, 0.4717968352728554, 0.4773209058806823, 0.4795091688103987, 0.47851579798712224, 0.4818826531291174, 0.48154831864137415, 0.4824435350501781, 0.484285031612594, 0.48352882020539817, 0.48673116769139196, 0.4834257101092403, 0.48985063950779434, 0.4898658526049433, 0.4894114420785029, 0.4912979162233903, 0.4923514333417082, 0.48978263560116764, 0.4924078173689586, 0.49297063817607084, 0.4933413977294623, 0.49516513439867593, 0.4980644083876359, 0.49478707425237145, 0.49753572857846295, 0.5006298948806109, 0.5019149304945081, 0.502345926181515, 0.49854043541929205, 0.5013560017399848, 0.5045544287945362, 0.5034873797832823], [0.0728877824541733, 0.09238674804060756, 0.11090441539642264, 0.12834451051754497, 0.1458190695508127, 0.1603921499274357, 0.17451224670658785, 0.18536840988818848, 0.19799159831936622, 0.2083035668296829, 0.21632122078606286, 0.22207505758279047, 0.23039511469102, 0.23781927492790866, 0.24480721595341465, 0.25009001658262886, 0.2546494461844296, 0.26098351417097004, 0.26503684665592675, 0.26766972335901446, 0.27224849425779374, 0.2756635544134262, 0.2786710392255119, 0.28180250956966935, 0.284926741818757, 0.286121434572788, 0.28849375908333813, 0.2936165990767471, 0.29687102822289113, 0.2975073006298712, 0.29746041383431493, 0.3038725419498587, 0.30404450391358717, 0.3048956218137057, 0.30721313847531223, 0.31118464440936444, 0.3099282474218626, 0.31279053610692853, 0.31421573793513574, 0.31617971054468014, 0.3171922268750358, 0.32028298815101475, 0.3203251782781343, 0.3241739743198753, 0.32409362576354794, 0.327213512725114, 0.3250432368547593, 0.32701137787179513, 0.3288721946120377, 0.3299617533771616, 0.332036917992582, 0.33203139453406105, 0.3344848624442334, 0.3380775166158897, 0.33927365577557883, 0.3356504693254738, 0.33875282048452093, 0.3395989083756967, 0.3416115508457372, 0.34358455921939074, 0.34284986083530716, 0.3431719150729279, 0.3451538403519384, 0.34638073704263245, 0.3472437725074237, 0.3493726809256732, 0.3501387532820872, 0.3520944751112101, 0.35298123491757594, 0.35404407705148877, 0.35673101782947125, 0.35849308938598656, 0.35741905574951177, 0.3595247805372567, 0.3619848544854655, 0.3642325916882958, 0.3605291068771717, 0.362756555111665, 0.3633853974963972, 0.36681430587035, 0.36448870551782303, 0.36470714774436785, 0.36470849757445767, 0.3700129888677843, 0.36901269416358534, 0.3712110527976135, 0.37305482024931524, 0.37490767313720497, 0.37483962085226713, 0.3734312495890007, 0.3770443336904876, 0.3790144764593799, 0.3795938136350983, 0.3792715328062464, 0.3797403869108953, 0.3827725264850145, 0.3819538627895879, 0.3827656265924505, 0.38017235092755153, 0.38090566496712247], [0.10340912653269536, 0.10540795203602205, 0.10919637552184007, 0.11462075665163601, 0.12216107993628034, 0.13205719850499628, 0.13997475593405884, 0.14868475130780417, 0.1549196113423789, 0.16343166555480962, 0.17209102688450703, 0.1802544256345917, 0.18708210321190122, 0.19599996763356103, 0.2036024429765762, 0.20824238659447078, 0.21910022140360455, 0.22394631045677973, 0.2316502230897168, 0.23458872654780746, 0.2409082844406136, 0.24706125864776085, 0.2545453637627043, 0.2567583036412619, 0.2599644861276399, 0.2668657157736507, 0.2681857149903611, 0.27344095083618614, 0.2756274026715499, 0.27966502386852227, 0.282649600193298, 0.2866665947738918, 0.28983278741593144, 0.2952769282470578, 0.2945326571709614, 0.29805218561798463, 0.30328438751657766, 0.30315414290493403, 0.3072416980958075, 0.31187427800606676, 0.31344853821609575, 0.3146497282015358, 0.31704660016147856, 0.3164386863971617, 0.32220339048159186, 0.3223321510046609, 0.32331425511309103, 0.324501430984799, 0.32727945034654715, 0.3330625167833421, 0.33039383264303374, 0.3305087490763587, 0.33281196650959566, 0.3350758558224313, 0.33603608487534903, 0.33862912403462314, 0.33863416164167426, 0.3403883350894926, 0.34263551113733703, 0.34364531976631935, 0.3445774663858696, 0.3429166073805212, 0.3470305456056898, 0.3488508648532487, 0.34885956333564627, 0.34988486515171485, 0.3512529327031416, 0.35574652790606104, 0.3515419489572236, 0.3550703441779731, 0.35369574118006325, 0.3553671547727893, 0.3536558865157876, 0.3542175302275638, 0.3574968308099893, 0.3594884110924682, 0.3613119732593498, 0.36021399836209483, 0.35966135710105973, 0.3608209357959676, 0.3616066979265273, 0.36206502484692404, 0.3630502142215339, 0.36312528602037375, 0.3630022970893851, 0.36406356188449823, 0.36341429717896667, 0.36533009820952805, 0.36841286566936726, 0.3676891918474216, 0.3669095596323472, 0.367614585182388, 0.36930935846431356, 0.37019944020346923, 0.36544497963152445, 0.36885342546941313, 0.3698176938433097, 0.3719702602948672, 0.3726707520393903, 0.37285139313102916], [0.1117900604661899, 0.1383817851317461, 0.1626582699211416, 0.1838299084010343, 0.19896586949805137, 0.2116276359529234, 0.22335930050669106, 0.23584168776061468, 0.2422169890534752, 0.24765800373728641, 0.2521796079051007, 0.26204389851284804, 0.2685572488248987, 0.2725442738716492, 0.2810677176646042, 0.28429931093270283, 0.2910654312638737, 0.2933873923898147, 0.29439693274477774, 0.29983061143477574, 0.30476875784190094, 0.3094175680125843, 0.3114329258620105, 0.31633658148610727, 0.31765244485841554, 0.32161111333814935, 0.3233209159368554, 0.325803077761542, 0.3289607656342181, 0.3295806710148528, 0.3353795178795437, 0.3350874333130981, 0.33727146903928096, 0.3400792151174954, 0.3417395664968453, 0.34735971892266393, 0.34650950082484505, 0.34987542734493465, 0.3519722899791787, 0.35236040079980296, 0.3520925451432488, 0.35588085270832026, 0.3579109598270669, 0.36092836831669606, 0.3652175505882516, 0.36809671037698494, 0.36815436433841137, 0.3711225621020234, 0.3703037030958356, 0.3724248161513426, 0.37054540995655444, 0.3734486926371068, 0.37445227948737253, 0.3768878271884188, 0.3817439220346338, 0.3804116465538945, 0.38216572055290715, 0.38389497958938534, 0.38690385961845575, 0.3891622892082965, 0.3844780019291104, 0.3886947931672965, 0.3899532722878442, 0.39045203293998987, 0.3925036635162598, 0.3934955170217944, 0.3942662381470634, 0.39401054502987, 0.39454102771440624, 0.39809400393364947, 0.39713834032670753, 0.3969056044388198, 0.3999336689443217, 0.4022007082966973, 0.40539143565802205, 0.4030633241111504, 0.4044698974720718, 0.4052535099479937, 0.40365599331761215, 0.40477096406328783, 0.40745940563140776, 0.4102249356552897, 0.41320904980705336, 0.41320264309568056, 0.4143384677996691, 0.41373786369936494, 0.4155140502742755, 0.41718058022571464, 0.41511124852019116, 0.41828649181179367, 0.4174985381476706, 0.42005582597720215, 0.41914256040900927, 0.4193803425842015, 0.419836187841812, 0.4202004437545333, 0.4207068738143828, 0.41966645781678835, 0.4199332643056507, 0.42143470757964646], [0.25641756141088284, 0.31292437802738654, 0.35137956316120533, 0.38016945982971023, 0.40209059968277006, 0.4182517720433695, 0.4291309615813874, 0.4419176484449371, 0.4537905595865596, 0.46109707613667456, 0.4665858190559405, 0.4691367878715115, 0.47541979454143457, 0.4825864885661119, 0.48409978933993086, 0.48641641269279434, 0.4934022673888804, 0.49600439703221866, 0.4936286580015129, 0.4985827699101132, 0.497929128331739, 0.5024583990141402, 0.5016219022153747, 0.5018523509009453, 0.5035903657884396, 0.5038277629196874, 0.5057894832613677, 0.5076979734476018, 0.5105488323802692, 0.5097102629317369, 0.5093832033929707, 0.5086003677968192, 0.5108048245770481, 0.5108836597155209, 0.5140282688547535, 0.5132489175089393, 0.5137160106754886, 0.516451800616757, 0.5182340295341914, 0.5149238419071134, 0.5188217211115587, 0.5191883410143674, 0.5189099398888917, 0.5175918431012637, 0.5193081479433467, 0.5203671489573289, 0.5191473598847308, 0.5212175340210715, 0.5212159801229195, 0.5243988067678935, 0.5263078892753451, 0.523641486302069, 0.5231142688275313, 0.5266800833949248, 0.5238227890388067, 0.5231415544403766, 0.5227755799773702, 0.5249982625039291, 0.5250197924119464, 0.5260196960953045, 0.5247518962514013, 0.5255681718758775, 0.5280735331821743, 0.5284750692101302, 0.5267617832352199, 0.5267296542544133, 0.5253309721686914, 0.5294488632850572, 0.5314160428224239, 0.5274235897398035, 0.5258686684499804, 0.5293483261816673, 0.5265976713801697, 0.5289186597931673, 0.5298169691467429, 0.5305919986759966, 0.5276038406716538, 0.5273705021716651, 0.5317324175894419, 0.5303142872730857, 0.5307503271226566, 0.5303006271916384, 0.5300266214617126, 0.5306073107235828, 0.5316157183220988, 0.5318264495845437, 0.5287853421715096, 0.5283664175788113, 0.5291534985142856, 0.5350631340910622, 0.5330903759244953, 0.5319520195784473, 0.5305821054431582, 0.5309556667528482, 0.5332723529664597, 0.5307897560040867, 0.5339549182038859, 0.5320169051502708, 0.5325729362563738, 0.5316682886417123]]
Total Percentage: [[49.331, 49.771, 50.239999999999995, 50.442, 50.967, 51.502, 51.707, 52.27, 52.471999999999994, 53.105999999999995, 53.513999999999996, 53.683, 53.943, 54.32900000000001, 54.349000000000004, 54.568000000000005, 54.911, 55.238, 55.666000000000004, 56.101, 55.981, 56.382, 56.64900000000001, 56.615, 57.077999999999996, 57.156, 57.455, 57.82899999999999, 57.985, 57.952000000000005, 58.324, 58.638999999999996, 58.80800000000001, 58.74, 58.965999999999994, 59.084, 59.185, 59.492, 59.584, 59.455999999999996, 59.851, 59.95700000000001, 60.114000000000004, 60.02499999999999, 60.251, 60.462, 60.31999999999999, 60.611000000000004, 60.766, 60.797000000000004, 61.038000000000004, 61.073, 61.486, 61.49400000000001, 61.019999999999996, 61.285000000000004, 61.611000000000004, 61.795, 62.034, 61.79, 62.159, 62.007, 62.17399999999999, 62.147, 62.147, 62.341, 62.674, 62.497, 62.769, 62.641000000000005, 62.873999999999995, 62.92100000000001, 63.21600000000001, 63.146, 63.31099999999999, 63.348000000000006, 63.468, 63.418, 63.784, 63.772, 63.592000000000006, 63.639, 63.688, 63.788999999999994, 63.839999999999996, 64.072, 64.07300000000001, 64.103, 64.30900000000001, 63.983999999999995, 63.998, 64.25800000000001, 64.31099999999999, 64.32600000000001, 64.481, 64.566, 64.63799999999999, 64.588, 64.78, 64.93900000000001], [43.368, 45.074999999999996, 46.702, 48.172, 49.714000000000006, 50.754, 51.926, 52.491, 53.193, 54.076, 55.028999999999996, 55.569, 56.306, 56.849000000000004, 57.518, 58.024, 58.45399999999999, 58.663, 58.731, 59.148, 59.547000000000004, 59.95, 60.118, 60.449, 60.647, 60.925, 61.108, 61.516000000000005, 61.292, 61.5, 61.887, 62.102999999999994, 62.136, 62.226000000000006, 62.436, 62.53300000000001, 62.913, 62.942, 63.102000000000004, 63.257, 62.949, 63.095, 63.26500000000001, 63.727000000000004, 63.503, 63.595, 63.61599999999999, 63.605000000000004, 63.699, 63.955, 64.025, 63.995000000000005, 63.771, 63.943000000000005, 63.843, 63.824000000000005, 64.30399999999999, 64.414, 64.161, 64.41799999999999, 64.523, 64.704, 64.895, 64.91, 64.901, 64.62299999999999, 64.73400000000001, 64.89, 64.82900000000001, 64.902, 64.777, 65.062, 64.967, 64.884, 65.049, 65.105, 65.257, 65.236, 65.218, 65.04100000000001, 64.832, 64.992, 65.32900000000001, 65.16999999999999, 65.375, 65.45400000000001, 65.19500000000001, 65.41799999999999, 65.668, 65.408, 65.40599999999999, 65.589, 65.749, 65.634, 65.601, 65.66199999999999, 65.507, 65.723, 65.68, 65.65100000000001], [44.471, 44.984, 45.777, 46.535, 47.175, 47.778999999999996, 48.251, 48.68, 48.91, 49.145, 49.586000000000006, 49.646, 49.69, 49.829, 49.903999999999996, 50.209, 50.080000000000005, 50.329, 50.622, 50.615, 50.693999999999996, 50.839, 50.975, 51.261, 51.297000000000004, 51.263000000000005, 51.412, 51.09, 51.275000000000006, 51.495000000000005, 51.648, 51.371, 51.595, 51.675000000000004, 51.902, 52.044999999999995, 52.081999999999994, 51.953, 52.345, 52.379, 52.449, 52.391, 52.239999999999995, 52.445, 52.163000000000004, 52.361000000000004, 52.148, 52.407000000000004, 52.759, 52.795, 52.611, 52.51, 52.747, 52.888000000000005, 52.59700000000001, 52.822, 52.724000000000004, 53.001, 52.937, 53.25299999999999, 53.042, 52.705999999999996, 53.108, 52.852, 53.15800000000001, 52.859, 53.367, 53.225, 53.529, 53.278000000000006, 53.32, 53.502, 53.539, 53.372, 53.437999999999995, 53.42400000000001, 53.433, 53.520999999999994, 53.534000000000006, 53.442, 53.586999999999996, 53.952, 53.894, 53.913, 53.986000000000004, 54.129000000000005, 54.035999999999994, 53.996, 53.927, 54.16, 53.855, 54.221, 53.888999999999996, 53.98, 54.127, 54.063, 54.447, 54.283, 53.903999999999996, 54.103], [43.002, 43.46, 44.102999999999994, 45.33, 46.329, 47.585, 48.687000000000005, 49.708999999999996, 50.554, 51.097, 51.702000000000005, 52.568000000000005, 53.001, 53.398999999999994, 53.910000000000004, 54.518, 54.978, 55.16, 55.361000000000004, 55.661, 55.959, 55.964999999999996, 56.387, 56.69800000000001, 56.977, 56.830999999999996, 57.237, 57.232000000000006, 57.522, 57.741, 57.464000000000006, 57.78, 57.87799999999999, 57.943, 58.352000000000004, 58.138999999999996, 58.105, 58.335, 58.524, 58.714, 58.584, 58.65899999999999, 58.32000000000001, 58.989999999999995, 58.89, 58.901, 58.924, 59.03, 59.107, 58.744, 59.107, 59.099999999999994, 59.56399999999999, 59.375, 59.197, 59.27, 59.51, 59.507, 59.621, 59.79600000000001, 59.650999999999996, 59.589999999999996, 59.882999999999996, 59.872, 59.89600000000001, 59.805, 59.968999999999994, 60.059, 60.071, 60.016999999999996, 59.795, 59.873, 60.009, 59.946999999999996, 60.197, 60.25, 60.233000000000004, 60.326, 60.23500000000001, 60.55500000000001, 60.226, 60.132, 60.437, 60.289, 60.236999999999995, 60.437, 60.355000000000004, 60.467000000000006, 60.382999999999996, 60.51800000000001, 60.582, 60.604, 60.724999999999994, 60.659, 60.63499999999999, 60.545, 60.671, 60.709, 60.580999999999996, 60.775], [39.288000000000004, 39.725, 39.172000000000004, 39.108, 39.566, 39.854, 40.428, 40.425, 40.582, 41.138000000000005, 40.918, 41.43, 41.93, 41.848, 42.543, 42.466, 42.762, 42.997, 43.445, 43.3, 43.748, 43.844, 44.208, 44.226, 45.001999999999995, 45.296, 45.482, 45.449, 45.473, 45.945, 46.06, 46.056999999999995, 46.506, 46.58, 46.476, 47.116, 46.821, 47.378, 47.208, 47.487, 47.514, 47.802, 47.857, 47.984, 48.044, 47.79, 48.510999999999996, 48.419000000000004, 48.516999999999996, 48.629, 48.884, 48.728, 49.086999999999996, 49.07, 49.407000000000004, 49.446, 49.444, 49.447, 49.521, 49.721, 49.878, 49.954, 50.05500000000001, 50.358000000000004, 50.425, 50.303, 50.446000000000005, 50.548, 50.739999999999995, 50.608, 50.763999999999996, 51.076, 51.083999999999996, 50.787000000000006, 50.94800000000001, 51.285000000000004, 51.122, 51.407000000000004, 51.624, 51.847, 51.839, 51.76500000000001, 51.538, 51.855, 51.713, 52.054, 52.135, 52.300999999999995, 52.190999999999995, 52.237, 52.747, 52.578, 52.952999999999996, 52.586, 52.910000000000004, 52.937999999999995, 52.823, 52.483000000000004, 52.894, 52.893], [47.187, 48.327, 49.19, 49.886, 51.259, 51.917, 52.791999999999994, 53.82, 54.677, 55.296, 56.16799999999999, 56.92700000000001, 57.647000000000006, 58.314, 58.955999999999996, 59.331999999999994, 59.706, 60.446, 61.29900000000001, 61.62800000000001, 61.864, 62.27, 62.632, 63.269, 63.632, 64.276, 64.16, 64.482, 64.72, 64.979, 65.40899999999999, 65.759, 65.613, 65.962, 66.142, 66.509, 66.45100000000001, 66.82900000000001, 67.19800000000001, 67.472, 67.46799999999999, 67.852, 67.81099999999999, 68.07, 67.96900000000001, 68.39699999999999, 68.464, 68.684, 68.705, 69.077, 69.272, 69.368, 69.045, 69.089, 69.492, 69.757, 69.69, 69.831, 69.8, 69.961, 70.246, 70.502, 70.50699999999999, 70.52000000000001, 70.597, 70.535, 70.738, 70.946, 70.544, 70.682, 71.006, 71.15700000000001, 71.0, 71.306, 71.21600000000001, 71.242, 71.46000000000001, 71.32, 71.46000000000001, 71.391, 71.828, 71.80199999999999, 71.785, 71.813, 71.852, 71.792, 71.761, 71.963, 72.068, 72.166, 72.318, 72.08, 72.142, 72.54899999999999, 72.492, 72.529, 72.34, 72.41300000000001, 72.614, 72.603], [35.437000000000005, 37.315, 38.951, 40.479, 42.028999999999996, 43.445, 44.589, 45.657, 46.715, 47.732, 48.506, 48.933, 49.672, 50.300999999999995, 50.902, 51.437, 51.902, 52.235, 52.788000000000004, 52.971999999999994, 53.105999999999995, 53.614, 53.852, 54.044000000000004, 54.449999999999996, 54.296, 54.458, 55.06100000000001, 55.208999999999996, 55.382, 55.403999999999996, 55.888000000000005, 55.891000000000005, 55.972, 56.04599999999999, 56.426, 56.364999999999995, 56.410000000000004, 56.62199999999999, 56.802, 56.940999999999995, 57.181000000000004, 57.077, 57.481, 57.294999999999995, 57.522, 57.422, 57.462999999999994, 57.647000000000006, 57.75, 57.858, 57.877, 58.19499999999999, 58.333999999999996, 58.544, 58.062999999999995, 58.353, 58.424, 58.547000000000004, 58.601000000000006, 58.511, 58.592, 58.853, 59.045, 58.855999999999995, 59.114999999999995, 59.184000000000005, 59.40800000000001, 59.494, 59.458, 59.655, 59.766, 59.768, 59.906000000000006, 59.921, 60.305, 59.985, 60.187000000000005, 60.14699999999999, 60.595, 60.238, 60.209, 60.169, 60.785999999999994, 60.453, 60.75000000000001, 60.865, 61.049, 60.986, 60.756, 61.153999999999996, 61.346999999999994, 61.328, 61.243, 61.407000000000004, 61.522, 61.511, 61.458999999999996, 61.438, 61.282000000000004], [42.852000000000004, 43.284, 43.849, 44.536, 45.491, 46.650999999999996, 47.506, 48.469, 49.227, 49.995, 50.852, 51.644999999999996, 52.278000000000006, 53.159, 53.796, 54.321, 55.31, 55.724, 56.359, 56.591, 57.009, 57.604, 58.297, 58.376, 58.574000000000005, 59.16400000000001, 59.338, 59.682, 59.996, 60.141, 60.441, 60.839, 61.090999999999994, 61.521, 61.324999999999996, 61.644, 62.077000000000005, 61.967000000000006, 62.315, 62.62, 62.638000000000005, 62.845, 63.202000000000005, 63.071999999999996, 63.392, 63.39900000000001, 63.428, 63.539, 63.683, 64.107, 63.888999999999996, 64.01599999999999, 64.061, 64.181, 64.18700000000001, 64.486, 64.492, 64.645, 64.781, 64.802, 64.917, 64.78, 65.038, 65.226, 65.095, 65.259, 65.29, 65.621, 65.423, 65.496, 65.431, 65.629, 65.577, 65.479, 65.803, 65.862, 66.071, 66.02799999999999, 65.89399999999999, 65.913, 65.985, 66.142, 66.14999999999999, 66.16499999999999, 66.11399999999999, 66.146, 66.046, 66.13799999999999, 66.487, 66.46, 66.37100000000001, 66.43, 66.50500000000001, 66.593, 66.102, 66.506, 66.541, 66.7, 66.776, 66.754], [43.685, 46.052, 48.043, 49.742, 50.849999999999994, 51.788000000000004, 52.727000000000004, 53.724000000000004, 54.20700000000001, 54.53, 54.882, 55.489999999999995, 55.997, 56.328, 56.899, 57.11000000000001, 57.663, 57.733000000000004, 57.699999999999996, 58.116, 58.434, 58.949, 59.041999999999994, 59.392, 59.399, 59.687, 59.792, 60.01, 60.304, 60.341, 60.61299999999999, 60.673, 60.648, 60.864, 61.095, 61.419999999999995, 61.29599999999999, 61.61, 61.733000000000004, 61.778999999999996, 61.828, 61.983999999999995, 61.99, 62.388999999999996, 62.583999999999996, 62.902, 62.806, 63.065000000000005, 63.015, 63.083, 62.975, 63.178, 63.20099999999999, 63.342, 63.78, 63.660000000000004, 63.663000000000004, 63.88, 64.093, 64.352, 63.775000000000006, 64.333, 64.2, 64.17500000000001, 64.384, 64.42, 64.455, 64.41799999999999, 64.41799999999999, 64.86, 64.765, 64.737, 64.79, 65.064, 65.28, 65.255, 65.289, 65.274, 65.045, 65.392, 65.385, 65.464, 65.755, 65.871, 65.744, 65.659, 65.77499999999999, 65.987, 65.834, 66.06400000000001, 66.011, 66.069, 66.082, 66.123, 66.13900000000001, 66.096, 66.182, 66.10000000000001, 66.233, 66.244], [57.142, 60.711000000000006, 63.058, 64.72099999999999, 65.879, 66.658, 67.108, 67.792, 68.444, 68.865, 69.081, 69.00800000000001, 69.377, 69.798, 69.913, 69.94399999999999, 70.509, 70.428, 70.337, 70.431, 70.294, 70.638, 70.504, 70.38799999999999, 70.49, 70.60300000000001, 70.827, 70.808, 70.92500000000001, 70.998, 70.71499999999999, 70.773, 70.839, 70.786, 71.03699999999999, 71.003, 71.00800000000001, 71.108, 71.263, 71.04599999999999, 71.221, 71.25, 71.081, 71.06700000000001, 71.18100000000001, 71.33800000000001, 71.233, 71.258, 71.271, 71.392, 71.443, 71.321, 71.363, 71.6, 71.451, 71.325, 71.145, 71.37, 71.35000000000001, 71.346, 71.403, 71.354, 71.563, 71.423, 71.275, 71.284, 71.33800000000001, 71.41199999999999, 71.66, 71.375, 71.151, 71.488, 71.25200000000001, 71.571, 71.432, 71.443, 71.319, 71.231, 71.555, 71.49799999999999, 71.556, 71.39999999999999, 71.571, 71.60600000000001, 71.64, 71.42699999999999, 71.32300000000001, 71.354, 71.253, 71.776, 71.608, 71.574, 71.544, 71.394, 71.61800000000001, 71.268, 71.635, 71.392, 71.634, 71.512]]
Total Delta Gamma: [1.83114098 1.66304458 1.82090414 1.7920294  1.85807237 1.9627638
 1.69694254 1.92300686 1.73770125 1.8776962 ]
Total Delta R: [1.64480035 1.87766737 1.72051644 1.5997496  1.58995178 1.72273184
 1.42503244 1.55766838 1.61677526 1.70229554]
