Complexity increased keeping gamma very unbalanced, and increasing K (K=5)
==================================================

N (neurons): 3
K (states): 5
T (time steps): 50000
Seed: None
Number of repetitions: 10
Number of iterations: 100

Initialization of parameters for HMM:
Pi: [1 0 0 0 0]
Gamma: [[0.8  0.05 0.05 0.05 0.05]
 [0.05 0.8  0.05 0.05 0.05]
 [0.05 0.05 0.8  0.05 0.05]
 [0.05 0.05 0.05 0.8  0.05]
 [0.05 0.05 0.05 0.05 0.8 ]]
R: [[0.5        0.         0.5        0.         0.33333333]
 [0.         0.5        0.5        0.         0.        ]
 [0.5        0.         0.         0.5        0.33333333]
 [0.         0.5        0.         0.5        0.33333333]]

Generated data:
Generated firings (y): [0 0 2 2 2 2 0 0 0 2 0 3 2 0 3 3 3 3 2 0 0 2 3 3 3 3 3 1 1 1 3 3 3 0 0 2 2
 2 0 2 1 1 1 3 3 1 1 1 1 1 1 1 1 3 3 3 3 0 3 3 3 1 3 1 1 3 1 1 3 3 3 1 3 3
 3 3 1 3 1 1 3 2 3 2 0 0 3 3 3 3 3 3 3 0 0 3 1 3 1 1]... (showing first 100 entries)
Generated states (z): [0 0 0 0 0 0 0 0 0 0 0 4 4 4 4 4 4 4 4 4 4 4 4 1 1 1 1 1 1 1 3 3 3 4 0 0 0
 0 0 0 1 1 1 3 3 1 1 1 1 1 1 1 1 1 1 1 4 0 1 1 1 1 1 1 1 1 1 1 1 1 1 1 1 1
 1 1 1 1 1 1 1 4 4 4 4 4 4 4 4 1 1 1 1 0 0 1 1 1 1 1]... (showing first 100 entries)

Estimated parameters:
Estimated Pi: [array([0.52766335, 0.22997983, 0.01385323, 0.13163238, 0.09687122]), array([0.35421016, 0.10403182, 0.25187568, 0.17244961, 0.11743274]), array([0.26709262, 0.25004874, 0.3298017 , 0.03380171, 0.11925522]), array([0.14160529, 0.20562982, 0.13961871, 0.24899538, 0.2641508 ]), array([0.14112202, 0.61801666, 0.00318252, 0.2331642 , 0.0045146 ]), array([0.06451796, 0.05457687, 0.18063394, 0.67197869, 0.02829253]), array([0.36351785, 0.22771063, 0.07174528, 0.21824064, 0.1187856 ]), array([0.32776979, 0.41691128, 0.00132252, 0.20865694, 0.04533947]), array([0.02501539, 0.32163306, 0.51840955, 0.08905231, 0.04588969]), array([0.02410168, 0.4352842 , 0.16989543, 0.19188669, 0.178832  ])]
Estimated Gamma: [array([[0.24438563, 0.38304543, 0.0498704 , 0.25301612, 0.06968243],
       [0.05619007, 0.45568784, 0.15062726, 0.29060067, 0.04689416],
       [0.14510506, 0.07606638, 0.60324032, 0.02679977, 0.14878847],
       [0.06904657, 0.46031362, 0.32484122, 0.0650964 , 0.08070219],
       [0.39071718, 0.15275353, 0.31246126, 0.12626031, 0.01780772]]), array([[0.65042758, 0.02279549, 0.1748703 , 0.07518323, 0.0767234 ],
       [0.03121131, 0.29930169, 0.06198649, 0.45171187, 0.15578865],
       [0.31759494, 0.26645177, 0.1864106 , 0.03633683, 0.19320586],
       [0.17135388, 0.50892736, 0.18549349, 0.06628848, 0.06793678],
       [0.12060497, 0.12333595, 0.03002859, 0.02219992, 0.70383057]]), array([[0.36421052, 0.11726278, 0.32389184, 0.08146147, 0.11317338],
       [0.02881839, 0.16172057, 0.12025674, 0.10934612, 0.57985817],
       [0.09163031, 0.16513943, 0.60657881, 0.10711306, 0.02953839],
       [0.35845781, 0.35831321, 0.01166717, 0.01039331, 0.2611685 ],
       [0.07566266, 0.39107162, 0.06683708, 0.19745104, 0.26897759]]), array([[0.42479002, 0.11629846, 0.03379264, 0.10133267, 0.32378621],
       [0.04233459, 0.16333289, 0.19891633, 0.06042606, 0.53499013],
       [0.15085584, 0.30193035, 0.29297321, 0.23175186, 0.02248875],
       [0.24672326, 0.22398679, 0.16587872, 0.31804574, 0.04536549],
       [0.29345783, 0.17400624, 0.23796952, 0.27953138, 0.01503503]]), array([[0.28551151, 0.16891779, 0.25595748, 0.23281088, 0.05680234],
       [0.01493996, 0.12385352, 0.12449406, 0.73062894, 0.00608353],
       [0.04539563, 0.01375265, 0.68290656, 0.20181243, 0.05613271],
       [0.41008296, 0.04674875, 0.0499295 , 0.34661837, 0.14662042],
       [0.00124574, 0.06938374, 0.09537904, 0.22731244, 0.60667904]]), array([[0.20422061, 0.48012478, 0.13138929, 0.03384804, 0.15041729],
       [0.15116791, 0.18404584, 0.01757488, 0.06231579, 0.58489557],
       [0.21992628, 0.09863602, 0.1243264 , 0.47000191, 0.0871094 ],
       [0.10143874, 0.19139001, 0.17040568, 0.53573564, 0.00102993],
       [0.26532104, 0.58556285, 0.01204065, 0.02861578, 0.10845968]]), array([[0.10441202, 0.39469285, 0.26971967, 0.10793182, 0.12324363],
       [0.21987271, 0.55574316, 0.02779394, 0.00246522, 0.19412496],
       [0.05893266, 0.15527764, 0.20866675, 0.01140544, 0.56571751],
       [0.02085218, 0.06034866, 0.13769647, 0.50568773, 0.27541497],
       [0.1232266 , 0.14655796, 0.10307385, 0.20299963, 0.42414196]]), array([[5.71389401e-01, 2.16881097e-01, 1.59882322e-01, 5.11596135e-02,
        6.87565884e-04],
       [8.48935701e-02, 6.85299392e-02, 4.84317611e-02, 4.89196913e-01,
        3.08947817e-01],
       [1.15280110e-01, 6.55275233e-02, 7.13608445e-01, 6.26777264e-02,
        4.29061955e-02],
       [3.32300717e-01, 1.46434858e-01, 3.54111411e-01, 5.73907649e-02,
        1.09762249e-01],
       [5.38417636e-02, 5.34641298e-02, 4.07647670e-02, 1.65040452e-01,
        6.86888887e-01]]), array([[0.10930064, 0.20630445, 0.11749133, 0.16649584, 0.40040774],
       [0.23633764, 0.14828986, 0.28814855, 0.29430365, 0.0329203 ],
       [0.03364928, 0.88242411, 0.01450277, 0.0190113 , 0.05041253],
       [0.34502192, 0.3598664 , 0.09048795, 0.16262291, 0.04200082],
       [0.1610989 , 0.13469338, 0.00495964, 0.13458959, 0.5646585 ]]), array([[0.55986585, 0.06234705, 0.23184895, 0.11090503, 0.03503312],
       [0.05400787, 0.57496083, 0.20164449, 0.0025039 , 0.16688291],
       [0.28600263, 0.07209393, 0.05690067, 0.07823375, 0.50676902],
       [0.23379295, 0.09233109, 0.04328787, 0.13682298, 0.49376511],
       [0.39708756, 0.20003989, 0.19089455, 0.10974653, 0.10223147]])]
Estimated R: [array([[0.51120649, 0.45738992, 0.04732988, 0.21087548, 0.12553904],
       [0.05609919, 0.0357747 , 0.42479339, 0.09944838, 0.39115439],
       [0.22811206, 0.30697769, 0.17449442, 0.35909558, 0.319843  ],
       [0.20458227, 0.19985768, 0.35338231, 0.33058056, 0.16346356]]), array([[0.5224549 , 0.10262489, 0.44638474, 0.23951986, 0.06365949],
       [0.40811886, 0.02361233, 0.1905868 , 0.01993704, 0.21559985],
       [0.06143692, 0.58814099, 0.24630336, 0.66111432, 0.0603846 ],
       [0.00798933, 0.28562179, 0.11672511, 0.07942878, 0.66035606]]), array([[0.41669284, 0.15847504, 0.52694842, 0.05031632, 0.14466867],
       [0.33781074, 0.10235288, 0.36990293, 0.31327954, 0.02493199],
       [0.11866138, 0.46598838, 0.09223275, 0.55903046, 0.1785207 ],
       [0.12683504, 0.27318371, 0.01091589, 0.07737369, 0.65187863]]), array([[0.29137613, 0.19566735, 0.13945262, 0.27284902, 0.41505964],
       [0.12933878, 0.40822812, 0.08591548, 0.24735468, 0.16201598],
       [0.5755966 , 0.1600863 , 0.01175857, 0.38877706, 0.07306068],
       [0.00368849, 0.23601823, 0.76287333, 0.09101925, 0.34986371]]), array([[0.22124839, 0.6794746 , 0.03153511, 0.53158966, 0.08327094],
       [0.08611555, 0.06941343, 0.05585279, 0.10750201, 0.77325162],
       [0.6426789 , 0.10072196, 0.25825857, 0.2159182 , 0.00814598],
       [0.04995715, 0.15039001, 0.65435353, 0.14499013, 0.13533145]]), array([[0.03881308, 0.17579066, 0.36993423, 0.81335269, 0.22441478],
       [0.18145989, 0.30792258, 0.09958285, 0.06658256, 0.18690272],
       [0.43833849, 0.326393  , 0.51021397, 0.10207065, 0.07688771],
       [0.34138854, 0.18989376, 0.02026896, 0.0179941 , 0.51179479]]), array([[0.47597875, 0.28179555, 0.11838946, 0.23797144, 0.24464624],
       [0.08621121, 0.02666564, 0.09417057, 0.68173411, 0.20510531],
       [0.10583475, 0.63686452, 0.08790883, 0.0090664 , 0.18864728],
       [0.33197529, 0.05467429, 0.69953114, 0.07122805, 0.36160118]]), array([[0.47453454, 0.59543485, 0.00874814, 0.37748294, 0.20527648],
       [0.00508941, 0.00154555, 0.08979095, 0.30451322, 0.67753042],
       [0.47479904, 0.21830083, 0.27204428, 0.27540642, 0.01085553],
       [0.04557701, 0.18471877, 0.62941663, 0.04259743, 0.10633757]]), array([[0.13098692, 0.4690373 , 0.58253543, 0.06144633, 0.11688853],
       [0.23998389, 0.20192962, 0.17045703, 0.39716971, 0.04489401],
       [0.13639814, 0.25595594, 0.23927709, 0.4301719 , 0.25730706],
       [0.49263104, 0.07307714, 0.00773044, 0.11121207, 0.5809104 ]]), array([[0.00915517, 0.59994744, 0.3903541 , 0.34945843, 0.26502476],
       [0.30870354, 0.04804737, 0.14904252, 0.15771291, 0.2350988 ],
       [0.31895609, 0.26562118, 0.01958192, 0.43324168, 0.2938654 ],
       [0.36318521, 0.08638401, 0.44102146, 0.05958698, 0.20601104]])]

Total NMI: [[0.1059144922332257, 0.10572122793741014, 0.10581377203186532, 0.10923297779963287, 0.11010104401408168, 0.11066075395120796, 0.11258079165565725, 0.10942556459926338, 0.11446586214523426, 0.11298196217109967, 0.11431569264499929, 0.11370347634776701, 0.11587974673527984, 0.11578916292025782, 0.11942662087166608, 0.11761052332724999, 0.11653916188498571, 0.12269999580764603, 0.12120105589425285, 0.12303017380591198, 0.12162770318114954, 0.12294510703870279, 0.12167880631278497, 0.12589849085918406, 0.12635472263377429, 0.12372076511314334, 0.12502123228770418, 0.13011672490831483, 0.12477486373949984, 0.12585723419866837, 0.13218138867154208, 0.1331522317497883, 0.13163046465264833, 0.13215248113294867, 0.13211049780925582, 0.13214695448917876, 0.13308051910381408, 0.1319857364649462, 0.1362025154629992, 0.1354176793179983, 0.13672619450929788, 0.13631578274889747, 0.1368617101386216, 0.14281797713263522, 0.14130787535772396, 0.13709574254734427, 0.13937021112993261, 0.14329520389224537, 0.13669069373972975, 0.13848185620537037, 0.1418938986654664, 0.14009090544243136, 0.1430036554946014, 0.14557517483067545, 0.14133163597636716, 0.14600498934137643, 0.14383239685218754, 0.1409149579059918, 0.14588886207371876, 0.14525959170043765, 0.1437186973468554, 0.14740514854252595, 0.14617934018811082, 0.14929825531899982, 0.14872508231619222, 0.1504236437823895, 0.1515716436708406, 0.150447209447269, 0.1490012119788981, 0.14806726653899838, 0.14658867895243433, 0.14990473243118266, 0.1534672277909208, 0.15133817367125965, 0.1492407911517167, 0.1477850261007277, 0.15212835544161646, 0.15317942337804913, 0.1539782148870463, 0.15452228783205685, 0.1546919929874973, 0.15105575774375743, 0.14905916393883312, 0.15121131507330962, 0.1537605145815633, 0.1562700217726794, 0.155692419892818, 0.15436295830702668, 0.16006196235446724, 0.1599011236158489, 0.15557638579376568, 0.15829222158220058, 0.1555369449254129, 0.15703876680990125, 0.15745322820562266, 0.15689932620625788, 0.1576970984711492, 0.16173672237271583, 0.15635390804716348, 0.1632154316802316], [0.17390412730129257, 0.188665681491144, 0.19659359039195862, 0.20873811192603758, 0.21984368434169296, 0.22733650840859893, 0.23445889585503468, 0.23904928672559436, 0.24074086384893795, 0.24893026579990707, 0.2549343810981227, 0.257691857348603, 0.2636474505488486, 0.2578007418356239, 0.26306117981765426, 0.2646220048025015, 0.26873397369521884, 0.27253201671639476, 0.2782704811229947, 0.27932675289107173, 0.281345809835956, 0.28502124901919096, 0.2824736650653229, 0.28165133990638674, 0.2845842418282809, 0.29551711679337644, 0.2918372079107734, 0.2938341960165988, 0.294945591242501, 0.2967271514196436, 0.30096622123950717, 0.29975097571383397, 0.29970377417915656, 0.30070478186240845, 0.3007616398709295, 0.3016487627935853, 0.30305922140104485, 0.2992321044769699, 0.30187597554083617, 0.3017553474262361, 0.30285260231848693, 0.3083929349173887, 0.3067915023810721, 0.3049253515119716, 0.30886728848077005, 0.3083121486363889, 0.3147279926450309, 0.31903032520431707, 0.3164962504568976, 0.3164250710538537, 0.3174197007827675, 0.31503259228018615, 0.316493793102425, 0.31662395612244365, 0.3165419945327563, 0.3166709218254807, 0.3131782899873975, 0.314993464669359, 0.3156228510915656, 0.31684172962274476, 0.3245076112588001, 0.32238947202853196, 0.3240847479075232, 0.3229852322863998, 0.32981562829373556, 0.3239101245170124, 0.32308781337540693, 0.32212665862908996, 0.32658411684569977, 0.32692832875832173, 0.3297622453303082, 0.3329392207574428, 0.32232666645379543, 0.32196437002785855, 0.3256171603756336, 0.3254860871826468, 0.33051986964224805, 0.3322293971128794, 0.33106827267981215, 0.33193653722269834, 0.3342119978646641, 0.33160727238497495, 0.33410454236082393, 0.33432301976656514, 0.33360679987437947, 0.3309777298972598, 0.3335460583929069, 0.3314143007537237, 0.33409998747138203, 0.33527696175109056, 0.3333930361448575, 0.3341007404993676, 0.33841977466421935, 0.3394684371888371, 0.33891982094636564, 0.3418193561319246, 0.33872871169067464, 0.341298743210456, 0.3393391187422604, 0.33784019415396044], [0.11592045883934846, 0.12489503091946226, 0.12525834281678416, 0.12945514675368092, 0.1337091611040427, 0.1377316862601564, 0.1425312397240349, 0.1424704492823778, 0.14634941577340196, 0.1499190406444063, 0.15266602653050856, 0.15724239422507744, 0.15804000662003156, 0.16028018860328383, 0.16345316407971527, 0.15998233035104217, 0.16359968567211852, 0.17106829606772758, 0.17537174165206096, 0.17160561225227255, 0.1783100529270958, 0.17640594504134888, 0.17924294797600485, 0.17859320892242242, 0.17866565634372833, 0.18029392725964938, 0.18216452385414134, 0.17957971199229442, 0.17954036056127765, 0.1833986414348065, 0.1866349297480641, 0.18820710601515608, 0.18902033033082125, 0.1877823722173895, 0.18600093030396456, 0.1833877110385317, 0.18655046181825843, 0.1880727075590207, 0.19053531050640854, 0.189472329509471, 0.18837703837943862, 0.1914817701996801, 0.19390397698159825, 0.19220650061193145, 0.19172354754444706, 0.19623931643305423, 0.18970413714707415, 0.19421898172570565, 0.2000180302913259, 0.1951568802200597, 0.19635728407597766, 0.19724890822172964, 0.1966998088681369, 0.197551030960387, 0.19426379715249917, 0.2009909503714787, 0.19558616797058762, 0.1949070352374592, 0.19863429945684968, 0.2017375749240122, 0.20235262294202994, 0.19791750395375662, 0.20039420382861484, 0.20135951349118372, 0.20240313986865216, 0.20055737626330095, 0.2026142860381197, 0.20379460857565038, 0.20309101738221005, 0.20219961243247445, 0.20332760334597721, 0.20167852753970827, 0.2083408871343117, 0.20643256864500126, 0.20007690154394864, 0.20531995188044663, 0.20648738838541256, 0.20463646874579805, 0.20443903801592064, 0.20806524922619296, 0.2098610089624409, 0.20758457364640912, 0.2062000994276095, 0.20649584636897972, 0.20758194851875178, 0.20836665963712023, 0.21072812322490603, 0.21025260244609137, 0.21120663267308762, 0.20883879727768193, 0.2082029337012737, 0.2049184284933119, 0.20904770980020504, 0.20447342158589624, 0.20906551871532253, 0.21208970388690804, 0.21034030688417515, 0.20896050452483259, 0.2120370070430734, 0.2117725383855728], [0.1418342621956581, 0.13783978213751025, 0.1410586083255016, 0.14048117355394582, 0.1401133236879937, 0.14037485916259215, 0.1438922697920905, 0.14141633735419365, 0.13805224795966928, 0.1391109147735471, 0.14245730453722455, 0.14465492549012587, 0.1460458134049249, 0.1438941409053268, 0.14474693118582857, 0.1456706640097132, 0.1445566225566359, 0.14740700407659885, 0.14559029763352285, 0.15050372448313182, 0.1496865337596822, 0.14404579683110885, 0.14494575164205778, 0.1447278620696735, 0.1489227767584182, 0.15162128629388752, 0.14960478723573425, 0.14951080301645672, 0.15026782718355283, 0.14839922679973894, 0.14694660798733006, 0.14723627833608202, 0.15195870849168927, 0.15146710753917358, 0.1487507095307095, 0.15002033759301742, 0.15157426180681602, 0.1499253413649459, 0.1475079506346115, 0.1531616721941884, 0.15338137176180597, 0.15423104212658922, 0.157056236877407, 0.15312544961575328, 0.1533967544609713, 0.15573351374938188, 0.1523066127750688, 0.15501881199334103, 0.1546882057577354, 0.15502273032387337, 0.1534344668228792, 0.15361280235126848, 0.1560515737638881, 0.15455837969920388, 0.15514670106340714, 0.15524744484315903, 0.15485646874916956, 0.1593300063750124, 0.15482102324537514, 0.15499536651127854, 0.1565112527952281, 0.15916377079754007, 0.15365852055506293, 0.15398774194535617, 0.15443807508477334, 0.15866189775762723, 0.16063112496303264, 0.1575225698975723, 0.1597085288586143, 0.15506697386581086, 0.15451621556367026, 0.15761527772123463, 0.1559828226516632, 0.1576264678468021, 0.15944860533974436, 0.15780339459797577, 0.1646402062749957, 0.16062024491418114, 0.15793705861127252, 0.16265529031442763, 0.16174096267634056, 0.1634431603994301, 0.16379932380245998, 0.16049807744274439, 0.1582185478828991, 0.15819636619505936, 0.16251330281556647, 0.16471642930446379, 0.16063511256329815, 0.1595574524146138, 0.1627821733034171, 0.16230549011801518, 0.163256445329521, 0.16333914859513116, 0.16140769803068533, 0.16354095394528703, 0.1638239052341837, 0.16108236516458324, 0.16373199308579403, 0.16376641029201036], [0.13008498447419212, 0.13845232014620795, 0.1478373478745054, 0.1619345520250651, 0.1657992950022007, 0.17624963822503734, 0.1828537174313441, 0.18653319918554376, 0.1941546328094522, 0.199513323808292, 0.20959737219260582, 0.21241121886656636, 0.2158425693981191, 0.22288664504780695, 0.21908698681214245, 0.22653982654914906, 0.23202040282911324, 0.2352189580025009, 0.2390814988337957, 0.2361785205180077, 0.2412519644209555, 0.24375641698532535, 0.25069502535379756, 0.2522863814929821, 0.2542514033770249, 0.2571739846804251, 0.2552270289721765, 0.2557040584518552, 0.2582623240533473, 0.26210011635283165, 0.2614201794057864, 0.26521446994007547, 0.26947913200157353, 0.27047689995527846, 0.2764522699296561, 0.27239247030397584, 0.28146865713035146, 0.2771644866563366, 0.28083566795743703, 0.2757620670629069, 0.2734187852813969, 0.28204137200815776, 0.27937764054866954, 0.2781671083310966, 0.2780134119993661, 0.28495100058101636, 0.28702281301128896, 0.2855573194729219, 0.28857794004798815, 0.28933279002601586, 0.29272107569658096, 0.29663528037727205, 0.2969948249728457, 0.2948312639197862, 0.29866488366401917, 0.29837365310716096, 0.29802038807055753, 0.29930392639656295, 0.30193814394993546, 0.29753141924608956, 0.29890705483225677, 0.30169317444629173, 0.30408204801202116, 0.30422135965991653, 0.30211243476160726, 0.30689807499465593, 0.3123884414432258, 0.30932730417898935, 0.3121977864485579, 0.3089117270191886, 0.30511069290220355, 0.30803565405409183, 0.3088862885707681, 0.31067553071386816, 0.31070504903684093, 0.31244606670742, 0.3132425510660096, 0.30887729156852023, 0.31489318098982244, 0.3185911434298799, 0.31387057904146304, 0.31565799017677565, 0.3121486606046516, 0.3134703302554472, 0.317369533327371, 0.31462121490633743, 0.318295213434731, 0.3208223911240001, 0.31871466469855836, 0.3220875700301978, 0.3227209553249212, 0.31774462866381986, 0.32036122849640575, 0.3233788909899395, 0.32588899920342834, 0.32182210904024416, 0.325084589939389, 0.32585825066070145, 0.32251269330123855, 0.325352193186473], [0.18035268085818257, 0.17231582731593684, 0.17189421500826912, 0.17177242685867442, 0.17657191440946193, 0.1774501437142362, 0.18144710433978586, 0.18164079182275406, 0.18400929186065168, 0.18200046751530508, 0.18774493578053023, 0.18672712847775907, 0.18874619111351437, 0.1895440915123511, 0.19079211120741857, 0.19144825657405456, 0.20025057782121675, 0.19382405937139585, 0.19651763773747935, 0.19672352886008213, 0.19766392519759274, 0.19893642193504418, 0.19806808084014674, 0.2017646650191015, 0.19809829786312969, 0.2006661902086268, 0.20316320865568377, 0.2038702143423441, 0.20517270542622962, 0.20827139917193305, 0.20473406356416993, 0.20517656278312224, 0.20803710938742154, 0.20820325741224396, 0.2108709315485937, 0.20586196233054013, 0.20705728293475756, 0.20943163659933373, 0.20875561051319094, 0.20892302127360463, 0.20862902797363822, 0.21127927789634618, 0.20898004397626696, 0.21736839177699468, 0.21296785730192963, 0.21475353864967725, 0.21644458860106447, 0.21314300303691658, 0.21428565790483137, 0.21355616457927606, 0.21442458895276018, 0.21150851181003022, 0.21551148104708812, 0.21220225397991313, 0.21417260643587385, 0.21322751366052092, 0.2148927038796758, 0.21608919828429005, 0.21502379968036034, 0.21244730008972695, 0.21461288441607196, 0.21500011769552815, 0.21322326363131996, 0.21700910447522362, 0.21745799073230648, 0.21913534825475406, 0.21828295965697397, 0.2195719621915685, 0.21785198963026034, 0.22107207183427988, 0.2216870808556159, 0.22213527697652877, 0.22019474480602683, 0.21641115019951268, 0.2241910567377647, 0.22516090763799185, 0.22239432752616325, 0.22266806241351264, 0.22421423653147185, 0.22175856837313995, 0.22401524042598212, 0.22516358684735785, 0.22640194364674152, 0.2253435326595565, 0.2233972580632077, 0.22757997487665357, 0.22710691672487943, 0.2288315023541262, 0.22843245002018775, 0.22691414143812563, 0.2259921895331108, 0.2278453295435635, 0.224336135864392, 0.22424218568570986, 0.2297495403768933, 0.22987155265734677, 0.2253964456979818, 0.23153142457555462, 0.2244219712754244, 0.22573800064499724], [0.06683624895658208, 0.0717568370886889, 0.07303656200417108, 0.07451895205432804, 0.07983115671459541, 0.08130385462670625, 0.08649035584068865, 0.08885530023190391, 0.09355814104674762, 0.09780450224153905, 0.10178347272204026, 0.10964032024281108, 0.1126299439368352, 0.11562724015084845, 0.1156325400661242, 0.11763616770354245, 0.12251433041858051, 0.12434279396111951, 0.1256545274398958, 0.13140773248485396, 0.1341213555055429, 0.13647378141213842, 0.13703988796568398, 0.14219592382281807, 0.1435054082713637, 0.14677085101493012, 0.14707492095360053, 0.14981578686555083, 0.15168611494780637, 0.1521610436123325, 0.15335970514017974, 0.15478162066572193, 0.15601523886204918, 0.15749210413503695, 0.16101118760081273, 0.16375057672530283, 0.16317328935268685, 0.1663830281662401, 0.1676206547852985, 0.16933122999378908, 0.1722159725277195, 0.17757429483005077, 0.1793757341920552, 0.17230037209173346, 0.17500460492571912, 0.17880655573704377, 0.17880348505024068, 0.17775707011823477, 0.18233776573745034, 0.17880547430450652, 0.1815699367055243, 0.18662864773203447, 0.18497179934726796, 0.1865406666480448, 0.18846682214217636, 0.19106916555742182, 0.1911432105009809, 0.19009073321575912, 0.18901356742609593, 0.19245749145460192, 0.19439628312590584, 0.19539254320450786, 0.19273539749796934, 0.19427190651479023, 0.19747316752116484, 0.19913248068249645, 0.20054979987216476, 0.19896673071986118, 0.20114039227061037, 0.20062958047817472, 0.20215455813896863, 0.20399407244924264, 0.20378879357254964, 0.2034412188449928, 0.20539462488759894, 0.2132653386642518, 0.20989515396237998, 0.20838358639556487, 0.2058644152068164, 0.20991252421149242, 0.2077197376506556, 0.213503685633144, 0.20885147596949397, 0.21092759229907881, 0.2146962118784876, 0.21246450011965765, 0.21525473435326606, 0.21640207738707673, 0.21507112934027056, 0.21834020228007459, 0.22183269149152163, 0.21635444246167815, 0.21729872014015295, 0.2205100511922473, 0.2202659282315727, 0.2190679957329167, 0.22056043597156144, 0.21997340493192202, 0.22109372340453556, 0.22045171743170633], [0.2137972483159163, 0.2267664910054187, 0.23988812152086178, 0.25535631916214124, 0.2569190927891849, 0.26739946071489334, 0.2751135093957938, 0.2810089672890337, 0.28646263459386245, 0.2946240463840756, 0.3019367772403286, 0.30206524318582106, 0.3104069631883032, 0.3132828930366826, 0.316749494383632, 0.31598674567771995, 0.317654578061504, 0.3217664911175816, 0.3276667352117335, 0.32722090379479735, 0.3305393353561413, 0.3296306310094246, 0.3391992831771278, 0.3343293358150002, 0.3393189154880322, 0.33821720053958826, 0.3404966296825644, 0.34379687838434414, 0.34659561009288015, 0.3462092421996866, 0.34826125257172297, 0.34646023942846604, 0.3498892416073052, 0.3523188739632401, 0.3561793232271831, 0.35840868370017637, 0.357755377481521, 0.36255828761596437, 0.3574161770324933, 0.3611351563417917, 0.3602392057619176, 0.36310486091061706, 0.363527217444046, 0.36248175644124, 0.3616133318439985, 0.36222971075276683, 0.3629226077163701, 0.36478368489547175, 0.3683874729247721, 0.36708537474046843, 0.36771712443823507, 0.36829654102881154, 0.37383967966952836, 0.3757812413988276, 0.377036938121418, 0.3768138098776263, 0.376370186833608, 0.3758117733654594, 0.3779464640452137, 0.3820851818509564, 0.3822238738192891, 0.3767951747898005, 0.3721369995410029, 0.37963707187641144, 0.38055935479306324, 0.3871805241869666, 0.3881115323969398, 0.38171998153999065, 0.381772020654947, 0.3841398633030231, 0.3906153081658546, 0.3825526354539008, 0.38890834854350453, 0.3822656405398051, 0.3860015592033801, 0.3858877124643791, 0.38569116648886786, 0.39225787893173975, 0.388783148842675, 0.39227147019265246, 0.39858406189484025, 0.39002558592680325, 0.39225470925213957, 0.3879247033605061, 0.3903040500121512, 0.39231724953028474, 0.3932369107783703, 0.4015194417131008, 0.3980035899500001, 0.3972114241498036, 0.3930041845001538, 0.3921045317885511, 0.39731682950417013, 0.3930426768384425, 0.39169846940464326, 0.39566278578708536, 0.39906621706098966, 0.39834911845935583, 0.3995911837754707, 0.40267793077091496], [0.13507070416115557, 0.13430390548116974, 0.1351649314301362, 0.136099688804497, 0.13927355015193923, 0.14432277887926723, 0.14491730368654912, 0.14652644054723302, 0.15221501220643285, 0.1555254496072872, 0.1509070936415742, 0.1588243682094807, 0.16153786167216963, 0.1610596117466658, 0.16208673839416166, 0.1653238037471936, 0.16784281767528905, 0.16773771595725517, 0.169991907187784, 0.1678909780117836, 0.16874122702481095, 0.16651441621766153, 0.1720810250141804, 0.17522166140481021, 0.17403433076465727, 0.1792262900585705, 0.17702042229549445, 0.18398504826998863, 0.1830235493217088, 0.18526290506970455, 0.17838056878749947, 0.18164811410151244, 0.18025850329006188, 0.18805962596189318, 0.18810756680639773, 0.18603918897548616, 0.18778295665285333, 0.18891747033684103, 0.18939356028547905, 0.18812230605095898, 0.18921601870371635, 0.1930040031643638, 0.1941158093245843, 0.1902496627358539, 0.1919619055193746, 0.19100122860190846, 0.18952394944735226, 0.19589820111822265, 0.1965789170357379, 0.19776660198327214, 0.198473909691234, 0.19779057072046902, 0.19940903021678177, 0.20019705821669692, 0.201669197510734, 0.20170941839693876, 0.20014036550138337, 0.2007616988368703, 0.19989948315290548, 0.20604800225119135, 0.2086101562102895, 0.20503964067928104, 0.20492683564330438, 0.20332838907287137, 0.20283272047107842, 0.20540552689337266, 0.20665424827156822, 0.20506196663143025, 0.2093440024357103, 0.20963134478353412, 0.21150324690751762, 0.21033973137705517, 0.20898224782834593, 0.21046862664539415, 0.21216091842348744, 0.21479228264548042, 0.20677450669709482, 0.20920060267195498, 0.2122996417082794, 0.21388372963377472, 0.20959244339468294, 0.21484093493568138, 0.2150918783879811, 0.209930432419579, 0.2085564417879638, 0.20849958116039238, 0.2107376680091572, 0.21207994060614488, 0.219727069639195, 0.21926429951875465, 0.21539865610629896, 0.21776344793880606, 0.21237070656050916, 0.21747609740403892, 0.2177735079975426, 0.21976984025953006, 0.22419848574074827, 0.22133566783496705, 0.21895437469935466, 0.22052380864667778], [0.10954966994441005, 0.11135069669388134, 0.11948159211298608, 0.11768169511901971, 0.11871957484450649, 0.1237251158890147, 0.12363471147334307, 0.12240586183578407, 0.1272030725441196, 0.1268330406194683, 0.1271336401976568, 0.1266396513768938, 0.13300247962772432, 0.13112232712089122, 0.1332472784496034, 0.13373001680379965, 0.13356580342134017, 0.13791109101091512, 0.1367345829052067, 0.13644655218220453, 0.13470945431326367, 0.14002711340713023, 0.1398194102207416, 0.14339512824011524, 0.14373010772763134, 0.1481642877203532, 0.14284941721904904, 0.14249378778229865, 0.1441396149736207, 0.14809513604580596, 0.15023495136213297, 0.14619466879932894, 0.1480954091409056, 0.14735687764659638, 0.14994200711620942, 0.15134405032100012, 0.15133616293360755, 0.15199162494672885, 0.151575516349928, 0.1567227585591099, 0.15349564265882568, 0.15630722056597568, 0.15274504402462982, 0.15629066848966647, 0.15355760549318, 0.1568883713950366, 0.15913503642766558, 0.15928655980678358, 0.1595353505836566, 0.15942007341144093, 0.1595443416117615, 0.16086804565404206, 0.15861694691870232, 0.164940734597646, 0.16282857318246005, 0.16160804422155653, 0.16508944468526848, 0.16521526795474978, 0.16327064723133025, 0.16414490517744573, 0.16294669998508862, 0.1664333037303014, 0.16877478806520532, 0.17076377555348016, 0.16706244280509358, 0.1707764638196518, 0.1661843980256314, 0.16741973076387545, 0.17238335284322015, 0.17006706555164597, 0.17160105700723516, 0.1716817642409749, 0.17241977152706292, 0.17323109545386528, 0.179449512410553, 0.1700319331602975, 0.17379069748321577, 0.17819806782226322, 0.17436671924767586, 0.17435352147167715, 0.1742455015010359, 0.17612700656115945, 0.17568344230299968, 0.17641249283316648, 0.1733217083860306, 0.17501431921818011, 0.17645761739594923, 0.17702824868120184, 0.17802908481272345, 0.17961983363495643, 0.18199076599033237, 0.18174755392926184, 0.18243212164748254, 0.18167059167662788, 0.1814911212960044, 0.18173432854319055, 0.17826532994978941, 0.18324110397001034, 0.17966377044516768, 0.18489516624806238]]
Total Percentage: [[44.800000000000004, 44.769999999999996, 44.716, 45.344, 45.352, 45.507999999999996, 45.566, 45.296, 45.635999999999996, 45.629999999999995, 45.744, 45.756, 46.117999999999995, 46.058, 46.286, 46.196, 46.072, 46.632, 46.45, 46.756, 46.482, 47.06, 46.724, 46.949999999999996, 46.948, 46.854, 46.81, 47.583999999999996, 46.752, 46.816, 47.626000000000005, 47.936, 47.696, 47.821999999999996, 47.744, 47.724, 47.946, 47.455999999999996, 48.008, 48.378, 48.148, 48.205999999999996, 48.211999999999996, 48.686, 48.809999999999995, 48.056, 48.512, 48.744, 48.148, 48.246, 48.608000000000004, 48.504000000000005, 48.628, 48.826, 48.583999999999996, 48.803999999999995, 48.68, 48.449999999999996, 49.175999999999995, 49.29, 48.552, 49.196, 48.92, 49.568, 49.292, 49.684, 49.728, 49.508, 49.566, 49.348, 49.120000000000005, 49.376, 49.896, 49.698, 49.382, 49.142, 49.422, 49.656, 49.7, 49.844, 49.886, 49.594, 49.378, 49.47, 49.836000000000006, 50.007999999999996, 49.964, 49.814, 50.12799999999999, 50.342, 50.151999999999994, 50.258, 50.248000000000005, 49.912, 49.964, 49.966, 50.24999999999999, 50.538000000000004, 50.068, 50.818], [51.966, 53.378, 54.098, 55.291999999999994, 56.03399999999999, 56.720000000000006, 57.36, 57.74, 57.903999999999996, 58.60999999999999, 58.762, 59.284000000000006, 59.614, 59.074000000000005, 59.694, 59.868, 60.146, 60.402, 60.602000000000004, 60.778, 60.95, 61.302, 60.988, 61.0, 61.208, 62.092000000000006, 61.6, 61.826, 61.992000000000004, 62.144, 62.368, 62.344, 62.254, 62.344, 62.272000000000006, 62.419999999999995, 62.266, 62.204, 62.488, 62.46000000000001, 62.478, 62.861999999999995, 62.732, 62.580000000000005, 62.888, 63.04, 63.3, 63.79, 63.444, 63.43, 63.416, 63.502, 63.678000000000004, 63.43, 63.456, 63.59, 63.474, 63.266, 63.42, 63.578, 63.888, 63.676, 63.956, 63.983999999999995, 64.574, 64.372, 63.866, 63.876, 64.202, 64.034, 64.322, 64.522, 63.812000000000005, 63.794, 63.968, 63.937999999999995, 64.51, 64.388, 64.378, 64.534, 64.53999999999999, 64.40599999999999, 64.728, 64.718, 64.73, 64.3, 64.64800000000001, 64.408, 64.572, 64.86800000000001, 64.548, 64.604, 64.952, 65.144, 65.21000000000001, 65.252, 64.81400000000001, 65.146, 65.188, 64.956], [47.52, 48.43, 48.29, 48.41, 48.67, 49.122, 49.552, 49.332, 49.812, 49.913999999999994, 50.248000000000005, 50.578, 50.682, 50.908, 50.978, 50.548, 50.861999999999995, 51.806, 52.052, 51.598, 52.152, 52.062, 52.198, 52.088, 52.018, 51.992000000000004, 52.276, 51.970000000000006, 51.93, 52.339999999999996, 52.636, 52.754, 52.715999999999994, 52.502, 52.432, 52.071999999999996, 52.434000000000005, 52.598, 52.894, 52.75, 52.808, 52.94799999999999, 53.071999999999996, 52.812000000000005, 52.758, 53.318, 52.586, 52.949999999999996, 53.525999999999996, 52.866, 53.272, 53.308, 53.178000000000004, 53.312000000000005, 52.980000000000004, 53.80200000000001, 53.198, 52.652, 53.342, 53.474, 53.506, 53.262, 53.274, 53.38, 53.422000000000004, 53.422000000000004, 53.374, 53.678000000000004, 53.652, 53.474, 53.342, 53.568000000000005, 53.872, 53.717999999999996, 53.208, 53.82599999999999, 53.81399999999999, 53.504, 53.476, 53.852, 54.176, 53.849999999999994, 53.608, 53.81, 53.94799999999999, 53.888000000000005, 54.1, 53.932, 53.937999999999995, 53.854, 53.800000000000004, 53.68000000000001, 53.954, 53.18000000000001, 53.696, 54.118, 53.562, 53.644000000000005, 54.120000000000005, 54.098], [45.93, 45.772, 46.186, 46.184, 46.482, 46.338, 46.92, 46.788000000000004, 46.2, 46.196, 46.733999999999995, 47.064, 47.314, 47.18, 47.17, 47.104, 47.205999999999996, 47.486, 47.238, 47.924, 47.72, 47.014, 47.136, 47.111999999999995, 47.798, 48.071999999999996, 47.81, 47.774, 47.948, 47.676, 47.746, 47.589999999999996, 48.246, 48.018, 47.71, 48.074, 48.118, 47.998000000000005, 47.634, 48.17, 48.416, 48.576, 48.928, 48.498000000000005, 48.402, 48.434, 48.234, 48.583999999999996, 48.564, 48.554, 48.516, 48.624, 48.620000000000005, 48.562, 48.583999999999996, 48.44, 48.468, 48.916, 48.616, 48.552, 48.686, 49.192, 48.577999999999996, 48.616, 48.638, 48.99, 49.26, 48.988, 49.230000000000004, 48.544, 48.528, 49.144, 48.762, 48.864000000000004, 49.094, 48.992000000000004, 49.546, 49.309999999999995, 48.982, 49.658, 49.378, 49.403999999999996, 49.647999999999996, 49.278, 49.094, 49.056, 49.592000000000006, 49.722, 49.27, 49.068, 49.746, 49.6, 49.652, 49.664, 49.616, 49.782, 49.681999999999995, 49.312, 49.775999999999996, 49.778], [51.554, 52.292, 53.024, 54.164, 54.474000000000004, 55.156000000000006, 55.61000000000001, 55.984, 56.54, 56.764, 57.504, 57.764, 58.07, 58.524, 58.156, 58.620000000000005, 59.056, 59.434, 59.628, 59.274, 59.77400000000001, 59.754, 60.370000000000005, 60.304, 60.484, 60.76200000000001, 60.577999999999996, 60.614000000000004, 60.709999999999994, 61.06399999999999, 60.852, 61.285999999999994, 61.634, 61.474, 61.992000000000004, 61.772000000000006, 62.412, 62.053999999999995, 62.4, 62.00599999999999, 61.732, 62.336000000000006, 62.12, 62.18, 62.108, 62.41799999999999, 62.62799999999999, 62.442, 62.658, 62.785999999999994, 63.058, 63.302, 63.442, 63.234, 63.566, 63.504000000000005, 63.397999999999996, 63.483999999999995, 63.583999999999996, 63.284, 63.4, 63.668, 63.748000000000005, 63.744, 63.526, 64.076, 64.506, 64.176, 64.51599999999999, 64.184, 63.980000000000004, 64.03, 64.118, 64.16, 64.164, 64.282, 64.41799999999999, 64.166, 64.522, 64.684, 64.45, 64.496, 64.264, 64.328, 64.46, 64.414, 64.644, 64.79599999999999, 64.602, 64.858, 65.152, 64.64800000000001, 64.762, 65.068, 65.17399999999999, 64.924, 65.082, 65.29, 64.95, 64.96600000000001], [57.391999999999996, 56.401999999999994, 55.838, 55.55799999999999, 55.37, 55.138, 55.384, 55.328, 55.37, 54.834, 54.942, 55.11200000000001, 54.984, 54.894, 54.80199999999999, 54.668000000000006, 55.252, 54.712, 54.891999999999996, 54.932, 54.718, 54.778000000000006, 55.001999999999995, 54.932, 54.286, 54.452, 54.61, 54.657999999999994, 54.928, 54.864000000000004, 54.538, 54.59, 54.62200000000001, 54.745999999999995, 54.96, 54.52, 54.61, 55.03, 54.618, 54.686, 54.669999999999995, 54.63400000000001, 54.662, 55.164, 54.602, 54.858, 55.294, 55.001999999999995, 54.757999999999996, 54.712, 54.728, 54.581999999999994, 54.946, 54.43599999999999, 54.535999999999994, 54.468, 54.698, 54.764, 54.796, 54.644000000000005, 54.54, 54.662, 54.626, 54.757999999999996, 54.635999999999996, 54.806, 54.918, 54.786, 54.614, 54.796, 54.94799999999999, 55.05799999999999, 54.928, 54.568000000000005, 54.986000000000004, 55.06999999999999, 54.724, 54.912000000000006, 55.035999999999994, 54.676, 54.818, 54.842, 55.022000000000006, 55.076, 54.894, 55.169999999999995, 55.142, 55.37, 55.328, 55.135999999999996, 54.912000000000006, 55.12200000000001, 54.754000000000005, 55.082, 55.242000000000004, 55.338, 54.656000000000006, 55.242000000000004, 54.738, 55.104], [42.118, 42.398, 42.472, 42.431999999999995, 42.952, 43.052, 43.534, 43.682, 43.836000000000006, 44.3, 44.66, 45.384, 45.85, 45.867999999999995, 45.726, 45.822, 46.216, 46.486, 46.45, 46.804, 47.294000000000004, 47.446, 47.318, 47.798, 48.016, 48.14, 48.138, 48.384, 48.798, 48.668, 48.558, 48.626000000000005, 48.836, 48.974000000000004, 49.204, 49.306, 49.3, 49.688, 49.698, 49.669999999999995, 50.236000000000004, 50.454, 50.768, 50.016000000000005, 50.21600000000001, 50.684, 50.556, 50.456, 50.866, 50.682, 50.782000000000004, 51.222, 51.184, 51.102000000000004, 51.364, 51.476, 51.592000000000006, 51.528, 51.246, 51.622, 51.788000000000004, 51.6, 51.62, 51.772, 52.172, 52.188, 52.300000000000004, 52.059999999999995, 52.152, 52.124, 52.327999999999996, 52.642, 52.5, 52.474, 52.81400000000001, 53.413999999999994, 53.093999999999994, 52.846000000000004, 52.536, 53.083999999999996, 53.078, 53.226, 52.72, 52.903999999999996, 53.39, 53.268, 53.432, 53.354, 53.342, 53.722, 54.02400000000001, 53.506, 53.354, 53.71, 53.71, 53.528, 53.844, 53.715999999999994, 53.715999999999994, 53.5], [56.15599999999999, 57.47, 58.87, 60.122, 60.318000000000005, 61.178, 61.809999999999995, 62.324, 62.922, 63.556000000000004, 64.072, 64.074, 64.69, 64.922, 65.22200000000001, 64.992, 65.324, 65.696, 66.044, 65.908, 66.376, 66.25999999999999, 67.00399999999999, 66.53, 67.024, 66.95, 67.188, 67.474, 67.526, 67.60199999999999, 67.684, 67.574, 67.864, 68.04599999999999, 68.426, 68.462, 68.282, 68.708, 68.562, 68.622, 68.572, 68.806, 68.888, 68.884, 68.676, 68.748, 68.89800000000001, 68.914, 69.19, 69.112, 69.246, 69.248, 69.64399999999999, 69.756, 69.864, 69.878, 69.824, 69.724, 69.77600000000001, 70.328, 70.244, 69.87, 69.61, 70.082, 70.098, 70.64, 70.59, 70.26, 70.248, 70.446, 70.868, 70.384, 70.708, 70.292, 70.48, 70.552, 70.556, 70.89999999999999, 70.768, 71.026, 71.39999999999999, 70.904, 70.91199999999999, 70.69, 70.788, 71.04, 71.04, 71.66, 71.37, 71.364, 71.048, 70.928, 71.398, 71.024, 70.89999999999999, 71.2, 71.516, 71.406, 71.316, 71.78999999999999], [49.256, 49.084, 49.022, 48.942, 49.419999999999995, 49.702, 49.606, 49.756, 50.342, 50.74999999999999, 50.214000000000006, 50.93, 51.158, 50.94800000000001, 51.144, 51.50599999999999, 51.461999999999996, 51.717999999999996, 51.806, 51.54600000000001, 51.766, 51.442, 51.970000000000006, 52.136, 52.068000000000005, 52.528, 52.332, 53.002, 52.81400000000001, 53.025999999999996, 52.298, 52.900000000000006, 52.598, 53.232, 53.337999999999994, 52.906, 52.925999999999995, 53.356, 53.224000000000004, 53.22, 53.21, 53.608, 53.686, 53.382, 53.518, 53.461999999999996, 53.126, 53.744, 53.996, 53.94799999999999, 54.1, 54.032000000000004, 54.162, 54.337999999999994, 54.32599999999999, 54.324, 54.178000000000004, 54.406, 54.17999999999999, 54.578, 54.888000000000005, 54.55799999999999, 54.47, 54.135999999999996, 54.274, 54.559999999999995, 54.757999999999996, 54.64, 54.86, 55.022000000000006, 55.102, 54.974000000000004, 54.848, 55.022000000000006, 54.937999999999995, 55.332, 54.626, 54.998000000000005, 55.123999999999995, 55.33, 54.888000000000005, 55.24400000000001, 55.206, 54.803999999999995, 54.886, 54.628, 54.937999999999995, 55.02, 55.903999999999996, 55.762, 55.169999999999995, 55.538, 54.925999999999995, 55.538, 55.504, 55.664, 56.052, 55.95, 55.708, 55.66], [47.192, 47.424, 48.486000000000004, 48.292, 48.434, 48.97, 49.059999999999995, 48.982, 49.488, 49.38, 49.41, 49.35, 50.004000000000005, 49.708000000000006, 50.117999999999995, 50.01, 50.007999999999996, 50.556, 50.404, 50.578, 50.346000000000004, 50.802, 50.766, 51.26199999999999, 51.19200000000001, 51.782, 51.086, 51.048, 51.160000000000004, 51.602000000000004, 51.834, 51.286, 51.602000000000004, 51.574, 51.80200000000001, 51.93, 51.93, 51.974, 51.715999999999994, 52.49, 52.2, 52.378, 52.081999999999994, 52.428, 51.94800000000001, 52.251999999999995, 52.642, 52.727999999999994, 52.662, 52.696, 52.768, 52.756, 52.486, 53.337999999999994, 53.132000000000005, 52.93, 53.266000000000005, 53.264, 53.093999999999994, 53.356, 53.038, 53.212, 53.318, 53.762, 53.459999999999994, 53.742000000000004, 53.252, 53.56999999999999, 53.996, 53.622, 53.766000000000005, 53.806, 53.82, 53.818, 54.616, 53.478, 54.066, 54.428, 53.986000000000004, 54.056000000000004, 54.01200000000001, 54.20399999999999, 54.248, 54.132000000000005, 53.878, 54.118, 54.257999999999996, 54.262, 54.376000000000005, 54.606, 54.702, 54.815999999999995, 54.83, 54.92, 54.67999999999999, 54.718, 54.31, 54.778000000000006, 54.454, 55.034000000000006]]
Total Delta Gamma: [1.59244783 1.53208629 1.68422384 1.73967673 1.68870316 1.8441319
 1.64041225 1.64264019 1.86138357 1.67589799]
Total Delta R: [1.22958744 1.39832481 1.25058735 1.41976897 1.55953006 1.48430445
 1.49688162 1.61937077 1.46632649 1.35674141]
