Estimating the parameters from the real data (K=2)
==================================================

N (neurons): 805
K (states): 2
T (time steps): 10000
Seed: 12345
Number of repetitions: 10

Estimated parameters:
Estimated Pi: [array([0.87194166, 0.12805834]), array([0.14458187, 0.85541813]), array([0.79949145, 0.20050855]), array([0.73876098, 0.26123902]), array([0.93400192, 0.06599808]), array([0.94828939, 0.05171061]), array([0.23992701, 0.76007299]), array([0.98895102, 0.01104898]), array([0.73979054, 0.26020946]), array([0.05625123, 0.94374877])]
Estimated Gamma: [array([[0.99829269, 0.00170731],
       [0.89451446, 0.10548554]]), array([[0.01054964, 0.98945036],
       [0.03320632, 0.96679368]]), array([[0.89899917, 0.10100083],
       [0.84857252, 0.15142748]]), array([[0.7758693 , 0.2241307 ],
       [0.62891596, 0.37108404]]), array([[0.88287651, 0.11712349],
       [0.53460933, 0.46539067]]), array([[0.8967361 , 0.1032639 ],
       [0.71977145, 0.28022855]]), array([[0.09656654, 0.90343346],
       [0.17460985, 0.82539015]]), array([[0.99325703, 0.00674297],
       [0.39304497, 0.60695503]]), array([[0.13745804, 0.86254196],
       [0.86363054, 0.13636946]]), array([[0.23391035, 0.76608965],
       [0.06544455, 0.93455545]])]
Estimated R: [array([[1.07334442e-01, 4.65595578e-03],
       [3.01144336e-03, 1.60929483e-03],
       [3.97007221e-04, 3.80431122e-03],
       ...,
       [7.86721392e-04, 1.69031512e-03],
       [1.67947618e-03, 3.32602421e-03],
       [7.03883605e-03, 2.17210052e-05]]), array([[3.97398435e-03, 1.03547087e-01],
       [1.83926297e-04, 5.77098788e-04],
       [1.95754366e-04, 2.23449702e-03],
       ...,
       [5.31265831e-04, 7.85144470e-04],
       [6.47836052e-03, 9.15989116e-05],
       [8.87585520e-04, 3.68171085e-03]]), array([[9.44450309e-02, 2.53197651e-02],
       [8.47807364e-04, 1.09680891e-03],
       [2.71065940e-04, 3.54039366e-03],
       ...,
       [3.83721475e-04, 5.18198872e-04],
       [4.82085759e-04, 1.34731533e-03],
       [1.71473696e-03, 8.07073496e-05]]), array([[0.09575203, 0.03081311],
       [0.00252221, 0.0008287 ],
       [0.00169526, 0.00167359],
       ...,
       [0.00019672, 0.00065513],
       [0.00030808, 0.00236916],
       [0.0024001 , 0.00147669]]), array([[0.12038806, 0.01191782],
       [0.00121257, 0.00027472],
       [0.00294678, 0.00020692],
       ...,
       [0.00208706, 0.00310961],
       [0.00169665, 0.00149952],
       [0.00048828, 0.00177519]]), array([[0.10109257, 0.00459015],
       [0.00027243, 0.00478925],
       [0.00021018, 0.00044758],
       ...,
       [0.00084311, 0.00064389],
       [0.00032008, 0.00153946],
       [0.00064252, 0.00160195]]), array([[0.0300658 , 0.09312626],
       [0.00044594, 0.00216519],
       [0.00082891, 0.00032616],
       ...,
       [0.00086864, 0.00073003],
       [0.00090195, 0.00026274],
       [0.00086864, 0.00131012]]), array([[1.07504654e-01, 4.32276017e-04],
       [5.90854175e-04, 1.22050440e-03],
       [3.13435619e-04, 8.37672156e-04],
       ...,
       [2.09724451e-04, 3.92143534e-04],
       [1.18801785e-03, 7.51565048e-04],
       [2.13835172e-03, 5.97934128e-05]]), array([[5.67077900e-02, 5.58889237e-02],
       [3.55670892e-04, 1.33834826e-04],
       [4.86482801e-05, 9.52287526e-04],
       ...,
       [8.65470097e-04, 3.57772883e-04],
       [1.54588043e-03, 2.30256462e-03],
       [1.14733210e-03, 7.67825314e-05]]), array([[5.48022254e-03, 1.10704661e-01],
       [6.16714568e-04, 8.33075753e-04],
       [9.02240581e-04, 2.78510097e-04],
       ...,
       [9.05545414e-04, 4.51147153e-05],
       [3.86362434e-03, 4.93593927e-04],
       [9.89209950e-04, 3.60478903e-03]])]

Total NMI: [[1.0, 1.0, 1.0, 1.0, 1.0, 0.0, 0.0, 1.0, 1.0, 1.0, 1.0, 0.0, 0.0, 1.0, 1.0, 1.0, 1.0, 1.0, 1.0, 1.0, 0.0, 0.0, 1.0, 1.0, 1.0, 1.0, 1.0, 0.0, 0.0, 1.0, 1.0, 1.0, 1.0, 1.0, 1.0, 1.0, 1.0, 1.0, 1.0, 1.0, 1.0, 1.0, 1.0, 1.0, 1.0, 1.0, 1.0, 1.0, 1.0, 1.0], [1.0, 1.0, 0.0, 0.0, 1.0, 1.0, 1.0, 1.0, 1.0, 1.0, 1.0, 1.0, 1.0, 1.0, 0.0, 0.0, 0.0, 0.0, 0.0, 0.0, 1.0, 1.0, 1.0, 1.0, 1.0, 1.0, 1.0, 1.0, 1.0, 1.0, 1.0, 1.0, 1.0, 1.0, 1.0, 1.0, 1.0, 0.0, 1.0, 0.0, 1.0, 1.0, 1.0, 1.0, 1.0, 1.0, 1.0, 1.0, 1.0, 1.0], [0.0, 0.0, 0.0, 1.0, 0.0, 0.0, 1.0, 1.0, 0.0, 0.0, 1.0, 1.0, 1.0, 1.0, 1.0, 1.0, 0.0, 0.0, 1.0, 1.0, 1.0, 1.0, 1.0, 1.0, 0.0, 1.0, 0.0, 1.0, 0.0, 0.0, 1.0, 1.0, 1.0, 1.0, 1.0, 1.0, 1.0, 1.0, 0.0, 0.0, 1.0, 0.0, 0.0, 1.0, 1.0, 1.0, 1.0, 0.0, 0.0, 1.0], [1.0, 0.0, 1.0, 1.0, 0.0, 1.0, 1.0, 1.0, 0.0, 0.0, 0.0, 1.0, 1.0, 1.0, 0.0, 1.0, 0.0, 0.0, 1.0, 0.0, 1.0, 1.0, 0.0, 0.0, 0.0, 0.0, 0.0, 1.0, 1.0, 1.0, 1.0, 0.0, 1.0, 1.0, 0.0, 1.0, 1.0, 1.0, 1.0, 1.0, 0.0, 1.0, 0.0, 0.0, 0.0, 1.0, 1.0, 1.0, 1.0, 1.0], [0.0, 0.0, 0.0, 1.0, 1.0, 1.0, 1.0, 1.0, 1.0, 0.0, 0.0, 1.0, 1.0, 1.0, 1.0, 1.0, 1.0, 1.0, 1.0, 1.0, 1.0, 1.0, 1.0, 1.0, 1.0, 1.0, 1.0, 1.0, 1.0, 1.0, 1.0, 1.0, 1.0, 1.0, 1.0, 1.0, 1.0, 1.0, 1.0, 1.0, 1.0, 1.0, 0.0, 0.0, 1.0, 1.0, 1.0, 1.0, 1.0, 1.0], [1.0, 0.0, 0.0, 1.0, 1.0, 1.0, 0.0, 1.0, 0.0, 1.0, 1.0, 1.0, 1.0, 1.0, 1.0, 1.0, 1.0, 1.0, 1.0, 1.0, 1.0, 1.0, 1.0, 1.0, 1.0, 1.0, 1.0, 1.0, 1.0, 1.0, 1.0, 1.0, 1.0, 1.0, 1.0, 1.0, 1.0, 1.0, 1.0, 1.0, 1.0, 1.0, 1.0, 1.0, 1.0, 1.0, 1.0, 1.0, 1.0, 1.0], [1.0, 0.0, 0.0, 0.0, 1.0, 0.0, 0.0, 1.0, 0.0, 1.0, 1.0, 1.0, 0.0, 1.0, 1.0, 0.0, 0.0, 1.0, 1.0, 1.0, 0.0, 0.0, 1.0, 1.0, 1.0, 1.0, 0.0, 1.0, 0.0, 1.0, 1.0, 1.0, 1.0, 0.0, 0.0, 0.0, 0.0, 0.0, 0.0, 1.0, 1.0, 1.0, 1.0, 1.0, 1.0, 0.0, 0.0, 1.0, 1.0, 1.0], [1.0, 1.0, 1.0, 1.0, 1.0, 1.0, 1.0, 1.0, 1.0, 1.0, 1.0, 1.0, 1.0, 1.0, 1.0, 1.0, 1.0, 1.0, 1.0, 1.0, 1.0, 1.0, 1.0, 1.0, 1.0, 1.0, 1.0, 1.0, 1.0, 1.0, 1.0, 1.0, 1.0, 1.0, 1.0, 1.0, 1.0, 1.0, 1.0, 1.0, 1.0, 1.0, 1.0, 1.0, 1.0, 1.0, 1.0, 1.0, 1.0, 1.0], [1.0, 1.0, 1.0, 1.0, 1.0, 1.0, 1.0, 1.0, 0.0, 0.0, 1.0, 1.0, 1.0, 1.0, 0.0, 0.0, 1.0, 1.0, 1.0, 1.0, 1.0, 1.0, 1.0, 1.0, 1.0, 1.0, 0.0, 1.0, 0.0, 1.0, 1.0, 1.0, 1.0, 1.0, 1.0, 1.0, 1.0, 1.0, 1.0, 1.0, 1.0, 1.0, 1.0, 1.0, 1.0, 1.0, 0.0, 0.0, 0.0, 0.0], [1.0, 0.0, 1.0, 0.0, 0.0, 1.0, 1.0, 1.0, 1.0, 1.0, 1.0, 1.0, 1.0, 1.0, 1.0, 1.0, 1.0, 1.0, 1.0, 1.0, 1.0, 1.0, 1.0, 1.0, 1.0, 1.0, 1.0, 1.0, 1.0, 1.0, 1.0, 1.0, 1.0, 1.0, 1.0, 1.0, 1.0, 1.0, 0.0, 0.0, 1.0, 1.0, 1.0, 1.0, 1.0, 1.0, 1.0, 1.0, 1.0, 1.0]]
Total Percentage: [[100.0, 100.0, 100.0, 100.0, 100.0, 50.0, 50.0, 100.0, 100.0, 100.0, 100.0, 50.0, 50.0, 100.0, 100.0, 100.0, 100.0, 100.0, 100.0, 100.0, 50.0, 50.0, 100.0, 100.0, 100.0, 100.0, 100.0, 50.0, 50.0, 100.0, 100.0, 100.0, 100.0, 100.0, 100.0, 100.0, 100.0, 100.0, 100.0, 100.0, 100.0, 100.0, 100.0, 100.0, 100.0, 100.0, 100.0, 100.0, 100.0, 100.0], [100.0, 100.0, 50.0, 50.0, 100.0, 100.0, 100.0, 100.0, 100.0, 100.0, 100.0, 100.0, 100.0, 100.0, 50.0, 50.0, 50.0, 50.0, 50.0, 50.0, 100.0, 100.0, 100.0, 100.0, 100.0, 100.0, 100.0, 100.0, 100.0, 100.0, 100.0, 100.0, 100.0, 100.0, 100.0, 100.0, 100.0, 50.0, 100.0, 50.0, 100.0, 100.0, 100.0, 100.0, 100.0, 100.0, 100.0, 100.0, 100.0, 100.0], [50.0, 50.0, 50.0, 100.0, 50.0, 50.0, 100.0, 100.0, 50.0, 50.0, 100.0, 100.0, 100.0, 100.0, 100.0, 0.0, 50.0, 50.0, 100.0, 100.0, 100.0, 100.0, 100.0, 100.0, 50.0, 100.0, 50.0, 100.0, 50.0, 50.0, 100.0, 100.0, 100.0, 100.0, 100.0, 100.0, 100.0, 100.0, 50.0, 50.0, 100.0, 50.0, 50.0, 100.0, 100.0, 100.0, 100.0, 50.0, 50.0, 100.0], [100.0, 50.0, 0.0, 100.0, 50.0, 100.0, 0.0, 0.0, 50.0, 50.0, 50.0, 0.0, 100.0, 100.0, 50.0, 0.0, 50.0, 50.0, 100.0, 50.0, 0.0, 100.0, 50.0, 50.0, 50.0, 50.0, 50.0, 100.0, 100.0, 100.0, 100.0, 50.0, 100.0, 100.0, 50.0, 0.0, 0.0, 100.0, 100.0, 100.0, 50.0, 100.0, 50.0, 50.0, 50.0, 100.0, 100.0, 100.0, 100.0, 100.0], [50.0, 50.0, 50.0, 0.0, 100.0, 100.0, 100.0, 100.0, 100.0, 50.0, 50.0, 100.0, 100.0, 100.0, 100.0, 100.0, 100.0, 100.0, 100.0, 100.0, 100.0, 100.0, 100.0, 100.0, 100.0, 100.0, 100.0, 100.0, 100.0, 100.0, 100.0, 100.0, 100.0, 100.0, 100.0, 100.0, 100.0, 100.0, 100.0, 100.0, 100.0, 100.0, 50.0, 50.0, 100.0, 100.0, 100.0, 100.0, 100.0, 100.0], [100.0, 50.0, 50.0, 100.0, 100.0, 100.0, 50.0, 0.0, 50.0, 100.0, 100.0, 100.0, 100.0, 100.0, 100.0, 100.0, 100.0, 100.0, 100.0, 100.0, 100.0, 100.0, 100.0, 100.0, 100.0, 100.0, 100.0, 100.0, 100.0, 100.0, 100.0, 100.0, 100.0, 100.0, 100.0, 100.0, 100.0, 100.0, 100.0, 100.0, 100.0, 100.0, 100.0, 100.0, 100.0, 100.0, 100.0, 100.0, 100.0, 100.0], [100.0, 50.0, 50.0, 50.0, 100.0, 50.0, 50.0, 100.0, 50.0, 0.0, 0.0, 100.0, 50.0, 100.0, 100.0, 50.0, 50.0, 100.0, 100.0, 100.0, 50.0, 50.0, 100.0, 100.0, 100.0, 100.0, 50.0, 100.0, 50.0, 100.0, 100.0, 100.0, 100.0, 50.0, 50.0, 50.0, 50.0, 50.0, 50.0, 100.0, 100.0, 100.0, 100.0, 100.0, 100.0, 50.0, 50.0, 100.0, 100.0, 100.0], [100.0, 100.0, 100.0, 100.0, 100.0, 100.0, 100.0, 100.0, 100.0, 100.0, 100.0, 100.0, 100.0, 100.0, 100.0, 100.0, 100.0, 100.0, 100.0, 100.0, 100.0, 100.0, 100.0, 100.0, 100.0, 100.0, 100.0, 100.0, 100.0, 100.0, 100.0, 100.0, 100.0, 100.0, 100.0, 100.0, 100.0, 100.0, 100.0, 100.0, 100.0, 100.0, 100.0, 100.0, 100.0, 100.0, 100.0, 100.0, 100.0, 100.0], [100.0, 100.0, 100.0, 100.0, 0.0, 100.0, 100.0, 100.0, 50.0, 50.0, 100.0, 100.0, 0.0, 100.0, 50.0, 50.0, 100.0, 100.0, 100.0, 100.0, 100.0, 100.0, 100.0, 100.0, 100.0, 100.0, 50.0, 100.0, 50.0, 100.0, 100.0, 100.0, 100.0, 0.0, 100.0, 100.0, 100.0, 100.0, 100.0, 100.0, 100.0, 100.0, 100.0, 100.0, 100.0, 100.0, 50.0, 50.0, 50.0, 50.0], [100.0, 50.0, 100.0, 50.0, 50.0, 100.0, 100.0, 100.0, 100.0, 100.0, 100.0, 100.0, 100.0, 100.0, 100.0, 100.0, 100.0, 100.0, 100.0, 100.0, 100.0, 100.0, 100.0, 100.0, 100.0, 100.0, 100.0, 100.0, 100.0, 100.0, 100.0, 100.0, 100.0, 100.0, 100.0, 100.0, 100.0, 100.0, 50.0, 50.0, 100.0, 100.0, 100.0, 100.0, 100.0, 100.0, 100.0, 100.0, 100.0, 100.0]]
Total Delta Gamma: [0.9049047  1.30246515 0.9178287  0.34511867 1.25178754 0.1395497
 0.89604441 1.01276429 1.21898634 1.22955301]
Total Delta R: [0.12505303 0.12362876 0.11861064 0.12157682 0.13682421 0.12068027
 0.11755695 0.12726237 0.10492344 0.12951897]
