Estimating the parameters from the real data (K=4)
==================================================

N (neurons): 805
K (states): 4
T (time steps): 10000
Seed: 12345
Number of repetitions: 10

Estimated parameters:
Estimated Pi: [array([0.33281261, 0.04240404, 0.00887422, 0.61590913]), array([0.66759955, 0.0648722 , 0.26577492, 0.00175333]), array([0.93217357, 0.01432528, 0.02052924, 0.03297192]), array([0.97399613, 0.00214351, 0.01011978, 0.01374058]), array([0.0407436 , 0.13477989, 0.00126775, 0.82320875]), array([0.00425155, 0.00516378, 0.9878212 , 0.00276347]), array([0.07522768, 0.5145952 , 0.31397093, 0.09620619]), array([0.00695518, 0.09530779, 0.00428784, 0.89344919]), array([4.04692384e-02, 9.55058264e-01, 1.88570134e-04, 4.28392742e-03]), array([0.80004651, 0.00631222, 0.00725062, 0.18639065])]
Estimated Gamma: [array([[0.04915211, 0.00178415, 0.02130002, 0.92776372],
       [0.38703479, 0.29684573, 0.04977749, 0.26634199],
       [0.60099207, 0.01864565, 0.20267195, 0.17769034],
       [0.51752756, 0.00530938, 0.00622608, 0.47093698]]), array([[0.46283003, 0.08531539, 0.40270119, 0.04915338],
       [0.36963827, 0.23234417, 0.32469477, 0.0733228 ],
       [0.6355531 , 0.02047501, 0.32622081, 0.01775108],
       [0.42125519, 0.21601417, 0.24899613, 0.1137345 ]]), array([[0.97515177, 0.01322944, 0.01037066, 0.00124812],
       [0.53896885, 0.08428054, 0.14514818, 0.23160243],
       [0.19554573, 0.68832372, 0.05162057, 0.06450998],
       [0.40919003, 0.18568206, 0.26847784, 0.13665007]]), array([[9.76692577e-01, 2.11968536e-02, 1.57721929e-03, 5.33350064e-04],
       [3.48859345e-02, 2.89582092e-02, 2.55539674e-01, 6.80616182e-01],
       [1.11140895e-01, 1.33710579e-01, 2.45338497e-01, 5.09810029e-01],
       [2.56262264e-01, 5.62957527e-01, 6.74341244e-02, 1.13346084e-01]]), array([[0.27534096, 0.00363537, 0.02069415, 0.70032953],
       [0.60661464, 0.14629377, 0.07712863, 0.16996297],
       [0.31442647, 0.17284055, 0.09928448, 0.41344851],
       [0.01844018, 0.00500804, 0.00618261, 0.97036917]]), array([[0.10621442, 0.51143894, 0.09293958, 0.28940706],
       [0.19448722, 0.10647608, 0.51348944, 0.18554726],
       [0.00292397, 0.01712735, 0.97684343, 0.00310525],
       [0.08371614, 0.01873305, 0.74904763, 0.14850319]]), array([[0.13187288, 0.24604591, 0.34744074, 0.27464048],
       [0.08006945, 0.37395649, 0.51916973, 0.02680433],
       [0.0102776 , 0.68345977, 0.24892998, 0.05733265],
       [0.28449683, 0.1413167 , 0.12673038, 0.44745609]]), array([[0.52975502, 0.0335988 , 0.43053613, 0.00611005],
       [0.08611489, 0.03270233, 0.12416425, 0.75701852],
       [0.18974269, 0.06695447, 0.63742132, 0.10588152],
       [0.00270142, 0.01281445, 0.00228937, 0.98219477]]), array([[4.29275607e-01, 1.03258532e-01, 2.38434396e-01, 2.29031465e-01],
       [2.85489786e-03, 9.81910852e-01, 4.76945986e-04, 1.47573045e-02],
       [2.44200790e-01, 3.61740774e-01, 1.32772015e-02, 3.80781234e-01],
       [4.27659911e-02, 1.82188516e-01, 3.73502380e-01, 4.01543113e-01]]), array([[0.8558073 , 0.0536714 , 0.00522342, 0.08529788],
       [0.25617397, 0.06231723, 0.16585894, 0.51564985],
       [0.60364388, 0.23585793, 0.02866094, 0.13183725],
       [0.65696381, 0.24142556, 0.03747105, 0.06413958]])]
Estimated R: [array([[7.75580396e-02, 1.96661172e-03, 8.70324951e-04, 1.42708417e-01],
       [3.56759674e-04, 1.38602692e-03, 3.88604183e-04, 3.68628750e-04],
       [2.19289565e-04, 9.12725884e-04, 3.29060181e-03, 7.29502813e-04],
       ...,
       [1.53596215e-03, 1.38465840e-03, 6.84429188e-05, 1.43474293e-03],
       [1.08414833e-03, 1.26357343e-04, 4.50699308e-04, 7.55559790e-04],
       [8.31934150e-04, 1.14530084e-04, 2.37577774e-04, 1.75585440e-03]]), array([[1.03668746e-01, 9.94748775e-03, 7.77332401e-02, 7.58634108e-03],
       [1.34201504e-03, 1.78884732e-03, 9.90593363e-04, 6.54753111e-04],
       [5.72591017e-04, 1.25516862e-03, 1.02219126e-04, 6.00152116e-04],
       ...,
       [6.78280471e-04, 7.77040732e-04, 3.82308619e-03, 4.12456196e-04],
       [1.79447382e-03, 6.96667958e-04, 1.67622561e-03, 4.03818470e-04],
       [9.54844606e-04, 1.41289084e-03, 5.21652326e-04, 6.49520848e-05]]), array([[0.20591179, 0.00150277, 0.00517328, 0.00488921],
       [0.00311949, 0.00038458, 0.00081455, 0.00236594],
       [0.00023266, 0.00071633, 0.00154838, 0.00314235],
       ...,
       [0.00037807, 0.00037201, 0.00135896, 0.00132627],
       [0.00041541, 0.00037465, 0.0003641 , 0.00106515],
       [0.00066638, 0.00278734, 0.00246694, 0.00041992]]), array([[2.00537245e-01, 3.21926077e-04, 8.73808446e-03, 7.07986879e-04],
       [2.43266667e-03, 3.01056280e-03, 6.41224888e-04, 1.08131169e-03],
       [8.47521795e-04, 2.30374966e-04, 2.05817449e-04, 1.05537019e-03],
       ...,
       [1.42334389e-03, 5.64700986e-04, 3.40761528e-04, 3.80161300e-04],
       [3.52835055e-04, 9.07492220e-04, 2.89089277e-06, 2.07197180e-03],
       [3.03872133e-05, 2.22765837e-04, 1.76881942e-03, 1.35208834e-03]]), array([[7.82701028e-03, 3.96003097e-03, 1.37832823e-03, 1.80586205e-01],
       [1.00323861e-03, 6.74553349e-04, 1.22783670e-04, 3.00688987e-04],
       [1.52234800e-03, 4.73022138e-03, 6.22719182e-04, 6.34733167e-04],
       ...,
       [4.09781614e-04, 2.31287053e-05, 8.47840298e-05, 1.64379739e-03],
       [1.35150339e-03, 8.17010446e-04, 1.96750345e-03, 5.85250625e-04],
       [9.84826675e-04, 1.10459601e-03, 6.57985584e-04, 6.37084119e-04]]), array([[1.16335899e-03, 8.84284227e-03, 1.80216192e-01, 2.05237591e-04],
       [8.05668228e-04, 5.26550410e-04, 4.28179138e-03, 1.19475446e-03],
       [1.83965220e-03, 6.17870021e-04, 1.92134761e-03, 2.64377778e-04],
       ...,
       [1.54053354e-04, 2.38685029e-03, 1.70492440e-03, 2.08263690e-04],
       [6.08875760e-04, 3.86913872e-04, 1.22047632e-04, 1.09468975e-04],
       [3.93146161e-04, 1.21363667e-03, 2.08413013e-03, 6.20590405e-04]]), array([[0.00979318, 0.10955036, 0.07885086, 0.00966648],
       [0.0007291 , 0.00146212, 0.0005682 , 0.00363741],
       [0.00051316, 0.00290806, 0.00020283, 0.00152548],
       ...,
       [0.00026073, 0.002887  , 0.0020094 , 0.00115098],
       [0.00029434, 0.00025066, 0.00190966, 0.00395586],
       [0.00050375, 0.00297092, 0.00023004, 0.00076619]]), array([[2.86702318e-03, 7.21624218e-03, 3.14925143e-03, 1.89391960e-01],
       [1.71029927e-03, 8.67187003e-04, 1.23727145e-03, 5.71896899e-05],
       [4.97624040e-03, 1.14819170e-03, 2.10286565e-03, 1.92618718e-04],
       ...,
       [4.64398685e-04, 8.27229726e-05, 2.85376013e-03, 7.05593057e-03],
       [1.79130833e-03, 1.14367660e-03, 8.27289705e-04, 6.72667288e-05],
       [6.43802308e-04, 1.69036943e-04, 2.31405108e-05, 1.16049585e-04]]), array([[6.93232189e-03, 2.05459153e-01, 3.22217487e-03, 2.32378856e-06],
       [1.06544602e-03, 4.75872341e-03, 2.51417566e-03, 2.67288787e-04],
       [6.64478347e-04, 4.07997973e-04, 1.62890192e-04, 1.18731228e-03],
       ...,
       [3.56328198e-04, 5.90815538e-05, 7.69224878e-04, 1.88663669e-04],
       [2.81683812e-04, 1.93195308e-03, 2.46070357e-04, 2.11808171e-06],
       [2.31396140e-03, 6.97096891e-04, 6.00233192e-04, 1.69300990e-03]]), array([[1.69165884e-01, 1.93542356e-03, 1.43856412e-03, 3.91062974e-02],
       [1.58905034e-04, 2.73488412e-03, 8.42271502e-04, 4.84419979e-04],
       [4.69987135e-04, 9.40537539e-04, 7.18294159e-04, 1.13038472e-03],
       ...,
       [8.57681339e-04, 3.68872436e-04, 4.52608752e-04, 5.71143297e-04],
       [6.86989742e-04, 1.01181556e-04, 1.81151057e-03, 1.76494734e-03],
       [7.93733039e-05, 2.38976614e-04, 1.79343188e-03, 8.67730206e-05]])]

Total NMI: [[1.0, 1.0, 1.0, 1.0, 1.0, 0.3437110184854508, 0.15106563978903276, 1.0, 0.3437110184854508, 0.3437110184854508, 0.3437110184854508, 0.3437110184854508, 1.0, 1.0, 0.3437110184854508, 1.0, 0.3437110184854508, 1.0, 1.0, 0.15106563978903276, 0.3437110184854508, 0.3437110184854508, 0.3437110184854508, 0.0, 0.0, 1.0, 0.15106563978903276, 1.0, 0.3437110184854508, 0.0, 0.0, 1.0, 0.3437110184854508, 0.15106563978903276, 0.15106563978903276, 0.3437110184854508, 0.3437110184854508, 0.15106563978903276, 0.15106563978903276, 0.15106563978903276, 0.3437110184854508, 0.0, 0.0, 0.3437110184854508, 0.15106563978903276, 0.15106563978903276, 0.0, 0.0, 0.0, 0.0], [0.6666666666666666, 0.6666666666666666, 0.7020168761809934, 0.2693558349079911, 0.7999999999999999, 0.0, 0.6666666666666666, 0.6666666666666666, 0.3437110184854508, 0.15106563978903276, 0.2693558349079911, 0.7020168761809934, 0.15106563978903276, 0.3437110184854508, 0.3437110184854508, 0.15106563978903276, 0.3437110184854508, 0.7999999999999999, 0.39999999999999997, 0.3437110184854508, 0.15106563978903276, 0.7020168761809934, 0.0, 0.0, 0.15106563978903276, 1.0, 0.3437110184854508, 0.0, 0.0, 0.0, 0.0, 0.15106563978903276, 0.15106563978903276, 0.3437110184854508, 0.3437110184854508, 1.0, 0.15106563978903276, 0.3437110184854508, 0.3437110184854508, 1.0, 0.3437110184854508, 0.0, 0.0, 0.0, 0.0, 0.0, 1.0, 0.2693558349079911, 1.0, 1.0], [1.0, 0.0, 0.0, 0.0, 0.0, 1.0, 0.0, 0.0, 1.0, 1.0, 1.0, 1.0, 1.0, 1.0, 1.0, 1.0, 1.0, 1.0, 1.0, 1.0, 1.0, 1.0, 1.0, 1.0, 1.0, 1.0, 1.0, 1.0, 1.0, 1.0, 1.0, 1.0, 1.0, 1.0, 1.0, 1.0, 1.0, 1.0, 1.0, 1.0, 1.0, 1.0, 1.0, 1.0, 1.0, 1.0, 1.0, 1.0, 1.0, 1.0], [1.0, 1.0, 1.0, 1.0, 1.0, 1.0, 1.0, 1.0, 1.0, 1.0, 1.0, 1.0, 1.0, 1.0, 1.0, 1.0, 1.0, 1.0, 1.0, 1.0, 1.0, 1.0, 1.0, 1.0, 1.0, 1.0, 1.0, 1.0, 1.0, 1.0, 1.0, 1.0, 1.0, 1.0, 1.0, 1.0, 1.0, 1.0, 1.0, 1.0, 1.0, 1.0, 1.0, 1.0, 1.0, 1.0, 1.0, 1.0, 1.0, 1.0], [0.15106563978903276, 0.3437110184854508, 0.0, 1.0, 1.0, 1.0, 1.0, 1.0, 1.0, 0.0, 0.0, 1.0, 1.0, 1.0, 1.0, 1.0, 1.0, 1.0, 1.0, 1.0, 1.0, 1.0, 1.0, 1.0, 1.0, 0.0, 0.0, 1.0, 1.0, 1.0, 1.0, 1.0, 1.0, 1.0, 1.0, 1.0, 1.0, 1.0, 1.0, 1.0, 1.0, 1.0, 1.0, 1.0, 1.0, 1.0, 1.0, 1.0, 1.0, 1.0], [0.0, 0.15106563978903276, 0.0, 1.0, 1.0, 1.0, 1.0, 1.0, 1.0, 1.0, 1.0, 1.0, 1.0, 1.0, 1.0, 1.0, 1.0, 1.0, 1.0, 1.0, 1.0, 1.0, 1.0, 1.0, 1.0, 1.0, 1.0, 1.0, 1.0, 1.0, 1.0, 1.0, 1.0, 1.0, 1.0, 1.0, 1.0, 1.0, 1.0, 1.0, 1.0, 1.0, 1.0, 1.0, 1.0, 1.0, 1.0, 1.0, 1.0, 1.0], [0.7999999999999999, 1.0, 1.0, 0.7999999999999999, 0.8571428571428571, 0.8571428571428571, 0.6666666666666666, 0.6666666666666666, 0.6666666666666666, 0.7999999999999999, 0.3437110184854508, 0.15106563978903276, 0.3437110184854508, 0.0, 0.7999999999999999, 0.6666666666666666, 0.8571428571428571, 1.0, 0.5771596324111234, 0.3437110184854508, 0.3437110184854508, 0.7020168761809934, 0.39999999999999997, 1.0, 0.0, 0.3437110184854508, 0.15106563978903276, 0.15106563978903276, 0.3437110184854508, 0.0, 0.0, 0.15106563978903276, 0.0, 0.0, 0.3437110184854508, 1.0, 0.15106563978903276, 0.15106563978903276, 0.3437110184854508, 0.3437110184854508, 0.3437110184854508, 0.3437110184854508, 0.15106563978903276, 1.0, 0.3437110184854508, 0.0, 0.0, 0.0, 0.0, 0.2693558349079911], [0.0, 0.0, 0.0, 1.0, 1.0, 1.0, 1.0, 1.0, 1.0, 1.0, 1.0, 1.0, 1.0, 1.0, 1.0, 1.0, 1.0, 0.0, 0.0, 1.0, 1.0, 1.0, 1.0, 1.0, 1.0, 1.0, 1.0, 1.0, 1.0, 1.0, 1.0, 1.0, 1.0, 1.0, 1.0, 1.0, 1.0, 1.0, 1.0, 1.0, 1.0, 1.0, 1.0, 1.0, 1.0, 1.0, 1.0, 1.0, 1.0, 1.0], [1.0, 1.0, 1.0, 1.0, 1.0, 1.0, 1.0, 1.0, 1.0, 1.0, 1.0, 1.0, 1.0, 1.0, 1.0, 1.0, 1.0, 1.0, 1.0, 1.0, 1.0, 1.0, 1.0, 1.0, 1.0, 1.0, 1.0, 1.0, 1.0, 1.0, 1.0, 1.0, 1.0, 1.0, 1.0, 1.0, 1.0, 1.0, 1.0, 1.0, 1.0, 1.0, 1.0, 1.0, 1.0, 1.0, 1.0, 1.0, 1.0, 1.0], [0.39999999999999997, 0.6666666666666666, 0.39999999999999997, 0.0, 0.0, 0.2693558349079911, 0.7020168761809934, 0.0, 0.0, 0.0, 0.0, 0.15106563978903276, 0.0, 1.0, 1.0, 1.0, 0.0, 1.0, 0.0, 1.0, 1.0, 1.0, 1.0, 0.0, 0.15106563978903276, 0.7020168761809934, 0.7020168761809934, 0.0, 1.0, 1.0, 1.0, 1.0, 1.0, 1.0, 0.0, 0.15106563978903276, 0.0, 0.0, 0.0, 1.0, 1.0, 1.0, 1.0, 1.0, 1.0, 1.0, 0.0, 1.0, 0.0, 1.0]]
Total Percentage: [[100.0, 100.0, 100.0, 100.0, 100.0, 75.0, 50.0, 100.0, 75.0, 75.0, 75.0, 75.0, 100.0, 100.0, 75.0, 100.0, 75.0, 100.0, 100.0, 50.0, 75.0, 25.0, 75.0, 50.0, 75.0, 100.0, 50.0, 100.0, 75.0, 50.0, 50.0, 100.0, 25.0, 50.0, 50.0, 75.0, 75.0, 50.0, 50.0, 50.0, 25.0, 50.0, 50.0, 75.0, 50.0, 50.0, 75.0, 75.0, 75.0, 75.0], [25.0, 25.0, 50.0, 25.0, 75.0, 50.0, 25.0, 50.0, 75.0, 50.0, 25.0, 50.0, 25.0, 25.0, 25.0, 25.0, 75.0, 75.0, 50.0, 75.0, 50.0, 50.0, 25.0, 25.0, 50.0, 0.0, 75.0, 50.0, 50.0, 50.0, 75.0, 50.0, 50.0, 75.0, 25.0, 100.0, 50.0, 75.0, 25.0, 100.0, 25.0, 50.0, 50.0, 75.0, 75.0, 50.0, 50.0, 25.0, 100.0, 100.0], [100.0, 75.0, 75.0, 75.0, 75.0, 100.0, 75.0, 75.0, 100.0, 100.0, 100.0, 100.0, 100.0, 100.0, 100.0, 100.0, 100.0, 100.0, 100.0, 100.0, 100.0, 100.0, 100.0, 100.0, 100.0, 100.0, 100.0, 100.0, 100.0, 100.0, 100.0, 100.0, 100.0, 100.0, 100.0, 100.0, 100.0, 100.0, 100.0, 100.0, 100.0, 100.0, 100.0, 100.0, 100.0, 100.0, 100.0, 100.0, 100.0, 100.0], [100.0, 100.0, 100.0, 100.0, 100.0, 100.0, 100.0, 100.0, 100.0, 100.0, 100.0, 100.0, 100.0, 100.0, 100.0, 100.0, 100.0, 100.0, 100.0, 100.0, 100.0, 100.0, 100.0, 100.0, 100.0, 100.0, 100.0, 100.0, 100.0, 100.0, 100.0, 100.0, 100.0, 100.0, 100.0, 100.0, 100.0, 100.0, 100.0, 100.0, 100.0, 100.0, 100.0, 100.0, 100.0, 100.0, 100.0, 100.0, 100.0, 100.0], [50.0, 75.0, 50.0, 100.0, 100.0, 100.0, 100.0, 100.0, 100.0, 75.0, 75.0, 100.0, 100.0, 100.0, 100.0, 100.0, 100.0, 100.0, 100.0, 100.0, 100.0, 100.0, 100.0, 100.0, 100.0, 75.0, 75.0, 100.0, 100.0, 100.0, 100.0, 100.0, 100.0, 100.0, 100.0, 100.0, 100.0, 100.0, 100.0, 100.0, 100.0, 100.0, 100.0, 100.0, 100.0, 100.0, 100.0, 100.0, 100.0, 100.0], [75.0, 50.0, 75.0, 100.0, 100.0, 100.0, 100.0, 100.0, 100.0, 100.0, 100.0, 100.0, 100.0, 100.0, 100.0, 100.0, 100.0, 100.0, 100.0, 100.0, 100.0, 100.0, 100.0, 100.0, 100.0, 100.0, 100.0, 100.0, 100.0, 100.0, 100.0, 100.0, 100.0, 100.0, 100.0, 100.0, 100.0, 100.0, 100.0, 100.0, 100.0, 100.0, 100.0, 100.0, 100.0, 100.0, 100.0, 100.0, 100.0, 100.0], [75.0, 0.0, 100.0, 75.0, 50.0, 75.0, 0.0, 25.0, 25.0, 25.0, 75.0, 50.0, 75.0, 50.0, 75.0, 25.0, 0.0, 100.0, 50.0, 75.0, 25.0, 75.0, 50.0, 100.0, 50.0, 75.0, 50.0, 50.0, 75.0, 50.0, 75.0, 50.0, 25.0, 50.0, 50.0, 75.0, 50.0, 50.0, 75.0, 75.0, 75.0, 25.0, 50.0, 100.0, 25.0, 50.0, 50.0, 50.0, 75.0, 25.0], [75.0, 75.0, 75.0, 100.0, 100.0, 100.0, 100.0, 100.0, 100.0, 100.0, 100.0, 100.0, 100.0, 100.0, 100.0, 100.0, 100.0, 75.0, 75.0, 100.0, 100.0, 100.0, 100.0, 100.0, 100.0, 100.0, 100.0, 100.0, 100.0, 100.0, 100.0, 100.0, 100.0, 100.0, 100.0, 100.0, 100.0, 100.0, 100.0, 100.0, 100.0, 100.0, 100.0, 100.0, 100.0, 100.0, 100.0, 100.0, 100.0, 100.0], [100.0, 100.0, 100.0, 100.0, 100.0, 100.0, 100.0, 100.0, 100.0, 100.0, 100.0, 100.0, 100.0, 100.0, 100.0, 100.0, 100.0, 100.0, 100.0, 100.0, 100.0, 100.0, 100.0, 100.0, 100.0, 100.0, 100.0, 100.0, 100.0, 100.0, 100.0, 100.0, 100.0, 100.0, 100.0, 100.0, 100.0, 100.0, 100.0, 100.0, 100.0, 100.0, 100.0, 100.0, 100.0, 100.0, 100.0, 100.0, 100.0, 100.0], [50.0, 50.0, 50.0, 50.0, 75.0, 25.0, 75.0, 75.0, 75.0, 75.0, 75.0, 50.0, 75.0, 100.0, 100.0, 100.0, 75.0, 100.0, 75.0, 100.0, 100.0, 100.0, 100.0, 75.0, 50.0, 50.0, 75.0, 75.0, 100.0, 100.0, 100.0, 100.0, 100.0, 100.0, 75.0, 50.0, 75.0, 75.0, 75.0, 100.0, 100.0, 100.0, 100.0, 100.0, 100.0, 100.0, 75.0, 100.0, 75.0, 100.0]]
Total Delta Gamma: [1.45682041 0.85920427 1.53079102 1.02900295 1.17445098 1.42933059
 0.98430721 1.57075531 0.86822996 1.23449948]
Total Delta R: [0.18672296 0.15860449 0.22332146 0.22065034 0.20458456 0.20300212
 0.16447009 0.21156716 0.22467046 0.19674146]
