Complexity increased keeping gamma very unbalanced, and increasing K (K=2)
==================================================

N (neurons): 3
K (states): 2
T (time steps): 50000
Seed: 1234
Number of repetitions: 10

Initialization of parameters for HMM:
Pi: [1 0]
Gamma: [[0.9 0.1]
 [0.1 0.9]]
R: [[0.5 0. ]
 [0.  0.5]
 [0.5 0. ]
 [0.  0.5]]

Generated data:
Generated firings (y): [0 2 0 2 2 2 0 1 3 1 1 1 1 1 3 1 1 2 0 2 0 0 2 1 1 3 1 3 3 2 2 2 0 0 2 2 0
 0 2 2 2 0 2 0 2 0 2 0 0 0 2 0 2 0 2 0 2 0 2 0 0 0 0 0 0 2 2 2 0 0 0 0 0 2
 0 0 0 2 0 0 2 0 2 3 1 1 3 1 1 1 1 1 3 3 3 3 1 1 3 1]... (showing first 100 entries)
Generated states (z): [0 0 0 0 0 0 0 1 1 1 1 1 1 1 1 1 1 0 0 0 0 0 0 1 1 1 1 1 1 0 0 0 0 0 0 0 0
 0 0 0 0 0 0 0 0 0 0 0 0 0 0 0 0 0 0 0 0 0 0 0 0 0 0 0 0 0 0 0 0 0 0 0 0 0
 0 0 0 0 0 0 0 0 0 1 1 1 1 1 1 1 1 1 1 1 1 1 1 1 1 1]... (showing first 100 entries)

Estimated parameters:
Estimated Pi: [array([0.94788856, 0.05211144]), array([0.45869715, 0.54130285]), array([0.49580257, 0.50419743]), array([0.21092964, 0.78907036]), array([0.97211739, 0.02788261]), array([0.047511, 0.952489]), array([0.98313716, 0.01686284]), array([0.51347321, 0.48652679]), array([0.0296013, 0.9703987]), array([0.91839486, 0.08160514])]
Estimated Gamma: [array([[0.90074909, 0.09925091],
       [0.09460136, 0.90539864]]), array([[0.75982564, 0.24017436],
       [0.18473256, 0.81526744]]), array([[0.20700661, 0.79299339],
       [0.16722534, 0.83277466]]), array([[0.08074451, 0.91925549],
       [0.24091868, 0.75908132]]), array([[0.48338942, 0.51661058],
       [0.48346834, 0.51653166]]), array([[0.89852609, 0.10147391],
       [0.08953116, 0.91046884]]), array([[0.91049543, 0.08950457],
       [0.09282749, 0.90717251]]), array([[0.74473425, 0.25526575],
       [0.52411377, 0.47588623]]), array([[0.91463915, 0.08536085],
       [0.08811887, 0.91188113]]), array([[0.90096974, 0.09903026],
       [0.11960136, 0.88039864]])]
Estimated R: [array([[0.5008321 , 0.01599876],
       [0.00871608, 0.47252661],
       [0.4827445 , 0.03088506],
       [0.00770732, 0.48058957]]), array([[0.19696876, 0.29616715],
       [0.44783446, 0.0905674 ],
       [0.06904231, 0.39243481],
       [0.28615448, 0.22083063]]), array([[0.32482017, 0.23790695],
       [0.4351318 , 0.20598809],
       [0.01969378, 0.30042374],
       [0.22035425, 0.25568121]]), array([[0.10074795, 0.29282736],
       [0.32902799, 0.22415804],
       [0.42266072, 0.20695192],
       [0.14756333, 0.27606268]]), array([[0.4628492 , 0.05703488],
       [0.02147634, 0.45556281],
       [0.04618541, 0.4437305 ],
       [0.46948905, 0.04367182]]), array([[0.0236688 , 0.45586617],
       [0.46527056, 0.05150008],
       [0.01354558, 0.46234783],
       [0.49751506, 0.03028592]]), array([[0.49347964, 0.00408095],
       [0.00264019, 0.4976191 ],
       [0.48435082, 0.01042307],
       [0.01952935, 0.48787688]]), array([[0.25228009, 0.25435377],
       [0.29725571, 0.14100791],
       [0.23284585, 0.29094512],
       [0.21761835, 0.3136932 ]]), array([[0.02616434, 0.48768353],
       [0.48072634, 0.00347453],
       [0.00836782, 0.50378616],
       [0.48474151, 0.00505578]]), array([[0.4382494 , 0.0299184 ],
       [0.05902128, 0.47176731],
       [0.45492884, 0.00554759],
       [0.04780047, 0.4927667 ]])]

Total NMI: [[0.07068547251059401, 0.1381103298727461, 0.22615927722550197, 0.30444630869132805, 0.38400401843771054, 0.4635500590918178, 0.5236241548525385, 0.5787471262244562, 0.6125324825702225, 0.6425985769259444, 0.6679273666370569, 0.6904308297928748, 0.7042344876173268, 0.723075373998985, 0.7366132917226891, 0.7516647853307918, 0.7609266581845839, 0.7635145043314931, 0.7689400583397101, 0.7802308677307971, 0.7882257972627028, 0.7940818171737264, 0.7993974042268798, 0.8039759536333704, 0.8105385003765023, 0.8096215293211465, 0.8103178410374028, 0.8125298385160044, 0.8219063514564013, 0.8199750395527425, 0.8247698644136203, 0.8229240838931431, 0.8231180059878945, 0.8316430015611445, 0.830819517634729, 0.8309034809950081, 0.836572592495958, 0.8434381851699309, 0.8429997195304686, 0.8464983241480073, 0.8464878245248791, 0.8437823519601876, 0.8515287573592167, 0.8520988443001258, 0.852867624968982, 0.8530043345428611, 0.8570427551042715, 0.8586707575919557, 0.8557248513612772, 0.8557708717089102, 0.8581343406820956, 0.8554253114977406, 0.8612608971461571, 0.862063986751189, 0.864800850056436, 0.8616163503807611, 0.8638695579921585, 0.8631995327114979, 0.8642165433853474, 0.863079955182717, 0.8609266885483134, 0.8642110566629195, 0.867531252480576, 0.8724855614805427, 0.8668420982891506, 0.8700561179040692, 0.875634464141358, 0.8731846328632943, 0.8742616765586424, 0.8742396980245725, 0.873999122406929, 0.8727374521926804, 0.8768065925369573, 0.8751695242813152, 0.875302590961245, 0.8817849817442394, 0.8785909845375457, 0.8753999334888052, 0.8735327987667082, 0.8771624487833736, 0.8819424320707676, 0.8829723332581617, 0.8859525923977571, 0.8839341882553688, 0.8804636877488431, 0.8803589765067774, 0.886314106022334, 0.8818975823907339, 0.8783360155729053, 0.8791619454353656, 0.8810668040427084, 0.8824921647084659, 0.885474785182062, 0.8811926334411931, 0.8765730744428233, 0.8793071488740765, 0.8882780512395976, 0.8849922410900539, 0.8839208065450953, 0.8869148935160395], [0.20911831692631208, 0.18532077249127812, 0.17975555214900776, 0.1695681984354942, 0.16564555643635528, 0.16294703957056847, 0.16175818073874143, 0.15700169069702788, 0.1590275509295447, 0.15744714992810616, 0.16218653293548652, 0.16208234980427996, 0.154135997283341, 0.15384971667787448, 0.15575636047849567, 0.15703053476539555, 0.15614517163363537, 0.1588527365307708, 0.15684337634211457, 0.156814662899951, 0.1606149261711426, 0.16080503120947537, 0.16642581213774654, 0.16902411226078629, 0.16503829307257145, 0.16554328044321798, 0.16770667890769655, 0.16917847518509613, 0.16579166325158579, 0.17592069230078455, 0.17617551995128022, 0.17782341307467664, 0.17510835575852915, 0.1778124348079184, 0.18502127683692562, 0.18528314915029462, 0.18830352964044506, 0.18872638759442542, 0.18195395483610693, 0.19074379098967537, 0.19403047817247682, 0.19383750128606672, 0.19169067376110455, 0.20418086079056205, 0.20645252670318465, 0.20396749583821297, 0.21367810618513558, 0.2143036671924536, 0.21729143955335256, 0.22680909237621105, 0.2250281740984401, 0.22352764867385014, 0.22792099228155296, 0.23590624268499605, 0.23282826963014108, 0.2362551683133189, 0.2360482547374229, 0.2452745575957682, 0.24544051735101438, 0.24407469011448144, 0.25418756213224236, 0.24946545247332774, 0.25840773231198777, 0.2652096918921977, 0.26877000298447534, 0.27035696623833044, 0.28531776388305763, 0.2810397802097332, 0.2784141099642597, 0.28164864934598843, 0.2875774688635917, 0.2906940283497251, 0.2956062493766426, 0.3066561169648852, 0.30824835507148607, 0.3045300201172117, 0.3100611306872007, 0.31708397433748364, 0.31974235764681735, 0.3329318305153754, 0.33196585856075983, 0.3290475273290667, 0.33099155461301755, 0.3338449346872488, 0.3439489973178509, 0.34941937911072035, 0.3558840969380248, 0.3551643870505403, 0.3522149561715425, 0.35457607172768196, 0.3624278897814452, 0.37193469019370023, 0.3718094880770359, 0.3883828798245225, 0.38440066918574645, 0.3842889924997897, 0.38366623858147486, 0.3915492762175194, 0.3950152115516278, 0.3996226633103674], [0.005960439503468608, 0.0071424449497098285, 0.006657678198442057, 0.006080830970202321, 0.005655668522427147, 0.006856160280718376, 0.006251337331038876, 0.006520770995584777, 0.006670424352942267, 0.007178664512192265, 0.007244127051551409, 0.006746292211523279, 0.005901014772946912, 0.005741446442475377, 0.0061488636200199365, 0.005878078481362046, 0.005698667813299827, 0.0059809731872405665, 0.007202798597886527, 0.008122635697259736, 0.0076004546148360505, 0.005355468889470829, 0.007964277581582638, 0.00681408226928781, 0.00842486198633542, 0.006590223979421977, 0.006771337831426497, 0.007983533392714022, 0.00713360262965614, 0.0057209498305793825, 0.005978899987279912, 0.0072352383371465006, 0.007152112759672997, 0.007523682222872286, 0.007264842437913475, 0.007497064302736549, 0.005716176315012382, 0.006723737908456762, 0.007146206759055306, 0.00530254252664449, 0.007363285160380558, 0.007631907392994137, 0.006853435534242688, 0.0051310502077826625, 0.007072509970980524, 0.006135776575254569, 0.006422671457673758, 0.006793261420737246, 0.007656388718327853, 0.007514816265001995, 0.00599311005752661, 0.0074207783818348826, 0.006774086219948833, 0.006318163376429196, 0.007092462549018953, 0.00846289094481311, 0.007371066845444924, 0.00633978475721635, 0.0077892839434839664, 0.00733618515783105, 0.0070571047238646295, 0.006238248579788721, 0.006883995837701188, 0.008432427252773543, 0.007216430495774505, 0.005941581178524506, 0.007169521157267361, 0.006100378541218338, 0.0068956414995763075, 0.006752791588286765, 0.006983697995092008, 0.009494229563620423, 0.008142877031982732, 0.007073165967757215, 0.007278597920608631, 0.0072997291460384865, 0.008260516368830422, 0.0070027785285622125, 0.006760265983618403, 0.007103441786236543, 0.007717940974156074, 0.0076015598246576355, 0.006770915924064142, 0.0055518927091288, 0.006463999480130931, 0.006395646707751306, 0.007559160663976756, 0.007363048252085089, 0.007198106025487522, 0.007021857582705843, 0.006896660932490193, 0.007605661127535437, 0.00590293793192826, 0.006212302690200085, 0.006023286757007699, 0.007276122083078336, 0.00788740288049378, 0.0069556509785695326, 0.008655227148796737, 0.008278332920053219], [0.015313388107682013, 0.014108500285624511, 0.015223241215100863, 0.014748714034432973, 0.014784019118186068, 0.016268204651618618, 0.015735660815247254, 0.014415288057205147, 0.01562066421855829, 0.014078164860084817, 0.014395269885466399, 0.0129216915615185, 0.01570535548286193, 0.015545113631137633, 0.01540480000959981, 0.015243029215487891, 0.016537973003890663, 0.016445722210175484, 0.016951277064488474, 0.013896358382938963, 0.015699813045922075, 0.016220996332510822, 0.015350166409647415, 0.01631042204442991, 0.013932254200671438, 0.016045500711622043, 0.01694132201376071, 0.014914560667545757, 0.013848983329790215, 0.016371595204625156, 0.013965627926972925, 0.015946409690685504, 0.014701687197730708, 0.01505883110129636, 0.015451123831937351, 0.013289622104278061, 0.01357404277732364, 0.016979945381486946, 0.015301636660622269, 0.013730775343394756, 0.014174800120903521, 0.015457714491892472, 0.01281617250358796, 0.014606655465446853, 0.016312405589268494, 0.015329587501760052, 0.014244664353147148, 0.014855555503568492, 0.01355725641109903, 0.014387225193217031, 0.014986245635054104, 0.01441888800132803, 0.015525104119113425, 0.015343020927228772, 0.016882260040226218, 0.016757894982795323, 0.014799390643426356, 0.013972502869122428, 0.01438520224829966, 0.013772456952367326, 0.014864780196513628, 0.015827084061220114, 0.013654728514424555, 0.014617280744763176, 0.014860152410980666, 0.017500221974503273, 0.014439718541399449, 0.01451293971102727, 0.011985917838041604, 0.014549394923325338, 0.015523837773939706, 0.01450504105950218, 0.01418923464011652, 0.01445406972804926, 0.015443388976917253, 0.015533207870869396, 0.014000441295530752, 0.01511078645724616, 0.015605931168491367, 0.014269107170097007, 0.012801196437142838, 0.014323249720545933, 0.016338771085405147, 0.014301720558871004, 0.014208908546322022, 0.014088181471586029, 0.014000545033345517, 0.015036346486712631, 0.014205628273925798, 0.015136097537038264, 0.012653624317897105, 0.01282785722047969, 0.01525401550121049, 0.015904026543170316, 0.015494037357446252, 0.013306497420595259, 0.014495058171693182, 0.014889093223885071, 0.013753812064603464, 0.014048154646487333], [0.39279058028714625, 0.38536693919320597, 0.3830746599780421, 0.38780687351055415, 0.3831765710361797, 0.37509834637758366, 0.3760764309101432, 0.3743150713334834, 0.380309810266151, 0.37884096310396037, 0.37925667793480533, 0.38240046085743873, 0.37285386989407493, 0.3769167445027044, 0.37939438995602204, 0.38328703810274195, 0.377098726694442, 0.3826923183045882, 0.38601494537525904, 0.38352916095313055, 0.386191440613276, 0.3834696931103, 0.38695534551378, 0.38346098122061706, 0.3806445015417337, 0.38327076534124677, 0.38408530243372474, 0.38465206012720393, 0.38203170101388, 0.37714903284756984, 0.381043129205308, 0.3827603458176412, 0.378019956357797, 0.3767639097545164, 0.3811228076804626, 0.3832037224620974, 0.3853796521641882, 0.38360249009439573, 0.38293363117227375, 0.3783343919613723, 0.3803953006371136, 0.3821416768249717, 0.37996074448324296, 0.37892479466020657, 0.3748449751411252, 0.37722780809031414, 0.3793657087627335, 0.37918177406422626, 0.38190875919439565, 0.3810463693653186, 0.3807582197374535, 0.38076210047038106, 0.3816525983614494, 0.38243819014017755, 0.37484084529404266, 0.38209701150610487, 0.3865109498369215, 0.38120050389382776, 0.38444308171466257, 0.3801650747856291, 0.3798340878374656, 0.38267424678118245, 0.382804164737682, 0.38328271655730345, 0.37762791683014363, 0.3712707713377462, 0.378609585204483, 0.38048055332772796, 0.378712506936522, 0.3796503464823339, 0.380401091251518, 0.3851013155861554, 0.37839949276205853, 0.3865125488800937, 0.3825434151088492, 0.37920385254420624, 0.37583296593104126, 0.37694382208702426, 0.38250949843484483, 0.38240356247531493, 0.3791789263478919, 0.3774412467560882, 0.3790142961427987, 0.38073346926990415, 0.37975157618047717, 0.3757803981934184, 0.37708593418289965, 0.37695150590141474, 0.37573745239316775, 0.3791631882114506, 0.3771990068948349, 0.37553881398080824, 0.3806226602707877, 0.3808176230947544, 0.37127179560234164, 0.37065606998466855, 0.3766323603705156, 0.37481835624872645, 0.37796798484194477, 0.38349957258071693], [0.1333567078094396, 0.15618742862648904, 0.17901902650057894, 0.2059706700536491, 0.24201394501840479, 0.2812954648856264, 0.3233958315492634, 0.35723384910957084, 0.40234140677063357, 0.4393717841047655, 0.47138129093772785, 0.5048213228199793, 0.5324105825436976, 0.5547163359448006, 0.5733175593313716, 0.59513389163811, 0.6176503452103951, 0.6314057829735931, 0.644737303904047, 0.6528619739727178, 0.6639016623636593, 0.677531399786448, 0.6830512769249494, 0.6869383947700073, 0.7053017956918245, 0.7129364585919404, 0.7106548549128234, 0.7178977729448839, 0.7290323419233408, 0.7374035322360227, 0.7390818981896617, 0.7402471674054073, 0.7487166136066483, 0.7541246558656044, 0.7558530107360072, 0.7656440047208517, 0.7663896258790467, 0.7627609203807941, 0.7640685166420644, 0.7696501541896962, 0.7696350007582154, 0.7720466308849292, 0.7773498189114274, 0.776858084136369, 0.7794607190146132, 0.7881097549311579, 0.7870450714288939, 0.7874519837015503, 0.7825869620205264, 0.7917253674474917, 0.7886033737557075, 0.7922456727459289, 0.7936242331067942, 0.7952789297023548, 0.7953678593277204, 0.8005028510596821, 0.8014995295200459, 0.8065048193769349, 0.8032990967954006, 0.8033099525159844, 0.8096091825927311, 0.8170603587308821, 0.8123060666633014, 0.8154360043876189, 0.8157416744503103, 0.8157408129036431, 0.82057577423467, 0.8184156621486322, 0.8224545814134122, 0.8240157555551207, 0.8237136303539329, 0.8207967139764383, 0.8262638321100715, 0.8243544103137878, 0.819990971049753, 0.8247425615003893, 0.8294922137782463, 0.8311597498418205, 0.8303286483753696, 0.8269522580906926, 0.8312640143431995, 0.8374498420850033, 0.8330656919813043, 0.83970576512774, 0.8327544991144779, 0.8312785489198387, 0.8385150575031858, 0.8370014374393483, 0.8432719892437709, 0.840353777467307, 0.8373387768571497, 0.834991817411158, 0.836079661712017, 0.8411126243222693, 0.8418822950871867, 0.8395916846931974, 0.8429419030150913, 0.8466809330697249, 0.843384573522607, 0.8465436665115402], [0.29769661593826896, 0.4351035952670363, 0.5572958653871708, 0.6384809904678207, 0.6927582197908357, 0.7400838188255408, 0.7617544989123404, 0.7852003049373436, 0.8006831850857115, 0.8170302950796933, 0.8169249473526832, 0.8246828710661899, 0.8305740980493256, 0.8373776464390452, 0.8465935346153703, 0.8474464004448762, 0.8497792079048887, 0.8573026126342793, 0.8620638848936072, 0.8662480345810742, 0.8679679221550639, 0.8734011826602698, 0.868082867508111, 0.8690016358003229, 0.8746881219595634, 0.8769234333796297, 0.8796266150590298, 0.8742330578697592, 0.8780866188680884, 0.8833366109831124, 0.882822468459718, 0.8834354440627327, 0.8852185471344145, 0.8868204606865749, 0.8921776337369638, 0.8905363254507441, 0.8859399070670084, 0.8898048970656619, 0.8927332658821711, 0.8912709433700945, 0.8915137746103884, 0.8937155331724722, 0.9001589011928844, 0.8981635508039918, 0.8974174599361708, 0.8984192311777398, 0.8925152836454524, 0.8996613817986163, 0.8995402704640283, 0.9007890638001441, 0.8991611696438339, 0.9004118246617864, 0.8997843728429978, 0.9028179815512155, 0.9071306808749754, 0.9125101542402245, 0.9062666908282283, 0.9058623291248598, 0.906856161965963, 0.909161707549808, 0.9057042800717984, 0.9043113497360302, 0.9067465528218518, 0.9014094598035837, 0.9015738189706533, 0.906104857785185, 0.9126420976499916, 0.9069823108685536, 0.9048242821582783, 0.9015508171084294, 0.907232873607588, 0.9073637517806623, 0.9094152551461642, 0.911602577339135, 0.9085118092093174, 0.9109561853096431, 0.904061584969828, 0.9064733232758906, 0.9143341651546713, 0.9088999454773188, 0.9100902221312213, 0.9099633582693354, 0.9118664637397113, 0.9125106301328723, 0.9132930091199313, 0.911086489097572, 0.9062229336855742, 0.9151259827957174, 0.9175785030053962, 0.914992770969236, 0.9197324468662293, 0.9123864609539872, 0.915449606491835, 0.9139420246490217, 0.9157828729973361, 0.91856149290961, 0.9191994371505615, 0.9174829480337021, 0.915903933047783, 0.9135509355962798], [0.011126481013352493, 0.011550523227644122, 0.01181702456725084, 0.01167419379822001, 0.010943328410516791, 0.011468064932740427, 0.011126060766022738, 0.010094506244709704, 0.009875335292791625, 0.010571185311567706, 0.011052102754679688, 0.011355444034377, 0.01130736779225294, 0.011793377449723958, 0.011901702057976896, 0.012581635531858698, 0.01065921428913396, 0.010092024703233136, 0.010539168001259818, 0.011689210113926802, 0.009910366508205246, 0.009308318789253705, 0.01174862892464413, 0.01414698985985475, 0.01105053637133971, 0.011405717469446445, 0.009916070794652607, 0.011846227187392842, 0.01012410274444944, 0.009565640500227094, 0.01198929321704682, 0.010393598958542576, 0.012078168621765254, 0.011115414117198186, 0.013870946657654986, 0.010084637600273984, 0.010682380313880697, 0.011193881614830816, 0.010954520167144117, 0.012281302144187411, 0.010361753467057401, 0.013316673077494871, 0.012178415453854912, 0.010512329469739613, 0.010650612268760127, 0.012023809601712468, 0.010023512535456976, 0.01148133396704606, 0.01116578008953996, 0.010554993338008717, 0.011021697797863354, 0.011505459426114808, 0.010830409071003449, 0.01011597177171459, 0.010211753113801006, 0.012168409677545768, 0.012893671475238098, 0.012567834835817596, 0.012521631814504563, 0.013825961343971694, 0.01104065690422978, 0.011368715911005087, 0.012009780405385428, 0.011557659177228098, 0.009684918105148925, 0.010630310994563012, 0.011952033872332197, 0.012929593479337398, 0.011249026823984985, 0.010670453144966334, 0.012486571816692502, 0.011414379655514399, 0.011559710647988853, 0.010984332811774659, 0.012231897539508594, 0.011539127700785589, 0.01254543370625087, 0.009800034720367884, 0.011506086712277904, 0.010026281583955318, 0.011535554903109613, 0.012662418304310046, 0.013306029507651626, 0.011127805716524298, 0.01092201496650014, 0.012461197623005727, 0.01225412593327853, 0.012305698995917382, 0.01128641957115148, 0.013245798849375077, 0.010659631460169789, 0.009433207636568575, 0.012233847932429012, 0.012456063940417556, 0.01185311301822903, 0.012018164625858996, 0.012621601496349994, 0.012142784342971162, 0.01024922850676675, 0.011357645721008221], [0.46375174071895175, 0.550323158908972, 0.623499716829423, 0.6752290221361213, 0.720126309742229, 0.7525229069573123, 0.7738432873302806, 0.7858659624152873, 0.8005974382892449, 0.8159090648203725, 0.8245549471241648, 0.8271567997645689, 0.837570930959316, 0.8408993653482889, 0.8409679141371749, 0.8422127446337537, 0.8441741305886901, 0.85251320460927, 0.8509657119221625, 0.8576568341546529, 0.8609066698120424, 0.8637619454542976, 0.8685476679761025, 0.8707435359073059, 0.8675138751010909, 0.8736577821376539, 0.8690233974108335, 0.8680096703010757, 0.8691347259409309, 0.8737668841800305, 0.8756286060229727, 0.8810521419938107, 0.8799850424816344, 0.8786870514047324, 0.8793922343525282, 0.8758978794471306, 0.8910551912253983, 0.8841641047222402, 0.8798707131936533, 0.8817891370970766, 0.8802628088609107, 0.8809349050665006, 0.8878781345950134, 0.8889743454049368, 0.8902086600827094, 0.887582480462157, 0.8867985721778684, 0.8875174751526598, 0.8870386315272473, 0.8887255835431984, 0.8924040490094428, 0.889698485559747, 0.8949629904605533, 0.8981793835963743, 0.8963131303794474, 0.8947142027707863, 0.8953401493128286, 0.8938557886095243, 0.8943470350397115, 0.8953532891829449, 0.9012955496204595, 0.9002931109441011, 0.8952021346677143, 0.8936157182574467, 0.8975630403780045, 0.8952089047990139, 0.8955770203375362, 0.8982402144167165, 0.8963130793183568, 0.8994403594014639, 0.8989364144823898, 0.9018153749785135, 0.9031834577443777, 0.9029289672724977, 0.9023074187861351, 0.9006709328374712, 0.9041961360264648, 0.9039463311068198, 0.9008013070703899, 0.9015235815672074, 0.9057149087724902, 0.9067316460002192, 0.9018371811264738, 0.9057630217723416, 0.9073712979441912, 0.9048260606894483, 0.9081394932128231, 0.9107414237998263, 0.904647211686777, 0.9061175399442999, 0.8995547950242033, 0.9059770438590927, 0.9068609646327549, 0.9035606334136974, 0.9053376757643161, 0.9073781789809912, 0.9077717421596209, 0.903055787398324, 0.9068589111308383, 0.9055915449164152], [0.048557641486968735, 0.0639196611179953, 0.07393570745126041, 0.0993110248758843, 0.11557059213555301, 0.14330372656138077, 0.16844026635887496, 0.19719413582075007, 0.22541902697581062, 0.2609062237717293, 0.2888916788257566, 0.32807120916026916, 0.35457782589374254, 0.3877965038477679, 0.42098222363162036, 0.4421965404581534, 0.4712039228422903, 0.49401796225456696, 0.5196660366386475, 0.5431848180326151, 0.5562262343650709, 0.5671862112971592, 0.5862481754807232, 0.5951063480686026, 0.6032175099791363, 0.6198586440707688, 0.6283192289671745, 0.6399813054114591, 0.6484822493141124, 0.6623698235579019, 0.6703048046474059, 0.6775785571936807, 0.6740054664844947, 0.6889638648706642, 0.6915354820695465, 0.6962682808249004, 0.7037660090280803, 0.707693713886689, 0.707816751874835, 0.7118134045554055, 0.7162239980416641, 0.7250514776996678, 0.7239208355994532, 0.7282627087578025, 0.7339611046565429, 0.7400640321766503, 0.7417530875725318, 0.7448905732096253, 0.7411508390631175, 0.7498718369360013, 0.7522585457064578, 0.75210616592979, 0.7573132751740607, 0.7636878420517852, 0.7643196432827376, 0.7604361056077574, 0.7567649954852724, 0.7628900893131828, 0.765742062430434, 0.7767988472399184, 0.7785057248002231, 0.7724097698037564, 0.7767878585964828, 0.7773987173268587, 0.7788399060276996, 0.7800493347754964, 0.7836936032193761, 0.7855192951218256, 0.7872538448433888, 0.7966474344760399, 0.7923223743538782, 0.7914771447083436, 0.7964759535495137, 0.7950962831601516, 0.7964822738805518, 0.7925220257021487, 0.7916404612293818, 0.7995198847852276, 0.8072454826899458, 0.8100626038482102, 0.8008527886011002, 0.8016481895945334, 0.8027504869379961, 0.811835421897455, 0.8122585925958985, 0.8068526074959825, 0.8097813457582971, 0.8110040092352501, 0.806257572594122, 0.8141675151126259, 0.8099968761296313, 0.8127495721266487, 0.814479087090193, 0.8165428888903744, 0.8120160663301099, 0.8101787477571945, 0.816543873794426, 0.824488044677054, 0.8253141824595883, 0.8159014889250128]]
Total Percentage: [[67.616, 72.782, 77.946, 81.646, 84.94, 87.83800000000001, 89.802, 91.476, 92.42399999999999, 93.23599999999999, 93.888, 94.45, 94.782, 95.224, 95.53399999999999, 95.87, 96.072, 96.128, 96.242, 96.482, 96.648, 96.768, 96.87599999999999, 96.968, 97.098, 97.08, 97.09400000000001, 97.136, 97.32, 97.282, 97.37400000000001, 97.336, 97.342, 97.506, 97.49, 97.492, 97.598, 97.726, 97.718, 97.782, 97.782, 97.732, 97.872, 97.884, 97.898, 97.89999999999999, 97.97200000000001, 98.002, 97.94800000000001, 97.95, 97.992, 97.944, 98.048, 98.06200000000001, 98.11, 98.054, 98.09400000000001, 98.08200000000001, 98.1, 98.08, 98.042, 98.1, 98.158, 98.244, 98.146, 98.202, 98.298, 98.256, 98.274, 98.274, 98.27, 98.248, 98.31800000000001, 98.29, 98.292, 98.402, 98.348, 98.294, 98.262, 98.324, 98.404, 98.422, 98.47200000000001, 98.438, 98.38, 98.378, 98.478, 98.404, 98.344, 98.358, 98.39, 98.414, 98.464, 98.392, 98.31400000000001, 98.36, 98.50999999999999, 98.456, 98.438, 98.488], [76.678, 75.28399999999999, 74.96199999999999, 74.324, 74.112, 73.964, 73.878, 73.538, 73.646, 73.512, 73.848, 73.868, 73.298, 73.256, 73.386, 73.494, 73.458, 73.634, 73.512, 73.47, 73.698, 73.726, 74.074, 74.238, 73.996, 74.03, 74.17, 74.244, 74.016, 74.698, 74.744, 74.898, 74.70400000000001, 74.836, 75.32799999999999, 75.37, 75.52600000000001, 75.524, 75.08, 75.6, 75.792, 75.78, 75.628, 76.354, 76.484, 76.358, 76.926, 76.954, 77.104, 77.616, 77.5, 77.428, 77.694, 78.13, 77.968, 78.144, 78.102, 78.592, 78.606, 78.53999999999999, 79.066, 78.788, 79.226, 79.57600000000001, 79.778, 79.872, 80.604, 80.374, 80.238, 80.404, 80.692, 80.83399999999999, 81.06400000000001, 81.56, 81.628, 81.45599999999999, 81.706, 82.028, 82.14399999999999, 82.714, 82.672, 82.562, 82.65, 82.768, 83.19800000000001, 83.42, 83.682, 83.652, 83.532, 83.626, 83.952, 84.348, 84.344, 85.014, 84.856, 84.856, 84.836, 85.13, 85.264, 85.44800000000001], [73.732, 73.836, 73.804, 73.874, 73.56200000000001, 73.758, 73.744, 73.96000000000001, 73.816, 73.72, 73.94800000000001, 73.846, 73.602, 73.77, 73.87599999999999, 73.56200000000001, 73.256, 73.342, 73.508, 73.886, 74.018, 73.418, 73.844, 73.428, 73.592, 73.222, 73.33800000000001, 73.77, 73.574, 73.34, 73.35199999999999, 73.328, 73.524, 73.784, 73.59599999999999, 73.82600000000001, 73.654, 73.724, 73.55000000000001, 73.284, 73.83999999999999, 73.74000000000001, 73.706, 73.2, 73.6, 73.69200000000001, 73.49, 73.6, 73.898, 73.698, 73.27, 73.696, 73.768, 73.586, 73.49, 73.748, 73.772, 73.46000000000001, 73.58, 73.402, 73.378, 73.626, 73.784, 73.776, 73.598, 73.602, 73.906, 73.636, 73.662, 73.524, 73.578, 73.89, 73.574, 73.64, 74.002, 73.85199999999999, 73.672, 73.236, 73.332, 73.49, 73.56200000000001, 73.722, 73.604, 73.19200000000001, 73.348, 73.34, 73.52, 73.658, 73.784, 73.772, 73.624, 73.702, 73.238, 73.312, 73.322, 73.604, 73.80799999999999, 73.52199999999999, 73.63, 73.78], [71.322, 71.17599999999999, 71.39999999999999, 71.092, 70.998, 71.47, 71.458, 71.208, 71.404, 71.318, 71.304, 71.006, 71.538, 71.344, 71.294, 71.482, 71.63000000000001, 71.44800000000001, 71.46000000000001, 71.056, 71.316, 71.35000000000001, 71.30199999999999, 71.49799999999999, 71.268, 71.49600000000001, 71.568, 71.184, 70.99, 71.556, 71.352, 71.696, 71.262, 71.186, 71.26599999999999, 70.94, 70.96000000000001, 71.67999999999999, 71.504, 71.092, 71.196, 71.37400000000001, 71.006, 71.24000000000001, 71.47200000000001, 71.426, 71.21600000000001, 71.17, 71.028, 71.13000000000001, 71.09, 71.188, 71.38, 71.232, 71.49, 71.524, 71.234, 71.09400000000001, 71.234, 71.194, 71.194, 71.268, 70.98400000000001, 71.098, 71.236, 71.652, 71.292, 71.282, 70.744, 71.128, 71.358, 71.342, 71.242, 71.2, 71.286, 71.378, 71.324, 71.298, 71.286, 71.308, 71.236, 71.24000000000001, 71.47, 71.33, 71.104, 70.982, 71.10600000000001, 71.28999999999999, 71.124, 71.166, 70.86, 71.13199999999999, 71.45, 71.342, 71.304, 71.148, 71.092, 70.964, 70.956, 71.162], [85.11800000000001, 84.822, 84.726, 84.916, 84.73, 84.402, 84.446, 84.37400000000001, 84.61800000000001, 84.55799999999999, 84.576, 84.702, 84.312, 84.48, 84.58, 84.738, 84.488, 84.712, 84.846, 84.748, 84.856, 84.746, 84.886, 84.744, 84.63000000000001, 84.736, 84.768, 84.792, 84.688, 84.49, 84.646, 84.714, 84.52199999999999, 84.474, 84.65, 84.734, 84.824, 84.744, 84.718, 84.536, 84.61999999999999, 84.69200000000001, 84.604, 84.562, 84.394, 84.49, 84.578, 84.57000000000001, 84.68, 84.646, 84.634, 84.634, 84.672, 84.706, 84.396, 84.69, 84.866, 84.652, 84.786, 84.612, 84.598, 84.714, 84.718, 84.736, 84.506, 84.246, 84.55, 84.624, 84.548, 84.586, 84.622, 84.812, 84.54, 84.866, 84.706, 84.574, 84.436, 84.48, 84.706, 84.702, 84.572, 84.502, 84.566, 84.636, 84.596, 84.434, 84.486, 84.48, 84.43, 84.57000000000001, 84.49, 84.422, 84.63000000000001, 84.638, 84.248, 84.22, 84.466, 84.396, 84.524, 84.748], [73.706, 75.134, 76.364, 77.68, 79.34, 81.07600000000001, 82.85, 84.148, 85.816, 87.122, 88.20400000000001, 89.28399999999999, 90.128, 90.798, 91.338, 91.962, 92.584, 92.95400000000001, 93.304, 93.516, 93.8, 94.14, 94.274, 94.37, 94.814, 94.994, 94.94, 95.11, 95.364, 95.556, 95.594, 95.62, 95.808, 95.926, 95.964, 96.17599999999999, 96.192, 96.114, 96.14200000000001, 96.262, 96.26, 96.312, 96.42399999999999, 96.414, 96.468, 96.648, 96.626, 96.634, 96.53399999999999, 96.722, 96.658, 96.732, 96.76, 96.794, 96.796, 96.89999999999999, 96.92, 97.02, 96.956, 96.956, 97.08200000000001, 97.22800000000001, 97.134, 97.196, 97.202, 97.202, 97.296, 97.25399999999999, 97.332, 97.36200000000001, 97.356, 97.3, 97.404, 97.368, 97.284, 97.37599999999999, 97.466, 97.49799999999999, 97.482, 97.418, 97.49799999999999, 97.614, 97.53399999999999, 97.658, 97.528, 97.5, 97.636, 97.60600000000001, 97.724, 97.67, 97.614, 97.57000000000001, 97.59, 97.684, 97.698, 97.654, 97.718, 97.786, 97.726, 97.784], [81.182, 86.816, 90.83200000000001, 93.118, 94.49600000000001, 95.608, 96.09, 96.586, 96.902, 97.226, 97.224, 97.37400000000001, 97.48400000000001, 97.614, 97.784, 97.8, 97.842, 97.978, 98.06200000000001, 98.136, 98.166, 98.26, 98.168, 98.184, 98.282, 98.32, 98.366, 98.274, 98.34, 98.428, 98.42, 98.42999999999999, 98.46000000000001, 98.48599999999999, 98.574, 98.548, 98.47200000000001, 98.536, 98.584, 98.56, 98.564, 98.6, 98.70400000000001, 98.672, 98.66, 98.676, 98.58, 98.696, 98.694, 98.714, 98.688, 98.708, 98.698, 98.746, 98.81400000000001, 98.898, 98.8, 98.79400000000001, 98.81, 98.846, 98.792, 98.77, 98.80799999999999, 98.724, 98.726, 98.798, 98.9, 98.812, 98.778, 98.726, 98.816, 98.818, 98.85000000000001, 98.884, 98.836, 98.874, 98.76599999999999, 98.804, 98.926, 98.842, 98.86, 98.858, 98.888, 98.898, 98.91, 98.87599999999999, 98.8, 98.938, 98.97399999999999, 98.936, 99.008, 98.896, 98.942, 98.92, 98.94800000000001, 98.99, 99.0, 98.97399999999999, 98.95, 98.914], [61.19, 61.272000000000006, 61.370000000000005, 61.42999999999999, 61.256, 61.392, 61.376, 60.94199999999999, 60.751999999999995, 60.958, 61.156, 61.397999999999996, 61.297999999999995, 61.266, 61.434, 61.717999999999996, 61.184000000000005, 60.962, 61.017999999999994, 61.284000000000006, 60.876, 60.83, 61.436, 61.907999999999994, 61.26200000000001, 61.397999999999996, 60.9, 61.397999999999996, 61.146, 60.988, 61.556, 61.06399999999999, 61.402, 61.273999999999994, 61.916000000000004, 61.0, 61.102000000000004, 61.126000000000005, 61.028000000000006, 61.514, 61.086, 61.768, 61.651999999999994, 61.175999999999995, 61.11600000000001, 61.49400000000001, 60.928000000000004, 61.212, 61.117999999999995, 61.036, 61.29599999999999, 61.316, 61.196, 61.065999999999995, 61.156, 61.57, 61.584, 61.498, 61.426, 61.736000000000004, 61.132, 61.258, 61.368, 61.258, 60.924, 61.17399999999999, 61.448, 61.694, 61.324, 61.044, 61.431999999999995, 61.151999999999994, 61.228, 61.366, 61.726000000000006, 61.41799999999999, 61.556, 61.012, 61.395999999999994, 60.895999999999994, 61.378, 61.694, 61.75000000000001, 61.194, 61.153999999999996, 61.544, 61.47, 61.428000000000004, 61.138000000000005, 61.462, 60.804, 60.512, 61.35, 61.438, 61.187999999999995, 61.37200000000001, 61.641999999999996, 61.495999999999995, 61.046, 61.37200000000001], [88.274, 90.74799999999999, 92.712, 94.056, 95.14, 95.88, 96.348, 96.598, 96.89999999999999, 97.20400000000001, 97.37, 97.422, 97.616, 97.68, 97.68, 97.702, 97.74000000000001, 97.892, 97.86399999999999, 97.98400000000001, 98.042, 98.092, 98.176, 98.214, 98.158, 98.264, 98.184, 98.166, 98.18599999999999, 98.26599999999999, 98.298, 98.39, 98.372, 98.35000000000001, 98.36200000000001, 98.302, 98.556, 98.442, 98.37, 98.402, 98.37599999999999, 98.38799999999999, 98.504, 98.52199999999999, 98.542, 98.49799999999999, 98.48599999999999, 98.49799999999999, 98.49, 98.518, 98.578, 98.534, 98.61999999999999, 98.672, 98.642, 98.616, 98.626, 98.602, 98.61, 98.626, 98.722, 98.706, 98.624, 98.598, 98.662, 98.624, 98.63, 98.672, 98.642, 98.69200000000001, 98.68400000000001, 98.72999999999999, 98.752, 98.748, 98.738, 98.712, 98.768, 98.764, 98.714, 98.724, 98.792, 98.80799999999999, 98.72800000000001, 98.792, 98.818, 98.778, 98.83, 98.87, 98.774, 98.798, 98.694, 98.79599999999999, 98.81, 98.758, 98.786, 98.818, 98.824, 98.75, 98.81, 98.79], [69.36, 70.596, 71.1, 72.552, 73.282, 74.858, 76.112, 77.40599999999999, 78.666, 80.244, 81.41000000000001, 83.018, 84.024, 85.274, 86.496, 87.22999999999999, 88.208, 88.944, 89.748, 90.472, 90.866, 91.184, 91.732, 91.97999999999999, 92.202, 92.658, 92.884, 93.19, 93.41000000000001, 93.766, 93.964, 94.146, 94.056, 94.426, 94.488, 94.602, 94.782, 94.876, 94.878, 94.97, 95.074, 95.27799999999999, 95.25200000000001, 95.352, 95.482, 95.61800000000001, 95.65599999999999, 95.726, 95.64200000000001, 95.836, 95.88799999999999, 95.884, 95.998, 96.136, 96.15, 96.066, 95.986, 96.11800000000001, 96.17999999999999, 96.414, 96.45, 96.322, 96.414, 96.428, 96.458, 96.482, 96.55799999999999, 96.596, 96.63199999999999, 96.824, 96.736, 96.718, 96.82, 96.792, 96.82, 96.74000000000001, 96.722, 96.882, 97.036, 97.092, 96.908, 96.92399999999999, 96.946, 97.124, 97.13199999999999, 97.028, 97.086, 97.11, 97.016, 97.172, 97.09, 97.14399999999999, 97.178, 97.218, 97.13000000000001, 97.09400000000001, 97.218, 97.372, 97.38799999999999, 97.206]]
Total Delta Gamma: [0.85804137 0.25768133 1.07991581 1.15452887 0.60432251 0.34930241
 0.92912849 0.81288924 0.08783807 0.94943778]
Total Delta R: [0.51720011 0.70400347 1.17058775 0.81423963 0.97820148 0.82269006
 0.72607247 0.93045749 1.07033817 0.7703428 ]
