Complexity increased keeping gamma very unbalanced, and increasing K (K=2)
==================================================

N (neurons): 3
K (states): 2
T (time steps): 50000
Seed: None
Number of repetitions: 10

Initialization of parameters for HMM:
Pi: [1 0]
Gamma: [[0.9 0.1]
 [0.1 0.9]]
R: [[0.5 0. ]
 [0.  0.5]
 [0.5 0. ]
 [0.  0.5]]

Generated data:
Generated firings (y): [2 2 0 2 2 0 2 2 2 2 2 3 3 1 3 3 3 1 1 3 1 1 1 3 2 0 0 0 0 1 3 3 1 1 1 0 1
 1 3 1 1 1 3 1 1 1 1 3 2 2 2 0 2 0 0 2 0 0 1 0 2 3 1 3 2 2 0 0 2 0 2 0 0 2
 2 2 2 0 1 1 1 3 3 3 3 3 1 3 3 1 1 1 1 3 1 3 1 1 1 3]... (showing first 100 entries)
Generated states (z): [0 0 0 0 0 0 0 0 0 0 0 1 1 1 1 1 1 1 1 1 1 1 1 1 0 0 0 0 0 1 1 1 1 1 1 0 1
 1 1 1 1 1 1 1 1 1 1 1 0 0 0 0 0 0 0 0 0 0 1 0 0 1 1 1 0 0 0 0 0 0 0 0 0 0
 0 0 0 0 1 1 1 1 1 1 1 1 1 1 1 1 1 1 1 1 1 1 1 1 1 1]... (showing first 100 entries)

Estimated parameters:
Estimated Pi: [array([0.61011293, 0.38988707]), array([0.56104653, 0.43895347]), array([0.50219974, 0.49780026]), array([0.45031847, 0.54968153]), array([0.55841138, 0.44158862]), array([0.65892166, 0.34107834]), array([0.41889221, 0.58110779]), array([0.45306589, 0.54693411]), array([0.68874174, 0.31125826]), array([0.52056271, 0.47943729])]
Estimated Gamma: [array([[0.31725563, 0.68274437],
       [0.37253636, 0.62746364]]), array([[0.99537278, 0.00462722],
       [0.26017357, 0.73982643]]), array([[0.76936138, 0.23063862],
       [0.29157188, 0.70842812]]), array([[0.04529389, 0.95470611],
       [0.05589176, 0.94410824]]), array([[0.47226046, 0.52773954],
       [0.40590407, 0.59409593]]), array([[0.42164023, 0.57835977],
       [0.71870278, 0.28129722]]), array([[0.06702156, 0.93297844],
       [0.2090928 , 0.7909072 ]]), array([[0.64187267, 0.35812733],
       [0.51294857, 0.48705143]]), array([[0.59300342, 0.40699658],
       [0.00508799, 0.99491201]]), array([[0.95897458, 0.04102542],
       [0.97760034, 0.02239966]])]
Estimated R: [array([[0.00640397, 0.01765023],
       [0.05226217, 0.02404185],
       [0.93431676, 0.9494262 ],
       [0.00701711, 0.00888172]]), array([[0.01382425, 0.02267659],
       [0.00656625, 0.0790306 ],
       [0.92732674, 0.88848726],
       [0.05228276, 0.00980556]]), array([[0.02229337, 0.02534511],
       [0.01795007, 0.01229787],
       [0.94822256, 0.94227017],
       [0.011534  , 0.02008685]]), array([[0.00219079, 0.02515997],
       [0.00112272, 0.01003111],
       [0.97340205, 0.93636998],
       [0.02328444, 0.02843893]]), array([[0.02169061, 0.02483131],
       [0.01050125, 0.00207769],
       [0.95550713, 0.97103325],
       [0.01230101, 0.00205775]]), array([[8.26220087e-03, 4.55115562e-02],
       [7.85537516e-04, 3.29090245e-02],
       [9.85999367e-01, 9.18344485e-01],
       [4.95289464e-03, 3.23493405e-03]]), array([[0.01340832, 0.00908527],
       [0.01395492, 0.00239231],
       [0.96144876, 0.97255429],
       [0.011188  , 0.01596813]]), array([[0.04297397, 0.06698269],
       [0.01309883, 0.00576144],
       [0.92652127, 0.90920697],
       [0.01740594, 0.0180489 ]]), array([[0.00284314, 0.07561339],
       [0.01750916, 0.01691882],
       [0.9424052 , 0.90425414],
       [0.0372425 , 0.00321364]]), array([[0.01348722, 0.00107409],
       [0.04051157, 0.12040442],
       [0.93502561, 0.84936511],
       [0.0109756 , 0.02915637]])]

Total NMI: [[1.0, 1.0, 1.0, 0.0, 1.0, 0.0, 1.0, 1.0, 0.0, 0.0, 1.0, 1.0, 1.0, 0.0, 0.0, 0.0, 1.0, 0.0, 1.0, 0.0, 0.0, 0.0, 0.0, 1.0, 0.0, 1.0, 1.0, 1.0, 0.0, 0.0, 1.0, 0.0, 1.0, 1.0, 0.0, 1.0, 0.0, 0.0, 1.0, 1.0, 0.0, 0.0, 0.0, 0.0, 1.0, 0.0, 1.0, 0.0, 1.0, 0.0], [1.0, 1.0, 0.0, 0.0, 1.0, 1.0, 1.0, 1.0, 1.0, 1.0, 1.0, 1.0, 1.0, 1.0, 1.0, 1.0, 1.0, 1.0, 1.0, 1.0, 1.0, 1.0, 1.0, 1.0, 1.0, 1.0, 1.0, 1.0, 1.0, 1.0, 1.0, 1.0, 1.0, 1.0, 1.0, 0.0, 0.0, 1.0, 1.0, 0.0, 0.0, 1.0, 1.0, 1.0, 1.0, 1.0, 1.0, 1.0, 1.0, 1.0], [0.0, 0.0, 0.0, 0.0, 0.0, 1.0, 0.0, 1.0, 1.0, 1.0, 1.0, 1.0, 0.0, 0.0, 1.0, 1.0, 0.0, 0.0, 0.0, 0.0, 0.0, 0.0, 1.0, 1.0, 1.0, 0.0, 1.0, 0.0, 1.0, 1.0, 1.0, 0.0, 0.0, 0.0, 0.0, 1.0, 1.0, 0.0, 1.0, 0.0, 0.0, 1.0, 0.0, 0.0, 1.0, 1.0, 0.0, 1.0, 1.0, 1.0], [0.0, 0.0, 1.0, 1.0, 1.0, 1.0, 0.0, 1.0, 0.0, 0.0, 1.0, 0.0, 1.0, 0.0, 0.0, 0.0, 0.0, 0.0, 0.0, 0.0, 1.0, 0.0, 1.0, 1.0, 0.0, 1.0, 1.0, 0.0, 0.0, 0.0, 0.0, 0.0, 0.0, 1.0, 1.0, 1.0, 0.0, 0.0, 1.0, 1.0, 0.0, 1.0, 1.0, 0.0, 1.0, 0.0, 0.0, 0.0, 1.0, 1.0], [0.0, 1.0, 0.0, 1.0, 0.0, 1.0, 1.0, 0.0, 1.0, 0.0, 0.0, 0.0, 0.0, 0.0, 0.0, 1.0, 0.0, 0.0, 0.0, 1.0, 1.0, 1.0, 0.0, 0.0, 1.0, 1.0, 0.0, 1.0, 1.0, 0.0, 1.0, 0.0, 1.0, 0.0, 0.0, 0.0, 0.0, 1.0, 0.0, 1.0, 1.0, 0.0, 1.0, 0.0, 1.0, 1.0, 0.0, 0.0, 1.0, 0.0], [1.0, 0.0, 0.0, 1.0, 1.0, 0.0, 0.0, 1.0, 1.0, 1.0, 0.0, 0.0, 1.0, 1.0, 0.0, 1.0, 0.0, 0.0, 0.0, 1.0, 1.0, 1.0, 0.0, 0.0, 0.0, 0.0, 1.0, 1.0, 1.0, 1.0, 1.0, 0.0, 0.0, 1.0, 1.0, 1.0, 1.0, 1.0, 1.0, 0.0, 0.0, 1.0, 1.0, 1.0, 0.0, 0.0, 1.0, 1.0, 0.0, 1.0], [1.0, 1.0, 1.0, 1.0, 0.0, 1.0, 1.0, 1.0, 0.0, 1.0, 1.0, 0.0, 1.0, 1.0, 0.0, 0.0, 0.0, 1.0, 0.0, 1.0, 1.0, 0.0, 0.0, 1.0, 1.0, 1.0, 1.0, 1.0, 1.0, 1.0, 1.0, 0.0, 1.0, 0.0, 0.0, 0.0, 1.0, 1.0, 0.0, 1.0, 1.0, 1.0, 1.0, 1.0, 1.0, 0.0, 0.0, 1.0, 0.0, 1.0], [1.0, 1.0, 0.0, 0.0, 0.0, 1.0, 1.0, 0.0, 0.0, 1.0, 1.0, 0.0, 1.0, 0.0, 0.0, 1.0, 0.0, 0.0, 0.0, 1.0, 0.0, 0.0, 0.0, 0.0, 0.0, 1.0, 1.0, 1.0, 0.0, 0.0, 0.0, 0.0, 0.0, 1.0, 0.0, 0.0, 1.0, 0.0, 0.0, 1.0, 0.0, 0.0, 0.0, 1.0, 1.0, 0.0, 1.0, 0.0, 1.0, 1.0], [0.0, 1.0, 0.0, 1.0, 0.0, 1.0, 1.0, 1.0, 1.0, 1.0, 1.0, 1.0, 1.0, 1.0, 1.0, 1.0, 1.0, 0.0, 0.0, 1.0, 0.0, 1.0, 1.0, 0.0, 1.0, 1.0, 1.0, 0.0, 0.0, 1.0, 1.0, 1.0, 0.0, 1.0, 0.0, 1.0, 0.0, 0.0, 1.0, 1.0, 0.0, 1.0, 0.0, 1.0, 1.0, 0.0, 0.0, 1.0, 1.0, 0.0], [1.0, 0.0, 0.0, 1.0, 1.0, 1.0, 0.0, 1.0, 1.0, 1.0, 0.0, 0.0, 1.0, 1.0, 0.0, 1.0, 0.0, 0.0, 0.0, 1.0, 0.0, 0.0, 1.0, 1.0, 1.0, 0.0, 1.0, 1.0, 0.0, 1.0, 0.0, 1.0, 0.0, 1.0, 0.0, 1.0, 0.0, 1.0, 1.0, 0.0, 1.0, 0.0, 0.0, 0.0, 0.0, 1.0, 0.0, 0.0, 1.0, 1.0]]
Total Percentage: [[100.0, 100.0, 0.0, 50.0, 100.0, 50.0, 100.0, 0.0, 50.0, 50.0, 0.0, 0.0, 0.0, 50.0, 50.0, 50.0, 100.0, 50.0, 0.0, 50.0, 50.0, 50.0, 50.0, 0.0, 50.0, 100.0, 100.0, 100.0, 50.0, 50.0, 0.0, 50.0, 100.0, 0.0, 50.0, 100.0, 50.0, 50.0, 100.0, 0.0, 50.0, 50.0, 50.0, 50.0, 0.0, 50.0, 100.0, 50.0, 100.0, 50.0], [0.0, 0.0, 50.0, 50.0, 0.0, 0.0, 0.0, 0.0, 0.0, 100.0, 0.0, 0.0, 100.0, 100.0, 100.0, 0.0, 0.0, 0.0, 0.0, 0.0, 0.0, 0.0, 0.0, 0.0, 0.0, 0.0, 0.0, 0.0, 0.0, 0.0, 0.0, 0.0, 0.0, 0.0, 0.0, 50.0, 50.0, 0.0, 100.0, 50.0, 50.0, 0.0, 0.0, 0.0, 0.0, 0.0, 0.0, 0.0, 0.0, 0.0], [50.0, 50.0, 50.0, 50.0, 50.0, 100.0, 50.0, 0.0, 100.0, 0.0, 100.0, 100.0, 50.0, 50.0, 0.0, 100.0, 50.0, 50.0, 50.0, 50.0, 50.0, 50.0, 100.0, 100.0, 0.0, 50.0, 100.0, 50.0, 0.0, 100.0, 0.0, 50.0, 50.0, 50.0, 50.0, 0.0, 0.0, 50.0, 100.0, 50.0, 50.0, 100.0, 50.0, 50.0, 100.0, 100.0, 50.0, 0.0, 100.0, 100.0], [50.0, 50.0, 100.0, 100.0, 100.0, 0.0, 50.0, 0.0, 50.0, 50.0, 100.0, 50.0, 100.0, 50.0, 50.0, 50.0, 50.0, 50.0, 50.0, 50.0, 100.0, 50.0, 100.0, 100.0, 50.0, 100.0, 100.0, 50.0, 50.0, 50.0, 50.0, 50.0, 50.0, 100.0, 100.0, 100.0, 50.0, 50.0, 100.0, 100.0, 50.0, 100.0, 100.0, 50.0, 100.0, 50.0, 50.0, 50.0, 100.0, 100.0], [50.0, 0.0, 50.0, 100.0, 50.0, 100.0, 100.0, 50.0, 0.0, 50.0, 50.0, 50.0, 50.0, 50.0, 50.0, 100.0, 50.0, 50.0, 50.0, 0.0, 100.0, 0.0, 50.0, 50.0, 0.0, 100.0, 50.0, 0.0, 0.0, 50.0, 0.0, 50.0, 100.0, 50.0, 50.0, 50.0, 50.0, 100.0, 50.0, 100.0, 0.0, 50.0, 100.0, 50.0, 0.0, 0.0, 50.0, 50.0, 0.0, 50.0], [0.0, 50.0, 50.0, 100.0, 0.0, 50.0, 50.0, 0.0, 0.0, 0.0, 50.0, 50.0, 100.0, 0.0, 50.0, 100.0, 50.0, 50.0, 50.0, 100.0, 100.0, 0.0, 50.0, 50.0, 50.0, 50.0, 100.0, 100.0, 0.0, 0.0, 0.0, 50.0, 50.0, 0.0, 0.0, 0.0, 0.0, 0.0, 0.0, 50.0, 50.0, 0.0, 0.0, 0.0, 50.0, 50.0, 0.0, 0.0, 50.0, 0.0], [100.0, 100.0, 100.0, 100.0, 50.0, 100.0, 100.0, 100.0, 50.0, 100.0, 0.0, 50.0, 100.0, 100.0, 50.0, 50.0, 50.0, 100.0, 50.0, 100.0, 100.0, 50.0, 50.0, 0.0, 0.0, 100.0, 100.0, 100.0, 100.0, 100.0, 100.0, 50.0, 100.0, 50.0, 50.0, 50.0, 0.0, 100.0, 50.0, 100.0, 100.0, 100.0, 0.0, 0.0, 100.0, 50.0, 50.0, 100.0, 50.0, 0.0], [0.0, 100.0, 50.0, 50.0, 50.0, 100.0, 100.0, 50.0, 50.0, 0.0, 0.0, 50.0, 0.0, 50.0, 50.0, 100.0, 50.0, 50.0, 50.0, 0.0, 50.0, 50.0, 50.0, 50.0, 50.0, 100.0, 0.0, 0.0, 50.0, 50.0, 50.0, 50.0, 50.0, 100.0, 50.0, 50.0, 100.0, 50.0, 50.0, 100.0, 50.0, 50.0, 50.0, 0.0, 0.0, 50.0, 0.0, 50.0, 100.0, 0.0], [50.0, 0.0, 50.0, 100.0, 50.0, 100.0, 0.0, 0.0, 0.0, 0.0, 0.0, 0.0, 0.0, 0.0, 0.0, 0.0, 0.0, 50.0, 50.0, 0.0, 50.0, 100.0, 100.0, 50.0, 0.0, 0.0, 100.0, 50.0, 50.0, 0.0, 100.0, 0.0, 50.0, 100.0, 50.0, 0.0, 50.0, 50.0, 0.0, 0.0, 50.0, 100.0, 50.0, 0.0, 100.0, 50.0, 50.0, 0.0, 0.0, 50.0], [100.0, 50.0, 50.0, 100.0, 100.0, 0.0, 50.0, 100.0, 100.0, 100.0, 50.0, 50.0, 100.0, 100.0, 50.0, 100.0, 50.0, 50.0, 50.0, 100.0, 50.0, 50.0, 100.0, 100.0, 100.0, 50.0, 100.0, 100.0, 50.0, 100.0, 50.0, 100.0, 50.0, 100.0, 50.0, 100.0, 50.0, 100.0, 100.0, 50.0, 100.0, 50.0, 50.0, 50.0, 50.0, 100.0, 50.0, 50.0, 100.0, 100.0]]
Total Delta Gamma: [1.21159236 1.09061086 1.14575395 0.62341556 1.2367309  1.19631104
 0.58592703 1.42181236 1.54169261 0.12692149]
Total Delta R: [0.5991154  0.6917895  0.76374688 0.64665254 0.78476742 0.90336472
 0.92604698 0.65950439 0.75935696 0.73411342]
