Complexity increased keeping gamma very unbalanced, and increasing K (K=2)
==================================================

N (neurons): 3
K (states): 2
T (time steps): 50000
Seed: None
Number of repetitions: 10

Initialization of parameters for HMM:
Pi: [1 0]
Gamma: [[0.9 0.1]
 [0.1 0.9]]
R: [[0.5 0. ]
 [0.  0.5]
 [0.5 0. ]
 [0.  0.5]]

Generated data:
Generated firings (y): [2 2 2 2 0 2 1 3 1 1 1 3 3 3 1 1 3 1 3 1 1 3 3 1 1 1 3 3 1 0 0 0 2 2 0 0 0
 0 1 1 1 1 1 1 3 0 2 2 2 0 2 2 2 0 0 2 1 1 3 3 1 3 1 1 3 3 1 1 2 0 2 0 0 0
 2 3 1 3 3 1 1 1 3 2 0 0 0 2 2 0 0 0 3 1 3 3 2 0 2 2]... (showing first 100 entries)
Generated states (z): [0 0 0 0 0 0 1 1 1 1 1 1 1 1 1 1 1 1 1 1 1 1 1 1 1 1 1 1 1 0 0 0 0 0 0 0 0
 0 1 1 1 1 1 1 1 0 0 0 0 0 0 0 0 0 0 0 1 1 1 1 1 1 1 1 1 1 1 1 0 0 0 0 0 0
 0 1 1 1 1 1 1 1 1 0 0 0 0 0 0 0 0 0 1 1 1 1 0 0 0 0]... (showing first 100 entries)

Estimated parameters:
Estimated Pi: [array([0.99541267, 0.00458733]), array([0.2531916, 0.7468084]), array([0.99790942, 0.00209058]), array([0.09519074, 0.90480926]), array([0.57627431, 0.42372569]), array([0.4564231, 0.5435769]), array([0.81511597, 0.18488403]), array([0.98726581, 0.01273419]), array([0.95650753, 0.04349247]), array([0.99694879, 0.00305121])]
Estimated Gamma: [array([[0.90883388, 0.09116612],
       [0.08909989, 0.91090011]]), array([[0.59540691, 0.40459309],
       [0.67733746, 0.32266254]]), array([[0.91039016, 0.08960984],
       [0.08702494, 0.91297506]]), array([[0.81483014, 0.18516986],
       [0.12721629, 0.87278371]]), array([[0.90508887, 0.09491113],
       [0.93151595, 0.06848405]]), array([[0.52757108, 0.47242892],
       [0.41104131, 0.58895869]]), array([[0.92800055, 0.07199945],
       [0.967038  , 0.032962  ]]), array([[0.90809996, 0.09190004],
       [0.08790422, 0.91209578]]), array([[0.81789151, 0.18210849],
       [0.17889666, 0.82110334]]), array([[0.90566797, 0.09433203],
       [0.09005233, 0.90994767]])]
Estimated R: [array([[0.48548494, 0.00741732],
       [0.01201551, 0.4983155 ],
       [0.49186804, 0.00703504],
       [0.01063151, 0.48723213]]), array([[0.28438228, 0.17705781],
       [0.32473635, 0.14503013],
       [0.14249972, 0.42306854],
       [0.24838165, 0.25484352]]), array([[0.4878151 , 0.00671001],
       [0.0072751 , 0.50139942],
       [0.49895067, 0.00252215],
       [0.00595913, 0.48936842]]), array([[0.01454874, 0.40042327],
       [0.39652378, 0.16341542],
       [0.00249874, 0.41347792],
       [0.58642875, 0.02268339]]), array([[0.23364736, 0.35251788],
       [0.27970327, 0.03162019],
       [0.24492151, 0.27378973],
       [0.24172786, 0.34207221]]), array([[0.29467213, 0.19949752],
       [0.46003775, 0.08158273],
       [0.19619733, 0.29274148],
       [0.04909279, 0.42617827]]), array([[0.21625586, 0.62281102],
       [0.27209964, 0.06904128],
       [0.26266982, 0.04459576],
       [0.24897469, 0.26355194]]), array([[0.49427799, 0.00431611],
       [0.00375844, 0.50107735],
       [0.49888763, 0.00546135],
       [0.00307594, 0.48914518]]), array([[0.42229461, 0.07003963],
       [0.10848094, 0.40340873],
       [0.44416758, 0.05441326],
       [0.02505686, 0.47213838]]), array([[0.48342783, 0.01668549],
       [0.01575915, 0.48768451],
       [0.5000902 , 0.0066841 ],
       [0.00072283, 0.4889459 ]])]

