Complexity increased keeping gamma very unbalanced, and increasing K and N (K=7, N=8)
==================================================

N (neurons): 8
K (states): 7
T (time steps): 100000
Seed: None
Number of repetitions: 10
Number of iterations: 100

Initialization of parameters for HMM:
Pi: [1 0 0 0 0 0 0]
Gamma: [[0.7  0.05 0.05 0.05 0.05 0.05 0.05]
 [0.05 0.7  0.05 0.05 0.05 0.05 0.05]
 [0.05 0.05 0.7  0.05 0.05 0.05 0.05]
 [0.05 0.05 0.05 0.7  0.05 0.05 0.05]
 [0.05 0.05 0.05 0.05 0.7  0.05 0.05]
 [0.05 0.05 0.05 0.05 0.05 0.7  0.05]
 [0.05 0.05 0.05 0.05 0.05 0.05 0.7 ]]
R: [[0.5 0.  0.  0.  0.  0.  0. ]
 [0.  0.5 0.  0.  0.  0.  0. ]
 [0.5 0.  0.5 0.  0.  0.  0. ]
 [0.  0.5 0.  0.5 0.  0.  0. ]
 [0.  0.  0.5 0.  0.5 0.  0. ]
 [0.  0.  0.  0.5 0.  0.5 0. ]
 [0.  0.  0.  0.  0.5 0.  0.5]
 [0.  0.  0.  0.  0.  0.5 0. ]
 [0.  0.  0.  0.  0.  0.  0.5]]

Generated data:
Generated firings (y): [2 6 4 4 4 6 6 4 6 7 5 5 7 7 4 4 2 2 0 2 7 5 7 5 5 5 5 7 7 2 2 0 2 5 1 3 0
 2 2 0 0 0 0 0 2 5 5 5 7 0 3 3 5 2 0 2 2 2 4 2 2 4 0 2 5 7 5 5 5 5 3 3 3 4
 4 4 0 0 2 0 2 0 2 8 6 6 2 6 6 6 4 7 5 5 0 4 4 3 0 0]... (showing first 100 entries)
Generated states (z): [0 4 4 4 4 4 4 4 4 5 5 5 5 5 2 2 2 2 0 0 5 5 5 5 5 5 5 5 5 0 0 0 0 3 1 3 0
 0 0 0 0 0 0 0 0 5 5 5 5 0 3 3 3 0 0 0 2 2 2 2 2 2 0 0 5 5 5 5 5 5 1 1 1 2
 2 2 0 0 0 0 0 0 0 6 6 6 0 4 4 4 4 5 5 5 0 2 2 3 0 0]... (showing first 100 entries)

Estimated parameters:
Estimated Pi: [array([0.14487912, 0.07355308, 0.07196066, 0.10122043, 0.36987709,
       0.19719421, 0.04131541]), array([0.01111601, 0.01392321, 0.21544889, 0.18262474, 0.04680703,
       0.45363599, 0.07644413]), array([0.15694309, 0.03246975, 0.05245469, 0.12729211, 0.50866079,
       0.11780901, 0.00437056]), array([0.11215258, 0.10283994, 0.23431488, 0.12655546, 0.24968209,
       0.15747238, 0.01698267]), array([0.10237158, 0.02051014, 0.43023604, 0.12409283, 0.28545588,
       0.0301598 , 0.00717374]), array([0.06624948, 0.03737983, 0.31447677, 0.02251182, 0.38641372,
       0.11879634, 0.05417205]), array([0.23579807, 0.1564799 , 0.11795057, 0.23586443, 0.12259524,
       0.12252486, 0.00878693]), array([0.35160116, 0.06138812, 0.00117773, 0.17989219, 0.08818678,
       0.11344174, 0.20431229]), array([0.22876185, 0.00252808, 0.05439875, 0.28248793, 0.31057157,
       0.07511032, 0.0461415 ]), array([0.08628282, 0.00902738, 0.31200811, 0.4458255 , 0.01874091,
       0.02609287, 0.10202241])]
Estimated Gamma: [array([[0.13542639, 0.34213899, 0.01531106, 0.05344124, 0.30265673,
        0.09414566, 0.05687992],
       [0.08061399, 0.04263724, 0.00999347, 0.14127453, 0.0418132 ,
        0.09500505, 0.58866251],
       [0.00134077, 0.02277414, 0.64428654, 0.09080456, 0.0404984 ,
        0.13480982, 0.06548577],
       [0.08245437, 0.06300201, 0.1137618 , 0.61982426, 0.01719411,
        0.07845233, 0.02531113],
       [0.09375731, 0.21898762, 0.29277659, 0.06562887, 0.24080587,
        0.07990412, 0.00813962],
       [0.01024174, 0.37115068, 0.03380045, 0.10044251, 0.07498945,
        0.36366396, 0.04571122],
       [0.06484257, 0.4307663 , 0.05773712, 0.03123963, 0.0215356 ,
        0.36058101, 0.03329776]]), array([[0.54066748, 0.16825375, 0.00423677, 0.11620898, 0.12834923,
        0.01699315, 0.02529064],
       [0.1456905 , 0.48011408, 0.21092257, 0.00565075, 0.01874508,
        0.03436843, 0.1045086 ],
       [0.00837977, 0.31474202, 0.37658411, 0.01671741, 0.03373799,
        0.01872584, 0.23111286],
       [0.02352623, 0.01561059, 0.09846522, 0.0533887 , 0.59550923,
        0.0545986 , 0.15890142],
       [0.28444647, 0.06734559, 0.03926971, 0.20047261, 0.19751603,
        0.17701018, 0.0339394 ],
       [0.05526652, 0.03129906, 0.06962603, 0.11748081, 0.02185603,
        0.58965259, 0.11481897],
       [0.12102487, 0.09270821, 0.1378446 , 0.00286866, 0.0891525 ,
        0.26700538, 0.28939578]]), array([[0.44742212, 0.1545169 , 0.00266039, 0.10242945, 0.03229878,
        0.15146899, 0.10920337],
       [0.27178652, 0.09277715, 0.05526474, 0.00983931, 0.53562151,
        0.01492077, 0.01979001],
       [0.06060395, 0.03439743, 0.41030435, 0.11319133, 0.08889138,
        0.0030258 , 0.28958576],
       [0.0047265 , 0.01342114, 0.17669076, 0.5775051 , 0.06940531,
        0.05686284, 0.10138833],
       [0.14049109, 0.0734312 , 0.09143289, 0.16336441, 0.48706395,
        0.00544242, 0.03877402],
       [0.19679454, 0.02818289, 0.11737735, 0.04399134, 0.02095548,
        0.28538345, 0.30731494],
       [0.11261836, 0.0193612 , 0.29870079, 0.08995326, 0.01070598,
        0.1050499 , 0.36361052]]), array([[8.34044222e-02, 1.32995598e-01, 1.18823868e-01, 5.97207840e-02,
        4.37474964e-01, 1.29138144e-01, 3.84422195e-02],
       [6.99140691e-02, 5.42276822e-01, 3.51925182e-02, 2.26970229e-01,
        3.90218691e-03, 2.34732353e-02, 9.82709396e-02],
       [1.59694668e-01, 2.96417991e-01, 2.33813538e-01, 2.66411823e-02,
        1.90038597e-01, 1.46947086e-02, 7.86993157e-02],
       [2.81818819e-04, 4.86426591e-01, 7.68424415e-03, 6.67710754e-02,
        3.06355890e-02, 2.82721671e-01, 1.25479010e-01],
       [6.62292450e-02, 1.59087995e-02, 1.31376271e-01, 7.79235046e-03,
        6.56497070e-01, 8.82145112e-02, 3.39817532e-02],
       [9.96626015e-02, 1.99524244e-01, 1.92426974e-01, 7.36848784e-03,
        1.94575148e-01, 9.12205061e-02, 2.15222038e-01],
       [3.97366923e-03, 2.67796071e-01, 8.86170978e-02, 3.74457907e-01,
        4.98109557e-03, 3.31304202e-03, 2.56861118e-01]]), array([[1.86231909e-01, 2.84797400e-01, 1.82631219e-01, 1.82561161e-01,
        2.97387323e-02, 5.94555044e-02, 7.45840751e-02],
       [4.34031621e-01, 1.59870821e-01, 1.55265508e-02, 1.57360724e-02,
        9.89337180e-02, 1.71672300e-01, 1.04228917e-01],
       [2.18325900e-01, 7.12178598e-02, 3.42857050e-01, 7.63901790e-02,
        3.75138985e-02, 1.79739091e-01, 7.39560215e-02],
       [2.57747889e-01, 3.59550392e-02, 7.23518097e-02, 2.65460434e-01,
        3.24069098e-01, 4.35018802e-02, 9.13849640e-04],
       [1.60862349e-01, 9.70108370e-02, 2.10941740e-01, 7.90871910e-02,
        2.79255360e-01, 1.07340531e-01, 6.55019917e-02],
       [8.98620410e-03, 5.66108139e-02, 1.74981458e-01, 2.95009414e-02,
        9.43879381e-02, 5.38533218e-01, 9.69994270e-02],
       [8.94669743e-02, 3.73457509e-02, 6.25248195e-04, 4.77673320e-02,
        1.84902074e-03, 5.58353153e-02, 7.67110359e-01]]), array([[0.34033731, 0.11434025, 0.03159655, 0.08919438, 0.36481259,
        0.00622635, 0.05349257],
       [0.14061794, 0.42569516, 0.30272673, 0.00721674, 0.0305577 ,
        0.05763895, 0.03554678],
       [0.09018882, 0.32960751, 0.08363837, 0.01350997, 0.06983412,
        0.23573925, 0.17748196],
       [0.06375247, 0.00335225, 0.02665714, 0.7217893 , 0.05556685,
        0.07501701, 0.05386498],
       [0.31151488, 0.19130959, 0.14248721, 0.01188967, 0.03207178,
        0.18217346, 0.12855341],
       [0.07966841, 0.0249895 , 0.0527295 , 0.11549542, 0.01358285,
        0.69682152, 0.0167128 ],
       [0.02181997, 0.06212485, 0.06871245, 0.03588214, 0.08306062,
        0.04699413, 0.68140582]]), array([[5.32786872e-01, 8.97662146e-02, 8.32590908e-02, 1.83715432e-01,
        1.01533561e-01, 5.59723571e-03, 3.34159355e-03],
       [2.79151165e-01, 5.57845155e-02, 4.25646279e-01, 5.68408254e-02,
        9.10672708e-02, 9.13724159e-02, 1.37528855e-04],
       [1.91040155e-02, 5.75281978e-02, 3.52718265e-02, 1.20407956e-01,
        1.60121009e-01, 5.22916166e-01, 8.46508297e-02],
       [2.58727092e-01, 1.86333701e-02, 1.00232728e-01, 3.81502993e-01,
        1.61122836e-01, 7.20927477e-02, 7.68823189e-03],
       [2.43353346e-01, 1.75593638e-01, 2.71223469e-01, 1.00689760e-01,
        1.32855325e-01, 2.45631315e-02, 5.17213301e-02],
       [6.46690943e-02, 1.22786364e-01, 1.28939191e-01, 4.53232072e-03,
        1.44122150e-01, 1.34700304e-01, 4.00250576e-01],
       [4.39979356e-02, 2.86797006e-01, 4.00058213e-02, 7.29948352e-02,
        5.64582278e-02, 4.05898169e-01, 9.38480047e-02]]), array([[0.41301583, 0.0450668 , 0.05160522, 0.04379049, 0.01257239,
        0.42882584, 0.00512343],
       [0.16111586, 0.08741859, 0.14722808, 0.02061803, 0.42181558,
        0.05838805, 0.10341581],
       [0.03781419, 0.04397244, 0.74416666, 0.11535853, 0.01939656,
        0.0171376 , 0.02215401],
       [0.24858345, 0.11072265, 0.1236856 , 0.06153302, 0.21128386,
        0.07952973, 0.16466169],
       [0.07178671, 0.46840521, 0.00645929, 0.24909838, 0.1491928 ,
        0.01459805, 0.04045955],
       [0.5434011 , 0.10157033, 0.11571078, 0.00241809, 0.01417648,
        0.092547  , 0.13017622],
       [0.08478465, 0.08501126, 0.07716051, 0.02992811, 0.00524429,
        0.01656114, 0.70131005]]), array([[0.11336471, 0.08226685, 0.04758302, 0.0943097 , 0.18876887,
        0.37541206, 0.09829479],
       [0.00087622, 0.44044394, 0.42083822, 0.10498193, 0.00227957,
        0.02188416, 0.00869596],
       [0.23848595, 0.09994157, 0.19630189, 0.01692249, 0.05232884,
        0.05748883, 0.33853043],
       [0.12875979, 0.00670303, 0.08714512, 0.28049765, 0.40094739,
        0.08528249, 0.01066453],
       [0.03283026, 0.00233339, 0.03058777, 0.26012419, 0.60875314,
        0.03024528, 0.03512596],
       [0.41585089, 0.00793295, 0.19775803, 0.00166432, 0.04005717,
        0.23936269, 0.09737395],
       [0.11423498, 0.22829315, 0.2055661 , 0.00402473, 0.10175297,
        0.34403665, 0.00209142]]), array([[0.15487332, 0.00654926, 0.0293613 , 0.15625781, 0.05805241,
        0.03451674, 0.56038916],
       [0.1210009 , 0.03394079, 0.48692686, 0.26483239, 0.01345929,
        0.00293453, 0.07690525],
       [0.0071234 , 0.00130551, 0.62968441, 0.18936201, 0.09001381,
        0.0376244 , 0.04488646],
       [0.1015606 , 0.028054  , 0.24397944, 0.42937717, 0.01088944,
        0.00190233, 0.18423703],
       [0.03164466, 0.01272027, 0.02549251, 0.04301349, 0.67773459,
        0.09011188, 0.11928261],
       [0.51596666, 0.10283921, 0.02894819, 0.05627603, 0.20373648,
        0.02983378, 0.06239965],
       [0.48401021, 0.12394361, 0.06379818, 0.00112916, 0.19828692,
        0.05141339, 0.07741852]])]
Estimated R: [array([[1.13034442e-01, 9.20555214e-02, 1.36842679e-02, 6.88666139e-03,
        5.56172418e-02, 7.50748417e-02, 1.87157413e-01],
       [2.49372750e-02, 6.51061239e-02, 2.82684108e-02, 6.84278997e-03,
        5.48104309e-03, 2.30477501e-01, 5.49106021e-02],
       [2.48149144e-01, 2.06601007e-01, 4.72450988e-02, 8.29790740e-02,
        4.49023458e-01, 1.71610050e-01, 1.76486881e-02],
       [1.45302416e-02, 2.31632014e-01, 7.51917410e-02, 8.23529443e-02,
        5.62629945e-02, 1.97693440e-01, 2.01910044e-01],
       [3.01142236e-01, 3.85780663e-02, 1.03901490e-02, 5.05169338e-01,
        1.08837041e-01, 1.42561645e-02, 7.00264277e-02],
       [1.27978334e-02, 1.60197511e-01, 1.55680673e-02, 2.73007293e-02,
        9.77670213e-02, 2.44375806e-01, 3.51668557e-01],
       [1.93777273e-02, 2.73551691e-02, 4.07310070e-01, 2.83339973e-01,
        1.25006401e-01, 4.59259124e-02, 2.20904939e-03],
       [2.62997388e-01, 1.78122459e-01, 1.50531356e-02, 2.58066355e-03,
        4.56144108e-02, 3.54202233e-03, 1.10250958e-01],
       [3.03371131e-03, 3.52127808e-04, 3.87289059e-01, 2.54782580e-03,
        5.63903893e-02, 1.70442623e-02, 4.21826101e-03]]), array([[3.84817793e-04, 7.42060023e-04, 4.48697105e-04, 1.37325033e-01,
        1.30152480e-01, 2.43666218e-01, 4.17581357e-02],
       [3.81591876e-02, 1.52932653e-03, 2.07559364e-03, 1.86916047e-01,
        4.17314223e-01, 9.51927192e-03, 3.29874259e-03],
       [3.50097419e-03, 2.61465770e-03, 6.77088879e-02, 1.25224085e-01,
        4.29147716e-02, 5.94748365e-01, 1.26415261e-01],
       [5.31374903e-01, 9.18028570e-02, 3.23539034e-03, 1.88856410e-01,
        2.02092411e-02, 3.21922422e-02, 9.87203741e-03],
       [5.90204028e-03, 5.41852227e-02, 2.02156226e-01, 1.44265652e-01,
        6.02670702e-02, 7.82935454e-02, 5.76581247e-01],
       [4.43968460e-02, 5.71783761e-01, 7.93050768e-02, 9.28096965e-03,
        5.09336970e-02, 1.13455574e-02, 3.58949147e-02],
       [2.84833841e-01, 1.77176224e-01, 1.69846686e-01, 9.26975661e-02,
        2.28589621e-01, 5.90799407e-03, 4.05728367e-03],
       [6.35591725e-05, 5.12120425e-02, 3.92323746e-01, 2.66878237e-03,
        2.04983121e-03, 1.06295272e-02, 5.64749303e-02],
       [9.13838312e-02, 4.89538480e-02, 8.28996956e-02, 1.12765455e-01,
        4.75690651e-02, 1.36972788e-02, 1.45647447e-01]]), array([[1.62168901e-01, 5.68173140e-01, 6.48805401e-03, 4.84483552e-03,
        8.11183311e-02, 1.10064634e-02, 1.85000511e-02],
       [9.72361953e-03, 3.16528534e-04, 6.41170675e-02, 1.95819301e-01,
        1.10767040e-02, 3.92806065e-02, 7.30364282e-02],
       [9.16341867e-02, 6.55288319e-02, 4.46670661e-02, 8.60633792e-02,
        7.24983931e-01, 2.59907674e-02, 5.06340477e-03],
       [7.96695633e-02, 2.43054116e-02, 4.61673175e-01, 5.37358276e-02,
        3.66305266e-03, 3.76530852e-02, 1.24020739e-01],
       [7.72235180e-03, 9.44695579e-02, 7.57597283e-02, 5.41795950e-01,
        4.00305952e-02, 1.04998675e-01, 1.77705959e-02],
       [3.75265520e-01, 1.64909733e-01, 3.47837047e-02, 2.72624683e-02,
        1.89868284e-02, 1.53844136e-01, 2.54116820e-01],
       [5.62895199e-02, 4.86892376e-02, 1.06002663e-01, 7.33955176e-02,
        3.25702097e-02, 1.46619250e-01, 4.27699786e-01],
       [2.03043407e-01, 2.81281143e-02, 5.19364920e-03, 1.23375555e-03,
        4.05742164e-03, 4.25678175e-01, 1.92227553e-02],
       [1.44829305e-02, 5.47944515e-03, 2.01314892e-01, 1.58489651e-02,
        8.35129266e-02, 5.49288414e-02, 6.05694193e-02]]), array([[1.21679387e-02, 4.45064597e-02, 1.25262850e-01, 1.50766950e-01,
        2.74389983e-03, 6.15290110e-02, 1.78812442e-01],
       [2.89813182e-04, 3.16085189e-02, 1.12500796e-02, 1.66093951e-01,
        1.02423268e-02, 1.94420015e-01, 1.78278144e-01],
       [4.27992450e-02, 3.08888809e-01, 7.46430598e-02, 9.06991137e-02,
        5.88610040e-02, 6.83463642e-02, 2.66524312e-02],
       [2.07901919e-02, 2.52987263e-01, 4.08622726e-02, 1.77793175e-01,
        3.75452615e-03, 8.28476669e-02, 2.19661371e-01],
       [5.51687618e-01, 5.67001907e-02, 1.56926190e-01, 2.14329677e-02,
        3.00190134e-01, 1.33858016e-01, 1.78917348e-02],
       [2.06752776e-02, 1.36725031e-01, 6.19385346e-02, 3.54105261e-01,
        5.24638694e-04, 1.32417399e-01, 2.93049408e-01],
       [2.04278120e-01, 2.49768466e-03, 2.39406780e-01, 7.28673164e-03,
        4.25794181e-01, 3.00386151e-01, 8.68660153e-03],
       [4.53394135e-02, 1.59563224e-01, 6.55435589e-02, 1.95121416e-02,
        4.17082783e-03, 3.35695192e-03, 6.18545517e-02],
       [1.01972382e-01, 6.52281848e-03, 2.24166675e-01, 1.23097085e-02,
        1.93718461e-01, 2.28384240e-02, 1.51133161e-02]]), array([[0.16288407, 0.1583935 , 0.09357145, 0.01944625, 0.13312225,
        0.00889322, 0.00195134],
       [0.00189737, 0.01437381, 0.00155402, 0.00523912, 0.00482309,
        0.0051129 , 0.27809078],
       [0.06829951, 0.0277034 , 0.45055575, 0.16749663, 0.21541234,
        0.18043729, 0.00527719],
       [0.07608596, 0.00178097, 0.00651451, 0.03284737, 0.00399032,
        0.0289395 , 0.50123189],
       [0.04758734, 0.10163883, 0.10443343, 0.50824433, 0.44632323,
        0.09118281, 0.02988511],
       [0.04758835, 0.180347  , 0.02206956, 0.01140994, 0.03725639,
        0.40549657, 0.15682638],
       [0.54281074, 0.11037899, 0.12715829, 0.23774758, 0.01726191,
        0.00116363, 0.01096669],
       [0.01987122, 0.07092168, 0.05870667, 0.01633955, 0.12905904,
        0.21870696, 0.00686932],
       [0.03297545, 0.33446182, 0.13543632, 0.00122922, 0.01275143,
        0.06006711, 0.0089013 ]]), array([[0.28529672, 0.08768489, 0.0116885 , 0.01421699, 0.08096313,
        0.00424039, 0.06749421],
       [0.00130659, 0.00308065, 0.04204639, 0.00588605, 0.05324558,
        0.0037299 , 0.36151742],
       [0.36592022, 0.05229561, 0.12577054, 0.01567678, 0.51919494,
        0.09426973, 0.03885993],
       [0.11908937, 0.08299756, 0.17512182, 0.0038775 , 0.17554013,
        0.02175613, 0.4765209 ],
       [0.05535545, 0.03481443, 0.09954524, 0.03834264, 0.03264201,
        0.50018245, 0.00911876],
       [0.09575307, 0.50113872, 0.27189254, 0.00690786, 0.02344024,
        0.12043973, 0.03505317],
       [0.02542777, 0.0044065 , 0.02232128, 0.52190286, 0.02941181,
        0.22244477, 0.00266447],
       [0.03556419, 0.23146722, 0.24969511, 0.00145406, 0.08054413,
        0.02080566, 0.0006163 ],
       [0.01628662, 0.00211443, 0.00191857, 0.39173525, 0.00501803,
        0.01213124, 0.00815485]]), array([[0.17200254, 0.0524845 , 0.0199527 , 0.10162573, 0.05603428,
        0.00362182, 0.00569412],
       [0.133919  , 0.08081118, 0.01458903, 0.12666629, 0.0702964 ,
        0.00128778, 0.01086438],
       [0.23103486, 0.10993017, 0.06099804, 0.24016126, 0.11591749,
        0.11312632, 0.00206735],
       [0.38200411, 0.05622089, 0.03822366, 0.17402484, 0.07013521,
        0.03174931, 0.00979973],
       [0.01541695, 0.07790969, 0.13924355, 0.02692971, 0.07662208,
        0.29094165, 0.56980335],
       [0.008169  , 0.17278823, 0.30482947, 0.24970777, 0.2914356 ,
        0.03047519, 0.02629256],
       [0.03420309, 0.38477577, 0.30367806, 0.00230127, 0.09798366,
        0.19225795, 0.11745044],
       [0.02239802, 0.06309147, 0.03475391, 0.03904387, 0.17834122,
        0.12818365, 0.07337211],
       [0.00085243, 0.0019881 , 0.08373157, 0.03953926, 0.04323408,
        0.20835633, 0.18465596]]), array([[0.01046801, 0.06870678, 0.00781378, 0.05787889, 0.05369167,
        0.02781554, 0.3076771 ],
       [0.0030541 , 0.23650666, 0.0140791 , 0.02056924, 0.50208677,
        0.00685237, 0.00559713],
       [0.09409104, 0.0665655 , 0.01851283, 0.08470871, 0.02202946,
        0.07700639, 0.57667096],
       [0.03817674, 0.29769778, 0.15556477, 0.52946839, 0.27682453,
        0.02376824, 0.0318314 ],
       [0.35776726, 0.07278003, 0.00452096, 0.11221207, 0.00889195,
        0.29808112, 0.0513511 ],
       [0.01227118, 0.01942945, 0.51247509, 0.09609944, 0.02477865,
        0.0248719 , 0.00365664],
       [0.33793601, 0.0181769 , 0.00687625, 0.07154653, 0.03602869,
        0.45316314, 0.01083029],
       [0.01629278, 0.03749313, 0.2542576 , 0.00583115, 0.00436437,
        0.00618582, 0.00324751],
       [0.12994289, 0.18264376, 0.02589962, 0.02168559, 0.07130392,
        0.08225547, 0.00913788]]), array([[4.95583856e-02, 1.38458177e-01, 1.16482625e-01, 4.92727001e-02,
        9.10266182e-03, 1.27006441e-01, 1.03691625e-01],
       [3.00092930e-02, 2.61017029e-02, 6.55630056e-02, 4.34237592e-03,
        5.81381670e-03, 2.44437962e-01, 1.84420031e-01],
       [2.47664992e-01, 4.90275118e-03, 1.52619196e-01, 1.35734176e-01,
        1.51001175e-01, 1.19192103e-01, 1.06718561e-01],
       [3.99580538e-01, 1.72852851e-02, 1.51335332e-01, 3.03109291e-02,
        1.90484610e-02, 3.36879852e-01, 2.16544598e-02],
       [8.69474196e-02, 2.93222524e-02, 6.36552054e-02, 1.58833618e-01,
        3.08831369e-01, 4.55433281e-02, 1.14020052e-01],
       [1.42751891e-01, 3.42037519e-01, 2.17932380e-01, 6.68356929e-02,
        6.81761074e-04, 1.13897846e-01, 4.04354789e-01],
       [2.08818984e-02, 3.04305966e-02, 3.23867829e-02, 5.01706455e-01,
        2.58860544e-01, 2.36860297e-03, 1.47025405e-02],
       [6.35439228e-03, 4.07968783e-01, 1.99833521e-01, 7.83758399e-03,
        5.99256072e-03, 8.66339124e-03, 4.36644360e-02],
       [1.62511903e-02, 3.49293264e-03, 1.91951538e-04, 4.51264686e-02,
        2.40667651e-01, 2.01047315e-03, 6.77350638e-03]]), array([[4.41516937e-03, 1.51195698e-01, 1.43746720e-01, 2.18626427e-01,
        7.09487984e-03, 1.67977428e-02, 3.49489482e-03],
       [3.01665197e-03, 2.76724623e-02, 7.81737276e-03, 7.14433744e-05,
        2.70228267e-01, 4.97974813e-02, 2.06831390e-02],
       [2.82290537e-02, 3.61405140e-02, 2.87632290e-01, 4.46490311e-01,
        2.30837405e-03, 2.37181230e-02, 4.10600444e-02],
       [9.69921803e-02, 6.41836407e-02, 1.89166116e-02, 3.48107210e-02,
        3.89630443e-01, 2.92368537e-01, 7.97674087e-02],
       [6.99352599e-02, 1.83280581e-01, 4.55217068e-01, 7.15157408e-02,
        2.80507028e-03, 4.66742557e-02, 9.56863070e-02],
       [2.86576203e-01, 7.47665948e-02, 2.22788437e-03, 9.32676525e-02,
        4.13935712e-02, 8.03304876e-02, 3.79484695e-01],
       [2.33079110e-01, 3.04684735e-01, 7.85377209e-02, 7.23141095e-02,
        1.16245390e-01, 2.38596124e-01, 1.88200650e-01],
       [2.62602519e-01, 3.41536283e-02, 2.25326385e-03, 3.71194887e-02,
        2.26465936e-03, 7.09496701e-02, 1.06445856e-01],
       [1.51538534e-02, 1.23922146e-01, 3.65106816e-03, 2.57841062e-02,
        1.68029345e-01, 1.80767578e-01, 8.51770050e-02]])]

Total NMI: [[0.11844078541495798, 0.13151529147378513, 0.1381325645916331, 0.14889667544343688, 0.15725167981766544, 0.164514613751993, 0.17301177094359782, 0.1816528644216988, 0.18645595371083665, 0.19454761497381723, 0.20331665896699394, 0.2092211843028665, 0.21417972246868885, 0.22012636393170062, 0.2265723009701867, 0.23116676033676997, 0.23786314099537845, 0.23883972116704366, 0.24612084000054332, 0.25259472373581876, 0.2613380064873287, 0.26433010846891397, 0.2681317099714056, 0.27149183646530844, 0.2766288153923836, 0.28247775071868775, 0.2850197801092672, 0.28371056787757226, 0.2877554517194546, 0.2921525038918622, 0.2924225005629048, 0.29946895159196263, 0.3027537316361476, 0.3071648585616419, 0.30988107766667045, 0.31251459859230907, 0.3132598598160794, 0.3144801139277877, 0.3157695595855978, 0.31679012239237964, 0.3225974846570976, 0.324969284836989, 0.3272445378516295, 0.32941875921223107, 0.3326289772689095, 0.3299979577789625, 0.33280051996592436, 0.33928854046121554, 0.33838539746989654, 0.34002325783236986, 0.3414718594941585, 0.34382423659815575, 0.3442539793279634, 0.3435967814936467, 0.34719765625341664, 0.34693317315580213, 0.3529895506207911, 0.35193423887397285, 0.3557332036936185, 0.3586299948318524, 0.3558431596684762, 0.3587764323777341, 0.3577895826772459, 0.3586626182512066, 0.3618181177757864, 0.36350949528996235, 0.366315125039536, 0.3663743926522279, 0.36674546275203346, 0.3687243933760373, 0.37029720174346215, 0.370307098235062, 0.36897838974635905, 0.37222881324446394, 0.3718430311194925, 0.374947739245215, 0.37912350719366383, 0.37866841550640795, 0.37899035374669526, 0.3808565010744725, 0.3787451716942148, 0.3814449394126977, 0.3838699597462594, 0.38123062109359435, 0.38100033814970896, 0.38151252646783135, 0.3884917891308235, 0.38814626331193913, 0.38791469451499444, 0.3857851571224931, 0.38717864212139014, 0.3887649935392072, 0.3915199351454119, 0.3939958397054764, 0.3912792057219226, 0.3891096891924129, 0.39218088397952794, 0.39529831714039143, 0.39317786849148356, 0.3922438599182434], [0.1542558894057965, 0.17414469326566567, 0.19503386778378184, 0.2129822380204528, 0.2216195296163748, 0.23274938018147276, 0.2422404618600165, 0.25081627698588715, 0.2617762425687462, 0.2649230092676361, 0.26902014565906013, 0.2755625046983623, 0.2782104079531287, 0.28453062146500424, 0.2916927407985751, 0.2935270389382394, 0.29794317314416807, 0.303213778234563, 0.30293591748791815, 0.3085383689187734, 0.3097908193516792, 0.31241080320246095, 0.3180042494155256, 0.32062037230531415, 0.3194793008053841, 0.32618584559911334, 0.3274873094852848, 0.3290908855101109, 0.3342610528126645, 0.33528951705246385, 0.3331529251892109, 0.3379497739503325, 0.3368601262090682, 0.3372248022885922, 0.3408275814454514, 0.3421997871318935, 0.34620542350588296, 0.34909081031620454, 0.3487869419938711, 0.35079140921685803, 0.3498693905704901, 0.34966928393655144, 0.3504526663798988, 0.3536809397817465, 0.3576916561790315, 0.35501877093426265, 0.35811806450940126, 0.3620263664254865, 0.3607024921311688, 0.3617754636996551, 0.3595204922953672, 0.36233342739399194, 0.36531780152858456, 0.3646725781653888, 0.3625206850701839, 0.36784660316661544, 0.36913948734821805, 0.3706743823921409, 0.3685362849180658, 0.36786745514573976, 0.3679794652939508, 0.3697621788372633, 0.37182327503300777, 0.3726370858488598, 0.3762851774139324, 0.3727432064322446, 0.3697182575222626, 0.3749354440659662, 0.376490452515611, 0.3815747515890424, 0.37930631697947614, 0.3828069931084894, 0.3819472653724266, 0.3827477459703847, 0.3777199551439432, 0.38149544665922486, 0.3852618081461869, 0.3855757515836388, 0.38418788422164596, 0.38647597248716514, 0.38333282236875116, 0.3852295090841467, 0.3844264052690117, 0.3873992220926133, 0.39254280114072654, 0.3890404682733675, 0.3895842152585862, 0.38814618906455456, 0.38924918826440885, 0.3913922808219823, 0.3897033873173495, 0.3893885691698044, 0.39103081143254925, 0.3904485508509184, 0.3909716821993637, 0.3923723813821608, 0.3908461321001153, 0.39459449569486527, 0.39576772336828336, 0.39660471517053836], [0.12106843719098608, 0.13361677836890629, 0.14247937076058664, 0.153791895558905, 0.1646320714278954, 0.17411627133421292, 0.17938564915773156, 0.18590644876799123, 0.19327506863934982, 0.1994636980769335, 0.2061177225978526, 0.20930739172617038, 0.21399551886147938, 0.21880681982486888, 0.22476988945295406, 0.22550430073793756, 0.2308737180284479, 0.23974489005373417, 0.2419873247237884, 0.24247290312302738, 0.24734213038435365, 0.24590546239590222, 0.24825288645913351, 0.25410605078315424, 0.2563627331208476, 0.26038236808631926, 0.26279175062901045, 0.26678505261982777, 0.2670819309142625, 0.2705119060574173, 0.2703971657485453, 0.2737769154218578, 0.27633563364843633, 0.2797096716125702, 0.2801148185699445, 0.281908338940216, 0.2872208976751947, 0.28430960032756963, 0.28508938456593574, 0.2877335055477021, 0.2946160434675166, 0.2939097588834414, 0.29448233750075903, 0.2974616336719689, 0.29976169025950417, 0.30191486106739984, 0.3014194327995324, 0.3001829761164639, 0.30246614849303866, 0.30468080843848755, 0.3039007404710999, 0.307229045539239, 0.30992297048499673, 0.3096689699763967, 0.3156461807788104, 0.31315072421269535, 0.3161836126424973, 0.3143906299958916, 0.31648318272418957, 0.3194815538359094, 0.3166279290434841, 0.3174548601369664, 0.32178541221715773, 0.3245642171703379, 0.32280284794418557, 0.32485211509394624, 0.3272964913607812, 0.32668853303544426, 0.3284874789397063, 0.3259731214169161, 0.32673456827336206, 0.33112209144979476, 0.329468762273531, 0.3293655155926144, 0.3311367965555425, 0.33279324205950755, 0.332118885205043, 0.335077369065801, 0.33589957304984314, 0.3366335231566745, 0.3362602008726168, 0.3395903836472808, 0.33739280503891267, 0.34008212552183315, 0.3396484531425052, 0.33712376462443144, 0.3398429677652783, 0.3394660043828855, 0.34017322893798485, 0.34348606386303715, 0.34534255505422135, 0.3453494868597329, 0.34722097716451117, 0.3475738060065248, 0.3466000332067408, 0.34916096117484335, 0.34684280935421996, 0.34673033757497684, 0.3483390955699221, 0.3517237010829351], [0.15553246705836443, 0.16662819063974918, 0.17554764419128074, 0.18761139918627248, 0.1932358250998175, 0.20489655764291825, 0.21141515133188343, 0.21789340631734816, 0.22369095083819746, 0.2278230274175054, 0.23211848670461124, 0.23453913153853845, 0.23774664466115328, 0.2437158113800857, 0.24615707251541769, 0.24548115472274917, 0.2504495534710368, 0.2547553073455651, 0.25400816070658727, 0.259313872081668, 0.256603516194223, 0.2597552391688131, 0.2626952807954987, 0.26317604231113567, 0.26449364762493516, 0.26576511348140547, 0.26617464134382535, 0.26651287979865823, 0.26805879206234384, 0.266477895990475, 0.2715918083938038, 0.2728180054789, 0.27364496651218717, 0.2738302390795679, 0.2738834637460765, 0.2741066589901425, 0.2757870300802656, 0.2768377617930136, 0.27627212251196015, 0.27779392252794605, 0.27684601406131726, 0.2789426008359328, 0.2801551704255604, 0.2806582534978369, 0.28296496681794875, 0.28069798900432297, 0.2824145371556524, 0.28326622632709764, 0.282214541704347, 0.2819729689202473, 0.28303783615937106, 0.28333373618041396, 0.2869180217011404, 0.2871224899940318, 0.2849555027023435, 0.28666854896307553, 0.28793766600676723, 0.28489754734753747, 0.28848041642284783, 0.28817443250559593, 0.2860910988024525, 0.28939875432073714, 0.2902707593447619, 0.2912957464062518, 0.29172278837858145, 0.2907008124087334, 0.28982557517391433, 0.2913501917527534, 0.2915435167901199, 0.2933057645891088, 0.29191505335486967, 0.2917710992903013, 0.2919863340125315, 0.29191416164075473, 0.2930629711024801, 0.2915591004648634, 0.29199780053920243, 0.29014348560632697, 0.2943583085222071, 0.2928340281039884, 0.2936309734744651, 0.295303998487648, 0.2931754235372471, 0.2913555133341065, 0.29469429155527355, 0.2925961744937803, 0.29271839893662216, 0.2949125582319987, 0.2944211330874218, 0.29578624889847926, 0.2986590670273614, 0.2947501601661372, 0.2947783080060097, 0.296664180853555, 0.2971999121612192, 0.2981305533331156, 0.2993175293264769, 0.29910115251233294, 0.29631476441650423, 0.2977693979256988], [0.1256928252809452, 0.14610108806174815, 0.16457005231349572, 0.1780718630070343, 0.18897864332378975, 0.19963514860676174, 0.20844407704114654, 0.2149308569358134, 0.22465071333848685, 0.23210416273836942, 0.23327609289474321, 0.23683137389643372, 0.2417342484812047, 0.2487663330787734, 0.2506286036220096, 0.2526571148875645, 0.25490136969642657, 0.2589865394049715, 0.26123194348345086, 0.26318381617156095, 0.2653264493396472, 0.2684178412665873, 0.2724088756203069, 0.2746325622003285, 0.2770191103946352, 0.27723279259650124, 0.2794328746783063, 0.281958283122166, 0.28266266222316194, 0.2844323163837382, 0.2900801566232864, 0.2916465237540827, 0.2919773589688592, 0.2937716211128293, 0.2961880351219424, 0.2971536199551428, 0.29995241248691673, 0.2997065089259541, 0.30150708198537984, 0.30443048158102376, 0.30576018545163763, 0.30718832510891847, 0.3093354971904735, 0.30964997317122284, 0.31463569537723923, 0.3149477305132051, 0.31630819878550737, 0.3178035701335678, 0.31819693180548564, 0.32006624018727714, 0.32353720236227707, 0.3233984770453381, 0.3254253292153989, 0.3278558315473398, 0.3259855161677653, 0.32607396080641743, 0.3264796832434084, 0.3290796230345286, 0.3300373593173902, 0.33394404947285833, 0.33458453398792964, 0.3344532616364388, 0.33462183623300557, 0.33727288399584127, 0.3376286921100298, 0.341662163793466, 0.34002898268006493, 0.34239724093652313, 0.34235873371125797, 0.3432345452101004, 0.34184093640190416, 0.34633351965924847, 0.34776031012151537, 0.34681702309545404, 0.3481108849130266, 0.34832923712632713, 0.35096808897424747, 0.3523487607423549, 0.35323358414347666, 0.35436188399743135, 0.3557838638790344, 0.35587437275372363, 0.35634786032340904, 0.3613945785559451, 0.35926562095838055, 0.36035047484717503, 0.36198634695562704, 0.3620720441601761, 0.364395341334402, 0.36411148614041283, 0.36541038407704907, 0.3652109840016766, 0.3676530749465212, 0.36838582939246517, 0.36700681801837587, 0.3719077123131, 0.3711627565730675, 0.373310831992569, 0.3746351710914224, 0.37499775939226454], [0.17855109292337068, 0.2038687619920996, 0.2275900750643056, 0.24735256482661305, 0.26543571346193984, 0.2807836973438626, 0.29329424700588275, 0.30625954064793187, 0.3117523662366153, 0.3231677211992094, 0.3276441329594748, 0.33411320792412635, 0.34051937590295384, 0.3490723029726965, 0.3490565941654801, 0.3554159921043727, 0.3586139804223443, 0.3640888594322947, 0.3673060123476834, 0.37355535255695493, 0.3753350234962898, 0.37670190068438403, 0.382052124344867, 0.3851600387201593, 0.3873476740367348, 0.3893637519412246, 0.390335675968657, 0.3910162811414222, 0.397603724895454, 0.4014926175604663, 0.40240720723006035, 0.4107954726773259, 0.40831150312887216, 0.40827366436462753, 0.412354955276221, 0.41389636143056746, 0.41230912739733966, 0.41981140896812125, 0.41945257647980067, 0.4199919691412676, 0.42389957187040694, 0.42458445421750557, 0.4298729473877259, 0.4310693563599613, 0.4325852778945123, 0.4338838878959038, 0.43426563375132443, 0.4387865005761604, 0.4397709805549091, 0.43748405256319817, 0.44012981384327154, 0.44260325950266094, 0.44338184084132753, 0.441933020240982, 0.44544392313287146, 0.4492976495181028, 0.447279402898631, 0.4511616113890009, 0.4540411323120608, 0.45648775748667, 0.4569758623236388, 0.45912438412780016, 0.4577453521162321, 0.4604033012430292, 0.46028592218039316, 0.45914454745025174, 0.46208524010528357, 0.46430791287736395, 0.46268136317171665, 0.46721568788677065, 0.4697336361600522, 0.4695057008800827, 0.46964982769232916, 0.47260887107462324, 0.47277169606968267, 0.47648709257050414, 0.4754451449511378, 0.47812930587038743, 0.47674942608623394, 0.47757156304231285, 0.4797432394949113, 0.48082152123601996, 0.4776121459338073, 0.4827563410378841, 0.4830254467506084, 0.48603908837119053, 0.48580422220032626, 0.4840480850228484, 0.4842256565281569, 0.4869652262791409, 0.4888751012507624, 0.49061213728086184, 0.49029082954554093, 0.49154566528723215, 0.4903782346711667, 0.4936360380693846, 0.49284443439356773, 0.4936142787816345, 0.4964944525526252, 0.496744108433743], [0.13633173233796092, 0.14361181428812012, 0.14644050782008902, 0.15052487404905426, 0.1524375761300419, 0.1560154657421383, 0.16136437106743964, 0.1648907589879671, 0.16781648122799755, 0.1685835339598289, 0.17180335813524922, 0.1736860137623566, 0.1801028298544857, 0.18202259177228067, 0.1840717075075177, 0.18355424553810332, 0.18581021499522055, 0.19209221367395524, 0.19394645884635467, 0.1954107026236308, 0.19851941222299507, 0.1994810028250795, 0.2005044983563117, 0.20267264935680976, 0.20379194177447474, 0.20345104537494196, 0.20657550337012784, 0.20706778476203552, 0.20953560439365837, 0.2110177262149268, 0.20945051476382817, 0.2142933822087372, 0.21526374878555488, 0.21813955979762922, 0.21697926019640565, 0.21849309879446394, 0.22001411953891037, 0.2191023113773567, 0.22297080260355556, 0.22419679191398514, 0.22501692562537143, 0.22578566648916726, 0.22692642688067932, 0.2262904798555412, 0.23077673428825035, 0.23047413313329937, 0.22927013174522706, 0.2329006117425971, 0.23114665675363785, 0.23240071800296375, 0.23418755878161535, 0.2347335431750278, 0.23654204444206992, 0.23578469145251618, 0.23658234848515547, 0.2359494643318614, 0.23732829592067722, 0.23724725000885108, 0.23859263597135852, 0.23846558051624817, 0.24061915748894935, 0.23970946700069704, 0.24158279714452188, 0.24431700603713, 0.2413617601686408, 0.24037665418187784, 0.242171725645856, 0.24351527329591746, 0.2435653840746318, 0.2459871486242659, 0.24629771832998154, 0.2460242888147588, 0.24601343486160407, 0.24945799041981215, 0.2515515338262313, 0.25097987143088546, 0.2495581814237632, 0.24771186356392855, 0.2481692156741229, 0.2494372495107778, 0.24895814335683336, 0.25057395431632823, 0.2506808691908974, 0.2492447729659492, 0.2538928888480603, 0.2536234439510272, 0.2527210303692432, 0.25228430888767917, 0.25349423980860347, 0.25614374744753343, 0.25462170390580613, 0.2576245089163293, 0.2564057398234242, 0.2566565264668355, 0.25503813488980726, 0.25692888501478295, 0.2575303785123113, 0.2558217022243924, 0.2599266900414002, 0.25950254799713673], [0.13217674252253653, 0.1546556663841348, 0.17171603157524137, 0.19371186449698716, 0.20768167015212521, 0.22713913615065062, 0.2425426265910036, 0.2533406980401738, 0.2705249911837607, 0.2817026908504126, 0.2954680837356577, 0.3028077301907137, 0.31516279225652294, 0.32464092727917815, 0.33199207924001856, 0.3392745935296541, 0.3503744202767571, 0.3557593262146123, 0.3638148730063304, 0.36847474066896707, 0.3764554492190554, 0.38200285958444113, 0.3853260011830773, 0.3926538296237825, 0.39370016908368094, 0.39701988476347244, 0.4018929887314946, 0.40618587517752874, 0.410880828088677, 0.4155989236077492, 0.42051084124266414, 0.4214839325080313, 0.4249586584488625, 0.4282433072037263, 0.4336199120487842, 0.4351645772558067, 0.43719204946312523, 0.4403925880689737, 0.44126694132641575, 0.4424645302440836, 0.44216717984015047, 0.44652893220357004, 0.45010375461090196, 0.44817087250530974, 0.4529854498093563, 0.45350544047060354, 0.4554025536824399, 0.4587554105144085, 0.45578319243154775, 0.46119414671119846, 0.46253691369926975, 0.46405138606037877, 0.4670612813613268, 0.46766122423837647, 0.4664992664347149, 0.4679148629014641, 0.470938949147329, 0.470507945675365, 0.4693260712646625, 0.4740132135535582, 0.4759596953255608, 0.47585561286079503, 0.4765563367443397, 0.4785340766286048, 0.47976705950258214, 0.4789634772934595, 0.48001619519003297, 0.4795201392754954, 0.4826763018214263, 0.48195021293353496, 0.48896212086658336, 0.48511647233622524, 0.48952120024780776, 0.48822002351262583, 0.4893942898039806, 0.4909622220439303, 0.49258929569219007, 0.49196402432807845, 0.49340195109069257, 0.495752976733357, 0.49498437931461514, 0.4944973918723614, 0.4948116988477091, 0.49238538820512295, 0.49647919723070905, 0.49827707000342164, 0.4965219207276506, 0.49871606488073583, 0.49736372486488806, 0.49877197613949337, 0.5003737710659508, 0.5007765109558839, 0.5039047053519858, 0.5024987411530606, 0.5041878546949866, 0.5044329430050002, 0.5052326567279919, 0.5054754584771175, 0.5075186629238264, 0.5080720761593658], [0.12070329824018043, 0.13542199564684904, 0.14486155953054589, 0.15577192765091813, 0.16427923932621114, 0.17302433436939205, 0.18164231417004434, 0.18971402260216463, 0.19687806096131705, 0.20152046786537067, 0.20896927694144346, 0.21789244529560706, 0.2211352904707678, 0.22666548574874573, 0.2318560823022437, 0.2354770733282226, 0.23736459901384704, 0.24203541384388116, 0.243473999252304, 0.24733838613587553, 0.2518673358567149, 0.2535145257676327, 0.2576282245760157, 0.2646609989066311, 0.2600690991435083, 0.2621387435779662, 0.26585010126943476, 0.2682097317106869, 0.2715266994377568, 0.2714986709350362, 0.2748151759782401, 0.2767370998549881, 0.28121474069651653, 0.2821107876490139, 0.2841043585212911, 0.28290048406674206, 0.2865895981959017, 0.287432723786164, 0.2848740669449356, 0.2905138221557297, 0.29161719562144345, 0.29360244610164454, 0.2963312297700733, 0.2961340505647874, 0.2964732726087293, 0.2969600130280585, 0.2986864566982869, 0.30121560522047924, 0.30044173650824835, 0.30246855348248736, 0.3045933225580032, 0.30448137571646233, 0.3045565381865236, 0.3058385020351764, 0.3062354945513609, 0.3102886204853007, 0.3112314906401802, 0.3105812991827887, 0.31518087462139666, 0.3111078549913721, 0.31519716957328997, 0.31309143887452323, 0.31356760544682005, 0.31323628787501223, 0.31520500918795596, 0.3178772549980505, 0.3175612854709643, 0.317516610225196, 0.3191693308893559, 0.3192082173871904, 0.32021532708970885, 0.3196597129733741, 0.3205744108922593, 0.32232726958816516, 0.3226278425041224, 0.32496155880748867, 0.32434039132057235, 0.32493596968422844, 0.3270072083728171, 0.32632712918046064, 0.3258758531369752, 0.3284229824935521, 0.32689827576299363, 0.3261149445177081, 0.326907729726627, 0.3284675382016175, 0.3291576619318789, 0.3279038036846916, 0.3310592863296344, 0.32927188488813974, 0.3312716434879905, 0.33360062882658614, 0.33274633179544466, 0.3331771534470076, 0.33346262038607277, 0.3333673035829775, 0.3334421170908947, 0.3329826129348634, 0.3349404533698337, 0.33641648152667236], [0.13030803668735083, 0.14714868372726692, 0.16093672619744448, 0.17260232764321498, 0.1877016809479135, 0.19939920724242083, 0.21164471154300205, 0.22381239367678354, 0.23444787599107425, 0.24821247161329982, 0.25900443449960914, 0.2639075756941699, 0.2711635347801275, 0.27560657599070426, 0.28101039174726145, 0.2892394615306407, 0.2959963263458591, 0.29908435033820535, 0.3070305981683963, 0.3094368849178306, 0.31171013774670986, 0.3140198440225434, 0.31729730325613625, 0.32296693313022595, 0.3271966571397878, 0.33087446059471864, 0.3330800959262923, 0.3359868186085977, 0.336640840709491, 0.3421647662041134, 0.3435906817666061, 0.3443062957905887, 0.3476755747950194, 0.35077087344044644, 0.3514921374118817, 0.3544633105806872, 0.35378281682608764, 0.35412089849628453, 0.35411330214735676, 0.35885615577492586, 0.3603485336923825, 0.36122059929910977, 0.36191971799898925, 0.3645282027744995, 0.3646274499358125, 0.36772381434424367, 0.3715160838141918, 0.37131570413794285, 0.3718391695208305, 0.37546915469129666, 0.37742218087984036, 0.3780998645085615, 0.37491481525928827, 0.3784504645993414, 0.3782759074082886, 0.3774723665580115, 0.38107510668087435, 0.3805036229331664, 0.38214049732661703, 0.3821845458757332, 0.38366017664041147, 0.3852801827091377, 0.3848503563065752, 0.3858449534741141, 0.3883642055905547, 0.38856661475661464, 0.3887509023892137, 0.39060464325722927, 0.3901598426615873, 0.3914856214982983, 0.3930216054399576, 0.39450797383582487, 0.39431406891433235, 0.3948049433228569, 0.3983028208640349, 0.39456061501104717, 0.39465586423270177, 0.39345342836710245, 0.3948680643602846, 0.39533207243092316, 0.39982101217600235, 0.3969652944257486, 0.4012939193654929, 0.4013556991978021, 0.4022110177500476, 0.40283124618057425, 0.400034985197435, 0.4013494697868105, 0.4030463517767737, 0.4021511201734115, 0.40279105885431177, 0.4058475170942568, 0.4057062027656088, 0.40756574249989225, 0.4071719871775339, 0.4081059984624444, 0.4052389807917272, 0.4060574519482899, 0.407876444766592, 0.40998562532847777]]
Total Percentage: [[41.733, 43.414, 44.202999999999996, 45.504, 46.474, 47.257, 48.192, 49.166, 49.664, 50.554, 51.415, 52.056999999999995, 52.513, 53.083000000000006, 53.68000000000001, 54.029, 54.620999999999995, 54.736, 55.375, 55.989, 56.733999999999995, 57.019, 57.29, 57.653, 58.094, 58.558, 58.719, 58.574000000000005, 58.874, 59.252, 59.24700000000001, 59.779, 60.134, 60.431999999999995, 60.683, 60.955000000000005, 60.873, 61.045, 61.082, 61.095, 61.575, 61.705, 61.858000000000004, 62.004000000000005, 62.26199999999999, 62.114999999999995, 62.292, 62.732, 62.702000000000005, 62.907999999999994, 62.934999999999995, 63.227999999999994, 63.14300000000001, 63.029, 63.307, 63.304, 63.747, 63.657, 63.971000000000004, 64.154, 63.867, 64.12299999999999, 64.00200000000001, 64.039, 64.239, 64.429, 64.596, 64.601, 64.568, 64.66, 64.81400000000001, 64.743, 64.71000000000001, 64.959, 64.92, 65.154, 65.403, 65.369, 65.31400000000001, 65.458, 65.362, 65.57, 65.789, 65.57300000000001, 65.458, 65.547, 66.135, 66.171, 66.012, 65.786, 65.752, 66.008, 66.235, 66.419, 66.117, 65.931, 66.108, 66.334, 66.26100000000001, 66.214], [44.064, 45.808, 47.813, 49.382, 50.223, 51.123, 52.029, 52.84799999999999, 53.823, 53.967, 54.323, 54.840999999999994, 54.992, 55.496, 56.172, 56.387, 56.618, 57.129, 57.07299999999999, 57.687999999999995, 57.753, 57.915000000000006, 58.18, 58.53, 58.565999999999995, 58.996, 59.059, 59.14, 59.699000000000005, 59.64699999999999, 59.63699999999999, 59.836, 59.923, 59.805, 60.109, 60.236000000000004, 60.62, 60.767, 60.772000000000006, 60.906000000000006, 60.766, 60.887, 60.785999999999994, 61.14000000000001, 61.472, 61.183, 61.492000000000004, 61.793, 61.568999999999996, 61.757, 61.551, 61.812, 62.141999999999996, 61.903, 61.785999999999994, 62.150000000000006, 62.148, 62.486, 62.317, 62.175999999999995, 62.06700000000001, 62.40599999999999, 62.431000000000004, 62.529, 62.897000000000006, 62.56699999999999, 62.524, 62.817, 62.729, 63.334999999999994, 63.113, 63.42100000000001, 63.406, 63.471, 62.938, 63.178999999999995, 63.644999999999996, 63.595, 63.561, 63.625, 63.403, 63.613, 63.461999999999996, 63.724000000000004, 64.122, 63.806, 63.968, 63.870000000000005, 63.958999999999996, 64.039, 63.847, 63.92400000000001, 64.01299999999999, 63.928, 64.046, 64.126, 64.046, 64.25699999999999, 64.345, 64.377], [41.855, 43.004999999999995, 43.762, 44.885999999999996, 45.97, 46.818, 47.428, 47.882999999999996, 48.394999999999996, 49.038, 49.673, 49.932, 50.242, 50.585, 51.21, 51.176, 51.746, 52.437, 52.647, 52.627, 53.04600000000001, 52.827999999999996, 52.945, 53.522000000000006, 53.776999999999994, 54.035, 54.154, 54.523999999999994, 54.479, 54.825, 54.749, 55.051, 55.25, 55.503, 55.452999999999996, 55.694, 56.059000000000005, 55.81, 55.867999999999995, 56.091, 56.553, 56.473, 56.42700000000001, 56.813, 56.891000000000005, 57.086000000000006, 57.155, 57.04900000000001, 57.145999999999994, 57.312, 57.153, 57.459, 57.494, 57.629, 58.059000000000005, 57.818000000000005, 58.213, 58.04899999999999, 58.111999999999995, 58.485, 58.097, 58.169000000000004, 58.398, 58.584, 58.64, 58.711999999999996, 58.843999999999994, 58.75899999999999, 59.01499999999999, 58.852000000000004, 58.701, 59.223000000000006, 58.882999999999996, 59.034, 59.053, 59.108000000000004, 59.072, 59.354, 59.45700000000001, 59.38099999999999, 59.3, 59.75899999999999, 59.431999999999995, 59.653, 59.546, 59.321, 59.667, 59.518, 59.532, 59.971, 59.984, 59.841, 60.251, 60.169, 60.0, 60.438, 60.175, 59.882999999999996, 60.01800000000001, 60.336], [45.946, 46.495999999999995, 47.07, 47.936, 48.108000000000004, 49.073, 49.269, 49.719, 50.126000000000005, 50.466, 50.893, 50.907000000000004, 50.882000000000005, 51.456, 51.803, 51.702999999999996, 51.88700000000001, 52.242999999999995, 52.266, 52.669999999999995, 52.336000000000006, 52.637, 52.830999999999996, 52.81400000000001, 52.873999999999995, 53.075, 53.096, 52.971999999999994, 53.154999999999994, 53.0, 53.349000000000004, 53.556000000000004, 53.608, 53.410000000000004, 53.613, 53.457, 53.583000000000006, 53.742999999999995, 53.64, 53.940999999999995, 53.74100000000001, 53.790000000000006, 54.008, 53.844, 54.303000000000004, 54.044000000000004, 54.11, 54.112, 53.93900000000001, 53.849999999999994, 54.169, 54.24, 54.461000000000006, 54.339000000000006, 54.171, 54.239000000000004, 54.468, 53.925999999999995, 54.382, 54.296, 54.132000000000005, 54.513999999999996, 54.541, 54.608000000000004, 54.717000000000006, 54.535, 54.416, 54.803000000000004, 54.662, 54.674, 54.699, 54.544000000000004, 54.782, 54.643, 54.689, 54.56999999999999, 54.574999999999996, 54.423, 54.92399999999999, 54.784, 54.803000000000004, 54.900000000000006, 54.797, 54.591, 54.842999999999996, 54.562, 54.74099999999999, 54.919, 54.721, 54.857, 55.1, 54.766999999999996, 54.830999999999996, 54.911, 54.915000000000006, 54.991, 55.125, 55.163, 54.92, 55.00000000000001], [42.77, 44.413000000000004, 46.024, 47.101, 47.959, 48.673, 49.303000000000004, 49.783, 50.489, 51.13100000000001, 51.03, 51.26500000000001, 51.817, 52.327, 52.535, 52.565, 52.705, 53.065, 53.107000000000006, 53.403, 53.678000000000004, 53.818999999999996, 54.293, 54.396, 54.620000000000005, 54.63400000000001, 54.921, 55.083000000000006, 55.184999999999995, 55.326, 55.835, 55.852999999999994, 55.826, 56.201, 56.397, 56.385, 56.826, 56.69800000000001, 56.849000000000004, 57.006, 57.083, 57.285, 57.38799999999999, 57.373, 57.937000000000005, 58.044, 58.207, 58.260999999999996, 58.42, 58.459, 58.708000000000006, 58.652, 58.977999999999994, 59.192, 59.021, 58.980999999999995, 59.016000000000005, 59.304, 59.202, 59.57900000000001, 59.807, 59.643, 59.721000000000004, 59.989000000000004, 59.967999999999996, 60.202, 60.171, 60.409, 60.374, 60.455000000000005, 60.38099999999999, 60.604, 60.839, 60.738, 60.856, 60.821000000000005, 61.083, 61.233000000000004, 61.285000000000004, 61.367000000000004, 61.559, 61.523, 61.548, 61.905, 61.760000000000005, 61.698, 61.919000000000004, 62.072, 62.117, 62.157, 62.246, 62.12800000000001, 62.487, 62.475, 62.260000000000005, 62.731, 62.637, 62.722, 62.881, 62.968], [46.477000000000004, 48.711, 50.627, 52.190000000000005, 53.618, 54.767999999999994, 55.785, 56.752, 57.06400000000001, 58.00300000000001, 58.396, 58.931999999999995, 59.404, 60.022, 60.055, 60.565999999999995, 60.866, 61.194, 61.404, 61.907000000000004, 62.059, 62.0, 62.537, 62.644999999999996, 62.91, 62.94, 63.244, 63.099000000000004, 63.745, 64.13799999999999, 64.096, 64.798, 64.567, 64.579, 64.89, 65.006, 64.804, 65.459, 65.435, 65.392, 65.863, 65.85, 66.223, 66.31700000000001, 66.289, 66.42, 66.472, 66.90899999999999, 67.033, 66.78500000000001, 66.935, 67.081, 67.143, 67.007, 67.288, 67.533, 67.386, 67.78999999999999, 67.957, 68.09100000000001, 68.157, 68.273, 68.209, 68.49300000000001, 68.528, 68.31700000000001, 68.635, 68.797, 68.675, 69.055, 69.185, 69.208, 69.135, 69.338, 69.328, 69.491, 69.438, 69.69999999999999, 69.659, 69.747, 69.799, 69.843, 69.626, 70.164, 69.92699999999999, 70.25, 70.247, 70.1, 70.155, 70.282, 70.42, 70.501, 70.492, 70.506, 70.575, 70.717, 70.64200000000001, 70.787, 70.919, 70.914], [41.503, 42.036, 42.225, 42.542, 42.628, 43.120000000000005, 43.556, 43.834, 44.076, 44.14, 44.32, 44.499, 45.133, 45.207, 45.434999999999995, 45.31, 45.503, 46.013, 46.223, 46.473, 46.741, 46.735, 46.763, 47.034, 47.132000000000005, 46.985, 47.28, 47.236, 47.47, 47.589, 47.373, 47.927, 47.981, 48.238, 48.076, 48.15, 48.445, 48.301, 48.728, 48.703, 48.799, 48.851, 48.842999999999996, 48.758, 49.24, 49.191, 48.959, 49.382, 49.230000000000004, 49.355, 49.586000000000006, 49.515, 49.78, 49.64, 49.907000000000004, 49.694, 49.723, 49.677, 49.711, 49.882, 50.03300000000001, 49.79, 50.052, 50.297000000000004, 49.966, 49.869, 49.968, 50.083999999999996, 50.21600000000001, 50.361999999999995, 50.454, 50.309000000000005, 50.366, 50.719, 50.929, 50.883, 50.73800000000001, 50.504000000000005, 50.583999999999996, 50.695, 50.575, 50.74999999999999, 50.875, 50.68899999999999, 51.132999999999996, 51.132999999999996, 51.029, 51.125, 50.953, 51.259, 50.963, 51.148, 51.127, 51.153999999999996, 50.986, 51.343, 51.29899999999999, 51.241, 51.659, 51.623], [44.226, 46.575, 47.955, 49.929, 51.085, 52.784, 53.848, 54.654, 56.02, 56.725, 57.826, 58.32000000000001, 59.150999999999996, 59.88, 60.365, 60.744, 61.549, 61.888, 62.446, 62.653000000000006, 63.273, 63.663000000000004, 63.819, 64.247, 64.362, 64.401, 64.73, 65.069, 65.354, 65.63, 65.96300000000001, 66.05499999999999, 66.212, 66.302, 66.776, 66.851, 66.937, 67.065, 67.19000000000001, 67.213, 67.11, 67.536, 67.74, 67.642, 67.917, 67.89699999999999, 67.816, 68.241, 67.995, 68.243, 68.343, 68.17699999999999, 68.60300000000001, 68.715, 68.474, 68.54599999999999, 68.73899999999999, 68.78999999999999, 68.593, 69.045, 69.066, 69.028, 69.122, 69.13, 69.38499999999999, 69.247, 69.185, 69.112, 69.331, 69.562, 69.953, 69.504, 69.782, 69.648, 69.75, 69.757, 69.796, 69.753, 69.903, 69.955, 70.075, 69.894, 70.10300000000001, 70.016, 70.167, 70.226, 70.084, 70.268, 70.132, 70.358, 70.452, 70.501, 70.53399999999999, 70.393, 70.47099999999999, 70.582, 70.634, 70.575, 70.758, 70.673], [40.831, 42.197, 42.851, 43.673, 44.229, 44.828, 45.348, 46.093, 46.547, 46.733999999999995, 47.198, 48.014, 48.083999999999996, 48.221000000000004, 48.591, 49.048, 48.937999999999995, 49.227, 49.341, 49.652, 49.985, 50.066, 50.245, 50.961, 50.422, 50.537, 50.981, 50.956, 51.163000000000004, 51.137, 51.339, 51.327999999999996, 51.788999999999994, 51.86300000000001, 52.010999999999996, 51.866, 52.096, 52.205, 52.105000000000004, 52.449999999999996, 52.337, 52.547999999999995, 52.614000000000004, 52.459, 52.661, 52.531000000000006, 52.917, 53.161, 53.022999999999996, 53.068000000000005, 53.244, 53.154, 53.388999999999996, 53.344, 53.103, 53.634, 53.947, 53.608999999999995, 54.065, 53.696999999999996, 54.190000000000005, 53.762, 53.82, 53.715999999999994, 53.757999999999996, 54.14, 54.056000000000004, 54.132999999999996, 54.205000000000005, 54.266999999999996, 54.242000000000004, 54.242999999999995, 54.117000000000004, 54.410000000000004, 54.295, 54.538, 54.456, 54.702, 54.66, 54.501999999999995, 54.649, 54.75299999999999, 54.745, 54.57300000000001, 54.601, 54.626, 54.82900000000001, 54.701, 54.788000000000004, 54.690000000000005, 54.693999999999996, 54.943, 55.038, 54.935, 55.143, 54.928, 55.118, 55.008, 55.126, 55.287], [44.067, 45.844, 47.138999999999996, 48.125, 49.551, 50.474, 51.495999999999995, 52.598, 53.586, 54.562999999999995, 55.476000000000006, 55.838, 56.369, 56.730999999999995, 57.221, 57.811, 58.492, 58.675999999999995, 59.099999999999994, 59.414, 59.565, 59.711999999999996, 59.992000000000004, 60.462, 60.781, 61.013, 61.178, 61.406000000000006, 61.478, 61.924, 61.928000000000004, 62.151999999999994, 62.319, 62.526, 62.535, 62.769, 62.74999999999999, 62.903, 62.806, 63.182, 63.244, 63.286, 63.363, 63.652, 63.590999999999994, 63.93600000000001, 64.081, 64.044, 64.008, 64.496, 64.57300000000001, 64.64800000000001, 64.37, 64.479, 64.5, 64.473, 64.765, 64.74499999999999, 64.818, 64.767, 64.93100000000001, 65.065, 65.129, 65.225, 65.399, 65.33, 65.435, 65.604, 65.444, 65.542, 65.742, 65.777, 65.794, 65.683, 65.96, 65.779, 65.819, 65.792, 65.75, 65.735, 66.265, 65.886, 66.158, 66.078, 66.277, 66.33099999999999, 66.19, 66.196, 66.367, 66.312, 66.483, 66.714, 66.673, 66.716, 66.759, 66.74900000000001, 66.428, 66.542, 66.642, 66.796]]
Total Delta Gamma: [1.84028856 1.8285906  1.62418582 1.75153392 1.75902769 1.71107741
 1.8949974  1.85105269 1.91581501 1.98604258]
Total Delta R: [1.79157305 1.9315486  1.84505729 1.84729849 1.88128705 1.89494415
 1.87271655 1.85587524 1.83125025 1.76432908]
