Complexity increased keeping gamma very unbalanced, and increasing K (K=7)
==================================================

N (neurons): 3
K (states): 7
T (time steps): 50000
Seed: None
Number of repetitions: 10

Initialization of parameters for HMM:
Pi: [1 0 0 0 0 0 0]
Gamma: [[0.7  0.05 0.05 0.05 0.05 0.05 0.05]
 [0.05 0.7  0.05 0.05 0.05 0.05 0.05]
 [0.05 0.05 0.7  0.05 0.05 0.05 0.05]
 [0.05 0.05 0.05 0.7  0.05 0.05 0.05]
 [0.05 0.05 0.05 0.05 0.7  0.05 0.05]
 [0.05 0.05 0.05 0.05 0.05 0.7  0.05]
 [0.05 0.05 0.05 0.05 0.05 0.05 0.7 ]]
R: [[0.5        0.         0.5        0.         0.33333333 0.33333333
  0.33333333]
 [0.         0.5        0.5        0.         0.         0.33333333
  0.33333333]
 [0.5        0.         0.         0.5        0.33333333 0.
  0.33333333]
 [0.         0.5        0.         0.5        0.33333333 0.33333333
  0.        ]]

Generated data:
Generated firings (y): [0 2 2 2 1 1 1 3 1 3 3 1 2 3 0 3 3 2 2 1 2 1 2 2 1 3 2 2 0 2 0 3 2 0 1 2 0
 2 0 0 1 3 3 1 1 2 3 2 1 1 3 0 0 0 2 0 2 0 2 2 2 2 2 0 3 2 2 3 1 1 3 3 3 3
 1 0 0 1 1 1 1 1 3 3 3 1 0 2 2 0 3 1 3 0 3 3 0 0 2 3]... (showing first 100 entries)
Generated states (z): [0 0 0 0 6 6 1 1 1 1 1 1 3 3 6 3 3 3 3 2 3 5 4 4 2 3 4 4 0 0 4 4 4 5 2 6 5
 6 2 6 1 4 4 2 6 6 3 3 1 1 4 4 4 0 0 0 0 0 0 0 0 0 0 0 4 6 3 3 5 5 1 1 1 1
 1 5 5 5 2 2 5 5 5 5 5 5 5 4 4 4 1 1 4 4 4 4 4 4 4 4]... (showing first 100 entries)

Estimated parameters:
Estimated Pi: [array([0.2092553 , 0.15457082, 0.00840955, 0.16016142, 0.24366315,
       0.15820676, 0.065733  ]), array([0.31744352, 0.18595887, 0.00438412, 0.46475752, 0.00166662,
       0.01561345, 0.0101759 ]), array([0.05146492, 0.09588935, 0.09725744, 0.17925906, 0.13985631,
       0.35283106, 0.08344186]), array([0.05210166, 0.38417201, 0.09108555, 0.11076624, 0.05423339,
       0.26018016, 0.047461  ]), array([0.03636772, 0.15503975, 0.01632809, 0.19303949, 0.00372679,
       0.58441508, 0.01108308]), array([0.02906836, 0.29572898, 0.58025624, 0.00325686, 0.01408092,
       0.01426265, 0.06334599]), array([0.02879271, 0.01689447, 0.00259276, 0.89285925, 0.02685729,
       0.02653977, 0.00546375]), array([0.00678413, 0.1882592 , 0.12282928, 0.05355745, 0.11562607,
       0.48393759, 0.02900627]), array([0.0032848 , 0.01794745, 0.11236195, 0.33979971, 0.09226633,
       0.25654141, 0.17779836]), array([0.35918835, 0.1130761 , 0.00236005, 0.36843532, 0.04070067,
       0.07809443, 0.03814509])]
Estimated Gamma: [array([[0.06360734, 0.01061414, 0.13668623, 0.46239509, 0.03021505,
        0.11758977, 0.17889238],
       [0.00297635, 0.41427944, 0.0547526 , 0.11383244, 0.07975451,
        0.02530121, 0.30910345],
       [0.06156034, 0.46208743, 0.10883797, 0.01814735, 0.03173441,
        0.14680292, 0.17082957],
       [0.0258139 , 0.06628004, 0.44957436, 0.10026818, 0.01912642,
        0.03765552, 0.30128158],
       [0.00933515, 0.04946962, 0.20596877, 0.05750341, 0.02252606,
        0.22865153, 0.42654547],
       [0.06369868, 0.24754664, 0.48892723, 0.05317009, 0.01902155,
        0.03776908, 0.08986674],
       [0.12783988, 0.05396184, 0.0124043 , 0.41288004, 0.00946677,
        0.14739111, 0.23605606]]), array([[0.13025377, 0.11176195, 0.0356267 , 0.01156919, 0.01359578,
        0.36253213, 0.33466049],
       [0.00622439, 0.06191045, 0.0107916 , 0.11471376, 0.06369299,
        0.43931477, 0.30335204],
       [0.120003  , 0.39618929, 0.13837365, 0.07068203, 0.13040271,
        0.06510364, 0.07924568],
       [0.03375376, 0.00630771, 0.04458122, 0.02977558, 0.09014362,
        0.79381819, 0.00161992],
       [0.02542563, 0.22312794, 0.25581244, 0.0872174 , 0.07061937,
        0.09961627, 0.23818095],
       [0.00667648, 0.66152217, 0.12332373, 0.09871638, 0.01630621,
        0.03332927, 0.06012575],
       [0.06897734, 0.0999648 , 0.04948781, 0.00359117, 0.26460985,
        0.04749079, 0.46587823]]), array([[0.48667052, 0.06332556, 0.10876933, 0.10935138, 0.00977136,
        0.02274536, 0.1993665 ],
       [0.45744854, 0.17493444, 0.04514058, 0.05065138, 0.14304088,
        0.07840111, 0.05038307],
       [0.23144168, 0.01747317, 0.1459272 , 0.05492407, 0.39307517,
        0.0229155 , 0.13424321],
       [0.26236742, 0.10760871, 0.10085807, 0.17417178, 0.05582121,
        0.03006594, 0.26910687],
       [0.29480166, 0.135237  , 0.0803098 , 0.06081222, 0.02844454,
        0.255716  , 0.14467878],
       [0.52487891, 0.04288905, 0.1522998 , 0.19372688, 0.03756679,
        0.00822643, 0.04041215],
       [0.45954216, 0.14887258, 0.06284848, 0.06999134, 0.12340833,
        0.09285335, 0.04248376]]), array([[0.32943241, 0.04329977, 0.30260057, 0.04185305, 0.04465855,
        0.06390839, 0.17424726],
       [0.46038336, 0.08744686, 0.10527729, 0.04752067, 0.03323847,
        0.0171818 , 0.24895155],
       [0.11369338, 0.00159328, 0.40060916, 0.03939558, 0.18275441,
        0.17756955, 0.08438464],
       [0.44896229, 0.04356785, 0.08743947, 0.12595073, 0.124376  ,
        0.15299157, 0.01671208],
       [0.01688113, 0.00730564, 0.06371176, 0.01625333, 0.09478115,
        0.49719428, 0.30387271],
       [0.29415472, 0.04425927, 0.12541884, 0.22859094, 0.10072047,
        0.08684895, 0.12000681],
       [0.2220242 , 0.05047913, 0.08135928, 0.36075611, 0.01741615,
        0.14343992, 0.12452521]]), array([[0.20386746, 0.07023615, 0.2588791 , 0.00328474, 0.35406417,
        0.00981076, 0.09985762],
       [0.02816735, 0.49529907, 0.1470213 , 0.00485392, 0.1052971 ,
        0.01834609, 0.20101516],
       [0.02465434, 0.13102883, 0.08989182, 0.08956102, 0.0889764 ,
        0.00712418, 0.56876341],
       [0.65180994, 0.14862004, 0.05579227, 0.01890355, 0.08503695,
        0.01063285, 0.02920441],
       [0.59586803, 0.05792673, 0.01931412, 0.00988138, 0.16013582,
        0.02109348, 0.13578044],
       [0.3707277 , 0.00592241, 0.02831836, 0.0495915 , 0.39182502,
        0.06281044, 0.09080457],
       [0.02746528, 0.32561721, 0.19750559, 0.23558847, 0.03571797,
        0.01442925, 0.16367623]]), array([[4.74375257e-02, 1.12981163e-01, 2.80832715e-02, 2.11500274e-02,
        2.01338780e-02, 6.74014036e-01, 9.62000978e-02],
       [2.44833260e-01, 1.24777859e-01, 2.10883829e-02, 1.59259899e-01,
        6.41428950e-02, 3.84986734e-01, 9.10969341e-04],
       [2.45281585e-01, 2.43865489e-02, 5.99397930e-02, 2.45870436e-02,
        8.91195934e-02, 5.33039025e-01, 2.36464111e-02],
       [5.29351536e-02, 3.32248856e-03, 9.44115868e-03, 8.21081355e-01,
        7.27644805e-03, 2.77116461e-03, 1.03172232e-01],
       [7.83897331e-03, 2.72760810e-02, 5.46117430e-02, 7.67774199e-01,
        2.75332568e-02, 5.53480285e-02, 5.96177184e-02],
       [1.75720217e-03, 9.99248910e-06, 2.64492167e-02, 4.21298874e-02,
        1.31487844e-01, 5.60059066e-01, 2.38106792e-01],
       [3.27120257e-02, 1.03410168e-02, 1.10325091e-01, 7.15700096e-01,
        3.77066657e-02, 6.57974562e-02, 2.74176491e-02]]), array([[2.64943628e-01, 6.25097891e-01, 1.41350677e-02, 1.19304581e-02,
        6.00760901e-02, 1.94013586e-03, 2.18767289e-02],
       [1.41107489e-02, 5.08516068e-01, 4.00304668e-01, 1.49159997e-03,
        2.49583626e-02, 2.82792753e-03, 4.77906254e-02],
       [2.44308966e-02, 3.51774121e-01, 3.75961112e-01, 2.63109009e-03,
        5.16310129e-02, 7.03645940e-02, 1.23207174e-01],
       [7.83999995e-03, 4.25920347e-04, 8.31598709e-03, 3.18186428e-02,
        4.21528421e-03, 9.46828732e-01, 5.55433807e-04],
       [2.11254199e-02, 1.88139824e-01, 2.19308785e-01, 8.85060223e-02,
        2.06157766e-01, 2.26065024e-02, 2.54155681e-01],
       [4.22112835e-01, 6.54441450e-02, 2.24956822e-02, 3.39216499e-03,
        2.29925295e-02, 3.86760224e-01, 7.68024190e-02],
       [7.78439412e-02, 1.88041351e-01, 1.26638922e-01, 1.78791758e-01,
        2.09911411e-01, 9.57461728e-02, 1.23026444e-01]]), array([[0.52488439, 0.02382986, 0.04572108, 0.01954989, 0.02314518,
        0.04396558, 0.31890402],
       [0.4046868 , 0.18265171, 0.21312873, 0.10531111, 0.02374763,
        0.02839521, 0.0420788 ],
       [0.30358633, 0.10009896, 0.20259593, 0.09420476, 0.10758746,
        0.07615325, 0.1157733 ],
       [0.25493706, 0.0096548 , 0.17378693, 0.3619585 , 0.01166269,
        0.12165608, 0.06634394],
       [0.11731243, 0.15043647, 0.27245769, 0.13944589, 0.03336931,
        0.18769163, 0.09928658],
       [0.00474371, 0.66164719, 0.00306211, 0.00304799, 0.12148206,
        0.19936216, 0.00665479],
       [0.06367137, 0.04063381, 0.30475808, 0.11574412, 0.10301727,
        0.02944522, 0.34273013]]), array([[0.36007284, 0.09241676, 0.359803  , 0.01754419, 0.11004011,
        0.02676356, 0.03335954],
       [0.30849592, 0.05310129, 0.37263637, 0.1322536 , 0.02649061,
        0.02617273, 0.08084948],
       [0.03315502, 0.55117584, 0.25937584, 0.01875929, 0.04870504,
        0.00160932, 0.08721964],
       [0.18206917, 0.3292463 , 0.10553969, 0.04639603, 0.04288797,
        0.17637779, 0.11748304],
       [0.09136944, 0.31378975, 0.01999458, 0.25034898, 0.0083587 ,
        0.02414702, 0.29199153],
       [0.35760116, 0.33052903, 0.0258213 , 0.12471111, 0.07206951,
        0.07262116, 0.01664673],
       [0.24644955, 0.57717193, 0.01028329, 0.02623796, 0.02023547,
        0.08398081, 0.03564099]]), array([[0.10105641, 0.25713592, 0.0316184 , 0.0570806 , 0.36052212,
        0.11237697, 0.08020959],
       [0.04770637, 0.02951663, 0.03359671, 0.00471628, 0.61599019,
        0.04166969, 0.22680413],
       [0.04822178, 0.01193135, 0.64306835, 0.15688947, 0.03085483,
        0.06484552, 0.0441887 ],
       [0.05640664, 0.09401653, 0.0296186 , 0.19003649, 0.37608582,
        0.18915408, 0.06468185],
       [0.04123383, 0.10845531, 0.09295248, 0.03809727, 0.21704603,
        0.00168108, 0.500534  ],
       [0.01668612, 0.00744931, 0.06792213, 0.03207217, 0.01572054,
        0.79505513, 0.06509461],
       [0.07418503, 0.06220338, 0.17986993, 0.02235413, 0.01184691,
        0.60786058, 0.04168003]])]
Estimated R: [array([[0.48762112, 0.23382934, 0.03590725, 0.09192048, 0.75035892,
        0.01440132, 0.11387626],
       [0.08682232, 0.68245189, 0.89980882, 0.01684367, 0.23700655,
        0.52081232, 0.15816254],
       [0.39565988, 0.026675  , 0.06016647, 0.88680147, 0.00957494,
        0.46276102, 0.7139739 ],
       [0.02989668, 0.05704378, 0.00411746, 0.00443438, 0.0030596 ,
        0.00202533, 0.0139873 ]]), array([[5.10891165e-01, 1.38903590e-01, 2.73616991e-02, 7.05568706e-01,
        5.98172118e-04, 1.18717002e-02, 2.89464557e-02],
       [3.45051076e-01, 4.22313614e-01, 6.30312636e-01, 3.23020926e-02,
        9.19083946e-01, 1.45176120e-02, 9.18348473e-01],
       [1.10133823e-01, 4.31287466e-01, 2.87518847e-01, 2.20328074e-01,
        1.20242333e-03, 9.48104498e-01, 4.66778104e-02],
       [3.39239355e-02, 7.49532931e-03, 5.48068179e-02, 4.18011272e-02,
        7.91154583e-02, 2.55061896e-02, 6.02726100e-03]]), array([[1.73726393e-02, 2.36959560e-01, 7.49421866e-02, 1.14871430e-01,
        1.95744932e-01, 5.79360840e-01, 6.07082480e-02],
       [4.65738192e-01, 2.69058671e-01, 7.50004146e-01, 6.99292233e-02,
        7.35464093e-01, 3.09183938e-01, 4.16380607e-01],
       [5.15669936e-01, 4.93922861e-01, 1.66409289e-01, 7.50721431e-01,
        3.74984954e-02, 1.81544192e-02, 5.04548710e-01],
       [1.21923256e-03, 5.89082078e-05, 8.64437840e-03, 6.44779156e-02,
        3.12924788e-02, 9.33008031e-02, 1.83624356e-02]]), array([[0.00623935, 0.71455333, 0.04319715, 0.0819775 , 0.08606739,
        0.24328168, 0.01505785],
       [0.20916027, 0.17021218, 0.35229709, 0.59494656, 0.80788428,
        0.6976245 , 0.4671371 ],
       [0.75000818, 0.07423878, 0.57953917, 0.31512518, 0.10100058,
        0.04175092, 0.51059701],
       [0.0345922 , 0.04099571, 0.0249666 , 0.00795075, 0.00504775,
        0.01734289, 0.00720804]]), array([[8.26884158e-04, 4.67153062e-02, 1.81943650e-02, 5.12494583e-01,
        1.29585006e-04, 8.49461490e-01, 1.20599076e-02],
       [1.46012735e-02, 9.42805010e-01, 8.94202029e-01, 3.76489392e-01,
        1.68693161e-01, 3.75967052e-02, 9.47062942e-01],
       [9.63263404e-01, 8.12618513e-03, 6.52100603e-02, 6.88823968e-02,
        7.80067141e-01, 1.06482182e-01, 1.99209977e-02],
       [2.13084386e-02, 2.35349881e-03, 2.23935462e-02, 4.21336279e-02,
        5.11101125e-02, 6.45962334e-03, 2.09561528e-02]]), array([[0.1052662 , 0.85014682, 0.65117187, 0.00468561, 0.05827001,
        0.00651174, 0.10663227],
       [0.19551749, 0.0233043 , 0.0940765 , 0.95052437, 0.28246315,
        0.01419517, 0.80567091],
       [0.67826262, 0.08245519, 0.24000663, 0.0288005 , 0.65193277,
        0.97275767, 0.06204238],
       [0.0209537 , 0.04409369, 0.014745  , 0.01598952, 0.00733407,
        0.00653542, 0.02565444]]), array([[9.77595262e-04, 2.48977262e-02, 7.87485543e-04, 9.19313953e-01,
        1.92934604e-02, 3.53184617e-02, 4.27006878e-02],
       [1.89846936e-03, 7.61293425e-01, 9.57375182e-01, 2.89126923e-02,
        8.28575227e-01, 2.87845469e-02, 6.60137641e-01],
       [9.93432175e-01, 2.08506983e-01, 4.47704042e-04, 4.01418853e-02,
        6.68743308e-02, 9.13191523e-01, 2.37118079e-01],
       [3.69175994e-03, 5.30186605e-03, 4.13896286e-02, 1.16314689e-02,
        8.52569813e-02, 2.27054684e-02, 6.00435916e-02]]), array([[0.01945685, 0.09390068, 0.16473918, 0.07039204, 0.23807259,
        0.4921916 , 0.06230655],
       [0.43294732, 0.12914422, 0.63561184, 0.8151913 , 0.4443384 ,
        0.00981685, 0.66302131],
       [0.51808707, 0.77499526, 0.1884547 , 0.072929  , 0.14544823,
        0.46688899, 0.27175125],
       [0.02950876, 0.00195984, 0.01119428, 0.04148766, 0.17214077,
        0.03110257, 0.00292089]]), array([[7.15681333e-04, 8.45728224e-03, 6.56776209e-02, 4.41366363e-01,
        3.22683682e-01, 6.42306493e-01, 3.84775017e-01],
       [9.29292783e-02, 4.82424012e-01, 7.48758502e-01, 1.71982943e-01,
        5.78959101e-01, 5.36596747e-02, 3.62206201e-01],
       [9.02713235e-01, 5.04447473e-01, 1.68553012e-01, 3.63442771e-01,
        7.36301909e-02, 2.58697554e-01, 1.76645992e-01],
       [3.64180579e-03, 4.67123287e-03, 1.70108644e-02, 2.32079230e-02,
        2.47270263e-02, 4.53362784e-02, 7.63727901e-02]]), array([[5.41575108e-01, 1.07634248e-01, 6.63343385e-04, 6.24701287e-01,
        1.19152361e-02, 3.23997989e-02, 5.63763227e-02],
       [1.84284839e-01, 2.61320670e-01, 8.53358156e-01, 1.99525748e-01,
        1.10705293e-02, 8.57406656e-01, 1.78227748e-01],
       [2.29716171e-01, 6.17697641e-01, 1.40640782e-01, 1.69382078e-01,
        9.47714166e-01, 1.06822843e-01, 7.64674165e-01],
       [4.44238823e-02, 1.33474408e-02, 5.33771805e-03, 6.39088832e-03,
        2.93000682e-02, 3.37070238e-03, 7.21764397e-04]])]

Total NMI: [[0.7444331870466971, 0.7444331870466971, 0.7444331870466971, 0.6232710931088747, 0.5162576722345796, 0.6702252276515629, 0.8722165935233486, 0.7134063057636204, 0.6808071321652727, 0.7134063057636205, 0.8443474259850089, 0.792464341668237, 0.7924643416682369, 0.8443474259850088, 0.7444331870466971, 0.7444331870466971, 0.8198358826076497, 0.7952425906510514, 0.7952425906510514, 0.8198358826076497, 0.6587376510850856, 0.7952425906510514, 0.9317475302170172, 0.6232710931088749, 0.47622713750154516, 0.561884803785396, 0.7633855877757291, 0.5858779295433235, 0.623271093108875, 0.9317475302170172, 0.7952425906510514, 0.7444331870466971, 0.7633855877757291, 0.6232710931088749, 0.7444331870466971, 0.7444331870466971, 0.6232710931088749, 0.7297980566703937, 0.8443474259850089, 0.8722165935233486, 0.7633855877757291, 0.6232710931088749, 0.8198358826076497, 0.7444331870466971, 0.6587376510850856, 0.7134063057636204, 0.7134063057636206, 0.7444331870466971, 0.9317475302170172, 0.7952425906510514], [0.7069915719890948, 0.6587376510850856, 0.8198358826076497, 0.7134063057636206, 0.7134063057636206, 1.0, 0.8443474259850088, 0.623271093108875, 0.8722165935233486, 0.8722165935233486, 0.7863864775827529, 0.7297980566703937, 0.844347425985009, 0.6313068075421491, 0.8208952492900794, 0.7952425906510514, 0.8198358826076497, 0.9399452942025499, 0.6232710931088749, 0.5195552060130463, 0.7069915719890949, 0.6702252276515629, 0.6232710931088749, 0.6587376510850856, 1.0, 0.7248303282742284, 0.6843729751257531, 0.7297980566703937, 0.8150659837950935, 0.6808071321652727, 0.8443474259850089, 0.7069915719890948, 0.7069915719890948, 0.7952425906510514, 0.7952425906510514, 0.7952425906510514, 0.7952425906510514, 0.763385587775729, 0.7633855877757291, 1.0, 0.9035000824425833, 0.7863864775827529, 0.6313068075421491, 0.7633855877757291, 0.8198358826076497, 0.9399452942025499, 0.9399452942025499, 0.9399452942025499, 1.0, 0.8722165935233486], [0.6587376510850856, 0.8866950819254699, 0.7444331870466971, 0.8198358826076497, 0.8198358826076497, 0.7444331870466971, 0.476227137501545, 0.4676404466407549, 0.467640446640755, 0.3615307085547171, 0.6259869366873417, 0.7444331870466971, 0.8208952492900793, 0.7297980566703937, 0.7297980566703937, 0.7134063057636205, 0.7134063057636205, 0.4676404466407549, 0.5815097140548869, 0.34117992253914825, 0.7633855877757291, 0.6232710931088749, 0.6232710931088749, 0.6313068075421491, 0.6232710931088749, 0.7069915719890948, 0.7863330982592741, 0.9035000824425833, 0.7633855877757291, 0.5162576722345796, 0.28483386264113447, 0.4861644522971251, 0.6313068075421491, 0.6786816418135686, 0.6786816418135686, 0.6313068075421491, 0.4861644522971251, 0.41849834544782116, 0.7444331870466969, 0.7069915719890948, 0.4850441569501016, 0.43432493114887843, 0.3481423693434059, 0.6313068075421491, 0.47622713750154516, 0.6232710931088749, 0.7069915719890948, 0.7863330982592741, 0.7248303282742283, 0.5195552060130464], [0.5858779295433236, 0.43432493114887843, 0.5618848037853961, 0.5618848037853961, 0.8560803272210791, 0.7134063057636204, 0.7633855877757291, 0.6313068075421491, 1.0, 0.561884803785396, 0.5422079288159414, 0.5100038178850457, 0.8198358826076497, 0.7444331870466971, 0.7633855877757291, 0.8443474259850089, 0.8198358826076497, 0.7134063057636205, 0.6232710931088749, 0.8534957859945473, 0.5604873579836422, 0.7444331870466971, 0.7633855877757291, 0.47622713750154516, 0.5858779295433236, 0.9153594502930915, 0.7134063057636205, 0.6232710931088749, 0.8198358826076497, 0.6587376510850855, 0.5604873579836422, 0.8866950819254699, 0.792464341668237, 0.7633855877757291, 0.8198358826076497, 0.8198358826076497, 0.6702252276515629, 0.3471200707142942, 0.5100038178850457, 0.6047894602392057, 0.3133922092668023, 0.3133922092668023, 0.561884803785396, 0.5858779295433236, 0.6313068075421491, 0.8449203299593961, 0.8443474259850089, 0.6259869366873417, 0.5100038178850458, 0.7633855877757291], [0.8722165935233486, 1.0, 0.8722165935233486, 0.8722165935233486, 0.8722165935233486, 0.9317475302170172, 0.9317475302170172, 0.8198358826076497, 0.8198358826076497, 0.7444331870466971, 0.6232710931088747, 0.8208952492900795, 0.6702252276515629, 0.7633855877757291, 0.8722165935233486, 0.9035000824425831, 0.763385587775729, 0.8722165935233486, 0.8198358826076497, 0.9399452942025499, 0.8198358826076497, 0.9399452942025499, 0.8722165935233486, 0.8722165935233486, 0.8198358826076497, 0.9153594502930914, 0.8623689852354814, 0.8866950819254699, 0.8722165935233486, 0.8722165935233486, 0.6587376510850856, 0.7952425906510514, 0.7444331870466971, 0.8722165935233486, 1.0, 0.8722165935233486, 0.7444331870466971, 0.7444331870466971, 0.8722165935233486, 0.9317475302170172, 0.7444331870466971, 0.8198358826076497, 0.9399452942025499, 1.0, 0.9153594502930915, 0.8443474259850089, 0.8198358826076497, 0.8198358826076497, 0.7444331870466971, 0.9399452942025499], [0.4343249311488783, 0.561884803785396, 0.5618848037853958, 0.9159423485544134, 0.6313068075421491, 0.7297980566703935, 0.8208952492900793, 0.8208952492900793, 0.8449203299593961, 1.0, 0.8449203299593961, 0.8449203299593961, 0.928039936436465, 0.844347425985009, 1.0, 0.763385587775729, 0.8449203299593961, 0.8443474259850088, 0.8198358826076497, 0.7444331870466971, 0.7444331870466971, 0.763385587775729, 1.0, 0.7863864775827529, 1.0, 0.7633855877757291, 0.8443474259850088, 0.9280399364364652, 0.928039936436465, 0.9280399364364652, 0.7633855877757291, 0.7444331870466971, 0.9035000824425833, 0.928039936436465, 0.763385587775729, 0.7069915719890949, 0.7069915719890949, 0.6702252276515628, 0.9035000824425831, 0.8722165935233486, 0.7863864775827529, 0.7863864775827529, 0.9035000824425833, 0.7297980566703935, 0.9280399364364652, 1.0, 0.7863864775827529, 1.0, 0.9035000824425831, 0.7863864775827529], [0.8449203299593961, 0.7633855877757291, 0.7628736761435233, 0.7628736761435233, 0.8722165935233486, 0.8198358826076497, 0.8198358826076497, 1.0, 0.8722165935233486, 0.7633855877757291, 1.0, 0.7134063057636205, 0.9153594502930914, 0.6808071321652727, 0.9153594502930915, 0.792464341668237, 0.8443474259850089, 0.7633855877757291, 0.8449203299593961, 0.9035000824425833, 0.8722165935233486, 0.7633855877757291, 0.9035000824425833, 1.0, 0.8722165935233486, 0.9399452942025499, 0.8443474259850091, 0.928039936436465, 0.8443474259850088, 0.8722165935233486, 0.8443474259850089, 0.8443474259850089, 1.0, 0.8443474259850089, 0.8443474259850089, 1.0, 0.7444331870466971, 0.8443474259850088, 0.8150659837950935, 0.8150659837950935, 0.7134063057636205, 0.7444331870466971, 0.8722165935233486, 0.7633855877757291, 0.7863864775827529, 0.7633855877757291, 0.7134063057636205, 0.7297980566703937, 1.0, 0.8449203299593961], [0.8443474259850088, 0.7297980566703935, 0.763385587775729, 0.7633855877757291, 0.7633855877757291, 0.7444331870466971, 0.8198358826076497, 0.7444331870466971, 0.8208952492900794, 0.6232710931088749, 0.6047894602392057, 0.6786816418135686, 0.928039936436465, 0.8100954822677766, 0.5162576722345794, 0.8877758527630609, 0.5195552060130463, 0.7444331870466971, 0.7134063057636205, 0.7134063057636205, 0.5195552060130463, 0.6786816418135686, 0.6047894602392057, 0.6232710931088749, 0.6232710931088749, 0.7952425906510514, 0.8198358826076497, 0.8866950819254699, 0.8866950819254699, 0.8198358826076497, 0.7069915719890948, 0.5618848037853961, 0.8208952492900794, 0.8208952492900795, 0.7297980566703935, 0.844347425985009, 0.7444331870466971, 0.8198358826076497, 1.0, 0.8443474259850091, 0.6117236165563891, 0.6117236165563891, 0.5618848037853961, 0.7248303282742286, 0.6313068075421491, 0.7633855877757291, 0.8443474259850091, 0.792464341668237, 0.792464341668237, 0.7134063057636206], [0.6702252276515629, 0.9317475302170172, 0.34814236934340587, 0.6843729751257531, 0.8208952492900793, 0.6232710931088747, 0.8722165935233486, 0.6232710931088747, 0.47622713750154516, 0.7633855877757291, 0.6587376510850856, 0.6702252276515628, 0.5195552060130463, 0.6702252276515629, 0.6313068075421491, 0.7863330982592741, 0.7069915719890948, 0.7444331870466971, 0.7952425906510514, 0.561884803785396, 0.6232710931088749, 0.7134063057636204, 0.6232710931088747, 0.5195552060130463, 0.5162576722345796, 0.7633855877757291, 0.8198358826076497, 0.8198358826076497, 0.8198358826076497, 0.792464341668237, 0.8443474259850089, 0.7444331870466971, 0.7633855877757291, 0.4343249311488784, 0.4850441569501016, 0.6587376510850856, 0.763385587775729, 0.5195552060130463, 0.5162576722345794, 0.6313068075421491, 0.9317475302170172, 0.8208952492900794, 0.8449203299593961, 0.7633855877757291, 0.9317475302170172, 0.5162576722345794, 0.3481423693434058, 0.6702252276515629, 0.7297980566703937, 0.928039936436465], [0.4343249311488783, 0.7633855877757291, 0.7134063057636207, 0.7297980566703937, 0.6313068075421491, 0.7633855877757291, 1.0, 0.6587376510850856, 0.6587376510850856, 0.9399452942025499, 0.6587376510850856, 1.0, 0.7069915719890948, 0.7633855877757291, 0.7633855877757291, 0.763385587775729, 0.6786816418135685, 0.7863330982592741, 0.8777647074328874, 0.7248303282742283, 0.6786816418135685, 0.786333098259274, 1.0, 0.7297980566703937, 0.6313068075421491, 0.786333098259274, 1.0, 0.8777647074328873, 1.0, 0.7297980566703937, 0.763385587775729, 0.7134063057636204, 0.8777647074328873, 1.0, 1.0, 1.0, 0.786333098259274, 0.928039936436465, 1.0, 0.928039936436465, 0.9035000824425831, 0.9035000824425833, 0.8449203299593961, 0.928039936436465, 0.9280399364364652, 0.8449203299593961, 1.0, 1.0, 0.928039936436465, 0.8443474259850088]]
Total Percentage: [[42.857142857142854, 14.285714285714285, 14.285714285714285, 28.57142857142857, 14.285714285714285, 42.857142857142854, 57.14285714285714, 57.14285714285714, 42.857142857142854, 42.857142857142854, 28.57142857142857, 42.857142857142854, 42.857142857142854, 28.57142857142857, 28.57142857142857, 14.285714285714285, 28.57142857142857, 42.857142857142854, 57.14285714285714, 28.57142857142857, 42.857142857142854, 57.14285714285714, 42.857142857142854, 42.857142857142854, 28.57142857142857, 42.857142857142854, 57.14285714285714, 14.285714285714285, 28.57142857142857, 85.71428571428571, 71.42857142857143, 57.14285714285714, 42.857142857142854, 42.857142857142854, 42.857142857142854, 28.57142857142857, 42.857142857142854, 28.57142857142857, 71.42857142857143, 42.857142857142854, 42.857142857142854, 28.57142857142857, 28.57142857142857, 42.857142857142854, 28.57142857142857, 57.14285714285714, 42.857142857142854, 42.857142857142854, 85.71428571428571, 71.42857142857143], [28.57142857142857, 57.14285714285714, 28.57142857142857, 28.57142857142857, 57.14285714285714, 100.0, 57.14285714285714, 28.57142857142857, 57.14285714285714, 57.14285714285714, 57.14285714285714, 42.857142857142854, 71.42857142857143, 57.14285714285714, 71.42857142857143, 57.14285714285714, 71.42857142857143, 71.42857142857143, 42.857142857142854, 28.57142857142857, 42.857142857142854, 28.57142857142857, 57.14285714285714, 42.857142857142854, 57.14285714285714, 42.857142857142854, 71.42857142857143, 57.14285714285714, 57.14285714285714, 28.57142857142857, 71.42857142857143, 42.857142857142854, 71.42857142857143, 57.14285714285714, 57.14285714285714, 57.14285714285714, 57.14285714285714, 71.42857142857143, 42.857142857142854, 85.71428571428571, 85.71428571428571, 57.14285714285714, 57.14285714285714, 57.14285714285714, 42.857142857142854, 57.14285714285714, 57.14285714285714, 42.857142857142854, 85.71428571428571, 71.42857142857143], [42.857142857142854, 28.57142857142857, 28.57142857142857, 28.57142857142857, 0.0, 57.14285714285714, 28.57142857142857, 28.57142857142857, 14.285714285714285, 42.857142857142854, 42.857142857142854, 14.285714285714285, 57.14285714285714, 57.14285714285714, 28.57142857142857, 28.57142857142857, 28.57142857142857, 14.285714285714285, 0.0, 14.285714285714285, 14.285714285714285, 57.14285714285714, 42.857142857142854, 28.57142857142857, 42.857142857142854, 42.857142857142854, 42.857142857142854, 28.57142857142857, 0.0, 14.285714285714285, 42.857142857142854, 42.857142857142854, 28.57142857142857, 57.14285714285714, 57.14285714285714, 42.857142857142854, 42.857142857142854, 28.57142857142857, 57.14285714285714, 28.57142857142857, 42.857142857142854, 42.857142857142854, 14.285714285714285, 28.57142857142857, 28.57142857142857, 28.57142857142857, 14.285714285714285, 71.42857142857143, 28.57142857142857, 28.57142857142857], [14.285714285714285, 28.57142857142857, 14.285714285714285, 28.57142857142857, 14.285714285714285, 42.857142857142854, 28.57142857142857, 28.57142857142857, 57.14285714285714, 42.857142857142854, 28.57142857142857, 42.857142857142854, 42.857142857142854, 28.57142857142857, 42.857142857142854, 57.14285714285714, 57.14285714285714, 28.57142857142857, 42.857142857142854, 57.14285714285714, 28.57142857142857, 14.285714285714285, 57.14285714285714, 14.285714285714285, 42.857142857142854, 28.57142857142857, 28.57142857142857, 14.285714285714285, 57.14285714285714, 14.285714285714285, 42.857142857142854, 14.285714285714285, 57.14285714285714, 42.857142857142854, 57.14285714285714, 57.14285714285714, 42.857142857142854, 28.57142857142857, 28.57142857142857, 57.14285714285714, 28.57142857142857, 14.285714285714285, 28.57142857142857, 57.14285714285714, 42.857142857142854, 57.14285714285714, 28.57142857142857, 42.857142857142854, 42.857142857142854, 42.857142857142854], [28.57142857142857, 42.857142857142854, 71.42857142857143, 42.857142857142854, 57.14285714285714, 57.14285714285714, 71.42857142857143, 57.14285714285714, 71.42857142857143, 42.857142857142854, 28.57142857142857, 57.14285714285714, 57.14285714285714, 71.42857142857143, 57.14285714285714, 42.857142857142854, 42.857142857142854, 57.14285714285714, 28.57142857142857, 85.71428571428571, 71.42857142857143, 28.57142857142857, 28.57142857142857, 28.57142857142857, 42.857142857142854, 71.42857142857143, 57.14285714285714, 42.857142857142854, 57.14285714285714, 85.71428571428571, 42.857142857142854, 57.14285714285714, 42.857142857142854, 71.42857142857143, 71.42857142857143, 71.42857142857143, 57.14285714285714, 57.14285714285714, 85.71428571428571, 42.857142857142854, 42.857142857142854, 71.42857142857143, 71.42857142857143, 57.14285714285714, 85.71428571428571, 57.14285714285714, 57.14285714285714, 42.857142857142854, 42.857142857142854, 57.14285714285714], [28.57142857142857, 28.57142857142857, 28.57142857142857, 85.71428571428571, 42.857142857142854, 57.14285714285714, 71.42857142857143, 85.71428571428571, 85.71428571428571, 71.42857142857143, 71.42857142857143, 71.42857142857143, 71.42857142857143, 71.42857142857143, 100.0, 57.14285714285714, 42.857142857142854, 57.14285714285714, 57.14285714285714, 28.57142857142857, 28.57142857142857, 57.14285714285714, 100.0, 71.42857142857143, 100.0, 57.14285714285714, 71.42857142857143, 85.71428571428571, 85.71428571428571, 71.42857142857143, 42.857142857142854, 42.857142857142854, 71.42857142857143, 57.14285714285714, 42.857142857142854, 42.857142857142854, 42.857142857142854, 57.14285714285714, 71.42857142857143, 57.14285714285714, 42.857142857142854, 57.14285714285714, 57.14285714285714, 42.857142857142854, 71.42857142857143, 85.71428571428571, 57.14285714285714, 85.71428571428571, 71.42857142857143, 71.42857142857143], [71.42857142857143, 71.42857142857143, 28.57142857142857, 28.57142857142857, 71.42857142857143, 71.42857142857143, 71.42857142857143, 100.0, 85.71428571428571, 57.14285714285714, 100.0, 42.857142857142854, 42.857142857142854, 42.857142857142854, 71.42857142857143, 57.14285714285714, 85.71428571428571, 57.14285714285714, 85.71428571428571, 85.71428571428571, 85.71428571428571, 71.42857142857143, 85.71428571428571, 85.71428571428571, 71.42857142857143, 71.42857142857143, 57.14285714285714, 85.71428571428571, 85.71428571428571, 85.71428571428571, 71.42857142857143, 71.42857142857143, 100.0, 57.14285714285714, 85.71428571428571, 100.0, 57.14285714285714, 28.57142857142857, 71.42857142857143, 71.42857142857143, 57.14285714285714, 57.14285714285714, 85.71428571428571, 71.42857142857143, 71.42857142857143, 57.14285714285714, 71.42857142857143, 71.42857142857143, 100.0, 85.71428571428571], [28.57142857142857, 57.14285714285714, 42.857142857142854, 14.285714285714285, 71.42857142857143, 42.857142857142854, 14.285714285714285, 0.0, 42.857142857142854, 14.285714285714285, 57.14285714285714, 71.42857142857143, 28.57142857142857, 57.14285714285714, 57.14285714285714, 57.14285714285714, 42.857142857142854, 14.285714285714285, 42.857142857142854, 28.57142857142857, 42.857142857142854, 71.42857142857143, 42.857142857142854, 28.57142857142857, 42.857142857142854, 71.42857142857143, 42.857142857142854, 57.14285714285714, 42.857142857142854, 14.285714285714285, 14.285714285714285, 14.285714285714285, 57.14285714285714, 71.42857142857143, 71.42857142857143, 71.42857142857143, 57.14285714285714, 57.14285714285714, 71.42857142857143, 28.57142857142857, 57.14285714285714, 57.14285714285714, 14.285714285714285, 28.57142857142857, 71.42857142857143, 57.14285714285714, 28.57142857142857, 28.57142857142857, 71.42857142857143, 42.857142857142854], [57.14285714285714, 71.42857142857143, 28.57142857142857, 57.14285714285714, 71.42857142857143, 42.857142857142854, 28.57142857142857, 42.857142857142854, 28.57142857142857, 42.857142857142854, 42.857142857142854, 71.42857142857143, 28.57142857142857, 14.285714285714285, 28.57142857142857, 57.14285714285714, 14.285714285714285, 42.857142857142854, 42.857142857142854, 28.57142857142857, 42.857142857142854, 42.857142857142854, 57.14285714285714, 28.57142857142857, 0.0, 42.857142857142854, 57.14285714285714, 42.857142857142854, 28.57142857142857, 14.285714285714285, 42.857142857142854, 28.57142857142857, 57.14285714285714, 28.57142857142857, 42.857142857142854, 57.14285714285714, 71.42857142857143, 14.285714285714285, 42.857142857142854, 57.14285714285714, 71.42857142857143, 85.71428571428571, 71.42857142857143, 42.857142857142854, 71.42857142857143, 28.57142857142857, 42.857142857142854, 57.14285714285714, 28.57142857142857, 57.14285714285714], [28.57142857142857, 71.42857142857143, 57.14285714285714, 42.857142857142854, 14.285714285714285, 57.14285714285714, 28.57142857142857, 28.57142857142857, 42.857142857142854, 14.285714285714285, 28.57142857142857, 85.71428571428571, 28.57142857142857, 57.14285714285714, 28.57142857142857, 71.42857142857143, 42.857142857142854, 42.857142857142854, 85.71428571428571, 0.0, 57.14285714285714, 57.14285714285714, 85.71428571428571, 42.857142857142854, 57.14285714285714, 71.42857142857143, 85.71428571428571, 42.857142857142854, 71.42857142857143, 42.857142857142854, 28.57142857142857, 71.42857142857143, 85.71428571428571, 100.0, 85.71428571428571, 85.71428571428571, 71.42857142857143, 57.14285714285714, 57.14285714285714, 85.71428571428571, 71.42857142857143, 71.42857142857143, 85.71428571428571, 71.42857142857143, 71.42857142857143, 71.42857142857143, 85.71428571428571, 100.0, 85.71428571428571, 57.14285714285714]]
Total Delta Gamma: [1.66659059 2.01214687 1.61977344 2.00492059 1.89426996 1.80114228
 1.80863979 1.73812272 1.80442277 1.8525124 ]
Total Delta R: [1.55504148 1.15981639 1.45023602 1.38454501 1.70780573 1.3819423
 1.91379991 1.54051573 1.34409827 1.92630229]
