Complexity increased keeping gamma very unbalanced, and increasing K (K=6)
==================================================

N (neurons): 3
K (states): 6
T (time steps): 50000
Seed: None
Number of repetitions: 10

Initialization of parameters for HMM:
Pi: [1 0 0 0 0 0]
Gamma: [[0.75 0.05 0.05 0.05 0.05 0.05]
 [0.05 0.75 0.05 0.05 0.05 0.05]
 [0.05 0.05 0.75 0.05 0.05 0.05]
 [0.05 0.05 0.05 0.75 0.05 0.05]
 [0.05 0.05 0.05 0.05 0.75 0.05]
 [0.05 0.05 0.05 0.05 0.05 0.75]]
R: [[0.5        0.         0.5        0.         0.33333333 0.33333333]
 [0.         0.5        0.5        0.         0.         0.33333333]
 [0.5        0.         0.         0.5        0.33333333 0.        ]
 [0.         0.5        0.         0.5        0.33333333 0.33333333]]

Generated data:
Generated firings (y): [2 0 0 2 3 3 2 2 2 2 2 1 2 2 3 3 2 0 0 2 2 2 2 2 0 2 1 1 1 1 3 3 1 3 1 1 1
 3 3 1 1 3 1 1 3 2 0 0 0 0 0 1 0 0 0 0 1 1 1 0 0 0 0 1 1 0 3 0 3 0 0 1 0 0
 0 1 1 1 1 3 3 1 1 0 0 2 3 0 2 0 3 2 0 0 0 0 3 3 0 3]... (showing first 100 entries)
Generated states (z): [0 2 2 4 5 5 0 0 0 0 0 5 3 4 4 4 4 5 5 0 0 3 4 4 4 4 1 1 1 1 1 1 1 1 1 1 1
 1 1 1 1 1 1 1 1 3 2 2 2 2 2 2 2 2 2 2 2 2 2 2 2 2 2 2 2 4 4 4 4 2 5 2 2 2
 2 2 1 1 1 1 1 1 2 4 4 4 4 4 4 4 4 4 2 2 5 2 4 4 4 3]... (showing first 100 entries)

Estimated parameters:
Estimated Pi: [array([0.39043266, 0.07410213, 0.05043296, 0.26255173, 0.12623053,
       0.09624998]), array([0.00316664, 0.09984877, 0.12554211, 0.2267383 , 0.13424905,
       0.41045513]), array([0.05699893, 0.47731985, 0.12280025, 0.00116329, 0.07019676,
       0.27152093]), array([0.20641016, 0.04576017, 0.05792234, 0.36082301, 0.28445855,
       0.04462577]), array([0.25303226, 0.0319307 , 0.30345485, 0.08751831, 0.23177855,
       0.09228533]), array([2.68116270e-02, 1.10918941e-01, 5.71930620e-01, 2.66899399e-01,
       2.33105888e-02, 1.28824023e-04]), array([0.13259581, 0.10179627, 0.15106959, 0.01473663, 0.55237849,
       0.04742321]), array([0.30605395, 0.04853566, 0.05055154, 0.21157606, 0.156725  ,
       0.2265578 ]), array([0.048345  , 0.47417746, 0.01403736, 0.03974638, 0.01318258,
       0.4105112 ]), array([0.05354218, 0.05634632, 0.34788212, 0.01538083, 0.28433893,
       0.24250963])]
Estimated Gamma: [array([[4.80827420e-03, 4.10206371e-03, 8.22848856e-02, 4.54309725e-02,
        1.08394960e-01, 7.54978844e-01],
       [8.98091540e-03, 1.13748097e-01, 2.79819821e-03, 1.11584990e-01,
        5.37312237e-01, 2.25575562e-01],
       [1.37258609e-01, 1.71093419e-01, 1.89170803e-02, 1.69391666e-01,
        3.01425910e-02, 4.73196634e-01],
       [3.54997932e-04, 1.25275914e-01, 3.06930823e-01, 1.88191241e-01,
        2.97214036e-01, 8.20329873e-02],
       [2.32132345e-02, 3.41793221e-02, 3.15974813e-02, 1.25892270e-02,
        7.43960235e-01, 1.54460500e-01],
       [6.30706854e-03, 6.78544776e-01, 9.75444506e-02, 3.47838868e-02,
        1.08378558e-02, 1.71981963e-01]]), array([[0.1765059 , 0.35586389, 0.11008471, 0.15740482, 0.09393618,
        0.10620451],
       [0.10970513, 0.04943279, 0.32525418, 0.06581501, 0.28698712,
        0.16280577],
       [0.23186913, 0.02256616, 0.04124618, 0.13782019, 0.48085807,
        0.08564027],
       [0.136475  , 0.38593954, 0.0583783 , 0.31535069, 0.07980194,
        0.02405454],
       [0.07180229, 0.01520371, 0.21372968, 0.29416894, 0.29593571,
        0.10915967],
       [0.43525568, 0.21786643, 0.14642085, 0.11032665, 0.0863624 ,
        0.003768  ]]), array([[0.2240881 , 0.02824857, 0.04378105, 0.62587748, 0.00544964,
        0.07255516],
       [0.75199374, 0.02292484, 0.14576601, 0.00215946, 0.02384024,
        0.05331571],
       [0.20006123, 0.00829232, 0.41093507, 0.05403328, 0.32174745,
        0.00493066],
       [0.21172991, 0.0073587 , 0.18022824, 0.06975799, 0.52197051,
        0.00895465],
       [0.05673565, 0.00823595, 0.31827023, 0.48386338, 0.03234459,
        0.10055019],
       [0.59883419, 0.02049327, 0.02400018, 0.13078537, 0.14938866,
        0.07649832]]), array([[0.25646784, 0.03010507, 0.30985294, 0.13872137, 0.2511066 ,
        0.01374619],
       [0.08591409, 0.11331727, 0.48292178, 0.05290188, 0.04577257,
        0.2191724 ],
       [0.01720522, 0.02497941, 0.17978361, 0.61459434, 0.11236693,
        0.05107048],
       [0.02340201, 0.05340028, 0.00717491, 0.01635347, 0.31495949,
        0.58470984],
       [0.41339042, 0.05898812, 0.28368319, 0.10864828, 0.04514135,
        0.09014863],
       [0.03419351, 0.78796077, 0.01816946, 0.04660707, 0.03546307,
        0.07760613]]), array([[0.07262569, 0.02277892, 0.12496635, 0.10491305, 0.12026065,
        0.55445535],
       [0.7156782 , 0.18132061, 0.00250937, 0.07357772, 0.01242108,
        0.01449302],
       [0.0598513 , 0.41855644, 0.02708606, 0.2027613 , 0.17092787,
        0.12081703],
       [0.05178461, 0.50775985, 0.09518348, 0.31167005, 0.02638255,
        0.00721946],
       [0.01704098, 0.65240889, 0.05812521, 0.01442801, 0.14487875,
        0.11311816],
       [0.04550523, 0.02027515, 0.21454306, 0.65338286, 0.03242661,
        0.03386708]]), array([[0.17202732, 0.5190573 , 0.00602464, 0.04506839, 0.0067684 ,
        0.25105395],
       [0.11402414, 0.20880598, 0.06102802, 0.18530501, 0.30947093,
        0.12136591],
       [0.0018777 , 0.01187676, 0.02777132, 0.14276895, 0.81360018,
        0.0021051 ],
       [0.02621134, 0.13640437, 0.01422741, 0.12799963, 0.65028497,
        0.04487228],
       [0.0529414 , 0.03989328, 0.01010724, 0.05591894, 0.03106468,
        0.81007445],
       [0.31146483, 0.00678641, 0.26898664, 0.22100007, 0.18470886,
        0.00705319]]), array([[0.05577781, 0.01374428, 0.26375031, 0.2124902 , 0.30545447,
        0.14878293],
       [0.18964996, 0.03944757, 0.10953988, 0.23769133, 0.10280775,
        0.32086352],
       [0.00146013, 0.0740627 , 0.43982909, 0.42763831, 0.02235905,
        0.03465073],
       [0.1021998 , 0.19662501, 0.3837682 , 0.12515139, 0.13461757,
        0.05763803],
       [0.00434072, 0.44403158, 0.08144207, 0.27023426, 0.11669809,
        0.08325327],
       [0.06611205, 0.06775233, 0.25712023, 0.0107222 , 0.58808635,
        0.01020685]]), array([[0.19041399, 0.29157342, 0.04800271, 0.23587222, 0.23273187,
        0.0014058 ],
       [0.05773714, 0.34558527, 0.03442461, 0.329179  , 0.13957544,
        0.09349853],
       [0.0083725 , 0.15255033, 0.16974069, 0.09682963, 0.04531816,
        0.52718869],
       [0.00881803, 0.10134852, 0.76351748, 0.06407888, 0.02428162,
        0.03795546],
       [0.17294709, 0.08280033, 0.34161371, 0.12500595, 0.10521187,
        0.17242104],
       [0.58266311, 0.079792  , 0.11576206, 0.12053285, 0.01376748,
        0.0874825 ]]), array([[1.58161888e-01, 6.34932405e-01, 2.17671370e-02, 1.36321379e-01,
        1.76546138e-02, 3.11625772e-02],
       [1.10084481e-01, 1.54272980e-02, 7.80510194e-03, 8.11707659e-01,
        1.80181453e-02, 3.69573152e-02],
       [8.83092299e-02, 4.21647781e-01, 5.68348607e-03, 8.59956262e-03,
        3.71532053e-02, 4.38606736e-01],
       [6.58838937e-01, 3.66992313e-02, 2.69225922e-01, 1.56761182e-02,
        1.68348847e-02, 2.72490723e-03],
       [3.28943805e-01, 9.61318733e-02, 5.38263825e-02, 2.91986315e-02,
        5.11527285e-02, 4.40746580e-01],
       [2.50684061e-04, 1.34396126e-03, 1.22187094e-03, 9.44964379e-01,
        2.08871003e-02, 3.13320045e-02]]), array([[3.63971004e-02, 4.58854463e-03, 2.44091104e-01, 2.16163175e-02,
        5.23069038e-01, 1.70237896e-01],
       [9.86075258e-02, 2.93835158e-02, 6.12311091e-02, 6.07809699e-01,
        1.29253979e-01, 7.37141715e-02],
       [1.29318137e-01, 4.89823229e-01, 1.04203967e-01, 8.61441365e-02,
        1.18585014e-01, 7.19255170e-02],
       [3.57194151e-02, 1.00486649e-01, 7.30969224e-03, 8.16065218e-01,
        3.43164200e-02, 6.10260539e-03],
       [1.20501399e-01, 3.26398132e-01, 1.61263213e-02, 2.21464385e-03,
        4.59249400e-01, 7.55101043e-02],
       [4.17328784e-01, 6.02298497e-04, 2.48458929e-01, 1.33156444e-01,
        1.19521701e-01, 8.09318442e-02]])]
Estimated R: [array([[0.05216728, 0.57652953, 0.69212344, 0.3857062 , 0.00845061,
        0.76246421],
       [0.04196732, 0.00944698, 0.01756769, 0.01885341, 0.00152759,
        0.01112543],
       [0.89315267, 0.40315062, 0.17899895, 0.41657317, 0.13899102,
        0.1110374 ],
       [0.01271272, 0.01087286, 0.11130991, 0.17886721, 0.85103078,
        0.11537296]]), array([[0.84826866, 0.46486618, 0.22937078, 0.41594519, 0.03643228,
        0.1812819 ],
       [0.00522858, 0.00259431, 0.00653725, 0.0159635 , 0.01756487,
        0.06195377],
       [0.05614666, 0.28135598, 0.53746794, 0.32930329, 0.23592096,
        0.73809539],
       [0.09035611, 0.25118354, 0.22662402, 0.23878802, 0.7100819 ,
        0.01866894]]), array([[0.68853192, 0.08980819, 0.01926845, 0.43505089, 0.0112175 ,
        0.28148728],
       [0.00255663, 0.00930196, 0.0129647 , 0.00255376, 0.00220822,
        0.08786946],
       [0.29970793, 0.84516581, 0.05077495, 0.01455869, 0.3775336 ,
        0.60506758],
       [0.00920352, 0.05572404, 0.91699191, 0.54783665, 0.60904068,
        0.02557568]]), array([[0.657662  , 0.06312719, 0.82669955, 0.04401078, 0.45619317,
        0.02854433],
       [0.0052239 , 0.01222157, 0.03330589, 0.04355745, 0.02509101,
        0.00712852],
       [0.31095835, 0.06958022, 0.03126211, 0.90478478, 0.50444173,
        0.05329544],
       [0.02615575, 0.85507102, 0.10873245, 0.007647  , 0.01427409,
        0.9110317 ]]), array([[0.08129111, 0.89422316, 0.15278145, 0.12427493, 0.45105489,
        0.0134198 ],
       [0.01682678, 0.00224468, 0.00515903, 0.00949928, 0.07030578,
        0.01877458],
       [0.86805533, 0.02461286, 0.36561624, 0.14164626, 0.47329319,
        0.37094091],
       [0.03382678, 0.0789193 , 0.47644328, 0.72457953, 0.00534614,
        0.59686471]]), array([[7.59606085e-02, 4.45668825e-02, 3.92255723e-02, 9.10319868e-03,
        6.27115379e-01, 7.36320114e-01],
       [1.61702695e-02, 8.64614110e-03, 1.89665675e-02, 1.65478210e-02,
        6.32613737e-03, 2.71476392e-02],
       [4.05474740e-01, 1.45119214e-01, 9.36048909e-01, 5.12877492e-01,
        5.77134150e-02, 3.56642325e-04],
       [5.02394382e-01, 8.01667762e-01, 5.75895118e-03, 4.61471489e-01,
        3.08845068e-01, 2.36175604e-01]]), array([[0.14126541, 0.51887659, 0.10876521, 0.18766931, 0.36089353,
        0.78799346],
       [0.00287031, 0.00148165, 0.02592719, 0.042755  , 0.00974743,
        0.04799772],
       [0.49049872, 0.09865371, 0.26412985, 0.08584401, 0.61853994,
        0.05363124],
       [0.36536555, 0.38098805, 0.60117775, 0.68373167, 0.01081909,
        0.11037758]]), array([[0.02851192, 0.17678125, 0.90393265, 0.58983379, 0.12389544,
        0.09666923],
       [0.00635827, 0.00824154, 0.02732837, 0.0095576 , 0.04652683,
        0.00893994],
       [0.28272876, 0.10108114, 0.05949902, 0.23031144, 0.31042087,
        0.81089937],
       [0.68240104, 0.71389607, 0.00923997, 0.17029717, 0.51915687,
        0.08349146]]), array([[5.02426814e-01, 6.37761188e-03, 4.67757487e-01, 4.34918508e-01,
        1.64301627e-01, 7.07839127e-04],
       [1.17163481e-02, 3.48619426e-02, 9.69333564e-02, 1.09433097e-02,
        7.58218822e-02, 1.22627512e-03],
       [4.46502442e-02, 9.44968559e-01, 4.83615156e-02, 1.19254072e-02,
        1.13622861e-01, 9.68226750e-01],
       [4.41206594e-01, 1.37918865e-02, 3.86947641e-01, 5.42212775e-01,
        6.46253630e-01, 2.98391354e-02]]), array([[0.79209979, 0.29100681, 0.42087662, 0.04588377, 0.58775126,
        0.29138698],
       [0.00809668, 0.00238416, 0.00955966, 0.00344777, 0.00397847,
        0.06104569],
       [0.02596259, 0.44315948, 0.53435977, 0.05882596, 0.31726929,
        0.57688771],
       [0.17384093, 0.26344955, 0.03520395, 0.89184249, 0.09100097,
        0.07067962]])]

Total NMI: [[0.6666666666666666, 0.6666666666666665, 0.6524693142571201, 0.7601875334318686, 0.6524693142571201, 0.7145514534074344, 1.0, 0.7864379259835014, 0.8864650393787022, 0.6067810370082494, 0.6067810370082491, 1.0, 0.8864650393787022, 0.8974872852425804, 0.6853314789615866, 0.6666666666666666, 0.8519590445170675, 0.8519590445170675, 0.7601875334318686, 0.6524693142571201, 0.9048504844691448, 0.9200625111439563, 1.0, 0.8864650393787022, 0.7864379259835012, 0.7864379259835012, 1.0, 0.7864379259835012, 0.82623465712856, 0.7145514534074344, 0.7145514534074344, 0.82623465712856, 0.7864379259835014, 1.0, 0.7438478550696795, 0.7438478550696795, 1.0, 0.8974872852425806, 0.7715561736794712, 0.6666666666666666, 0.6524693142571201, 0.7601875334318686, 0.7864379259835014, 0.6853314789615864, 0.7396673768007592, 0.9048504844691448, 1.0, 0.82623465712856, 0.7864379259835012, 1.0], [0.8519590445170675, 0.7601875334318686, 0.7145514534074344, 0.6524693142571201, 0.8864650393787022, 0.8864650393787022, 0.8519590445170675, 0.7216162598446756, 0.6150762885445169, 0.6067810370082494, 0.9310809437291903, 0.8189625508803525, 0.7216162598446756, 0.7601875334318686, 0.6524693142571198, 0.24661202918433175, 0.15629413933623063, 1.0, 1.0, 0.7864379259835012, 0.7601875334318686, 0.8519590445170675, 0.7216162598446756, 0.7438478550696794, 0.30166311599620405, 0.5678815282792384, 0.5793801642856952, 0.7601875334318686, 0.7216162598446754, 0.5578858913022595, 0.5578858913022595, 0.7864379259835012, 0.8519590445170675, 0.9310809437291903, 0.8519590445170674, 0.8519590445170674, 0.7601875334318686, 0.41244039972177104, 0.579380164285695, 1.0, 0.7601875334318686, 0.82623465712856, 0.82623465712856, 0.7601875334318685, 0.8519590445170674, 0.7601875334318686, 0.7601875334318685, 0.7601875334318685, 0.7601875334318685, 0.8864650393787022], [0.8519590445170675, 1.0, 1.0, 1.0, 0.82623465712856, 0.6067810370082494, 0.7216162598446756, 0.7601875334318685, 0.6067810370082494, 0.6067810370082494, 0.9048504844691448, 0.7145514534074344, 0.82623465712856, 0.9200625111439563, 0.9200625111439561, 0.7864379259835012, 0.7864379259835012, 0.6666666666666669, 0.6666666666666666, 0.9200625111439561, 0.7601875334318685, 0.6067810370082494, 0.6067810370082494, 0.9200625111439561, 0.9200625111439561, 1.0, 0.7601875334318685, 0.7601875334318685, 0.82623465712856, 0.6524693142571201, 0.6067810370082494, 0.6067810370082494, 1.0, 0.6524693142571201, 0.7601875334318685, 0.7601875334318686, 0.9200625111439561, 0.8519590445170674, 0.7601875334318685, 0.7601875334318685, 1.0, 0.8864650393787022, 0.7864379259835012, 0.8262346571285601, 0.7601875334318685, 0.7601875334318686, 0.6524693142571201, 1.0, 0.82623465712856, 0.7601875334318686], [0.7601875334318685, 0.9200625111439561, 0.9310809437291903, 0.9310809437291901, 1.0, 0.7601875334318685, 0.7601875334318685, 0.8519590445170674, 0.7601875334318685, 0.6524693142571201, 0.6524693142571201, 0.82623465712856, 0.9200625111439561, 0.9310809437291903, 0.9310809437291903, 0.8519590445170674, 0.7601875334318686, 0.7601875334318686, 0.7601875334318685, 0.8519590445170675, 0.9310809437291901, 0.7601875334318686, 0.8519590445170674, 0.9310809437291901, 0.8519590445170675, 0.8519590445170675, 1.0, 1.0, 0.7601875334318685, 0.6524693142571201, 0.7601875334318686, 1.0, 0.9200625111439561, 0.9200625111439563, 0.9200625111439563, 0.6524693142571201, 0.9200625111439561, 0.8519590445170674, 0.8519590445170675, 0.8519590445170674, 0.8519590445170674, 0.9200625111439561, 0.82623465712856, 0.82623465712856, 0.7601875334318686, 0.8519590445170674, 0.8519590445170675, 1.0, 0.8519590445170675, 0.8519590445170674], [0.6067810370082494, 0.7601875334318685, 0.8519590445170674, 0.7601875334318686, 0.5793801642856953, 0.5793801642856953, 0.6524693142571201, 0.9200625111439561, 0.6067810370082494, 0.8640546073105768, 0.9200625111439561, 1.0, 1.0, 0.8519590445170674, 0.8519590445170674, 0.8519590445170674, 0.9200625111439561, 0.9200625111439561, 0.8519590445170674, 1.0, 0.9200625111439561, 0.9200625111439561, 1.0, 0.8519590445170674, 0.8864650393787022, 0.7216162598446756, 0.6524693142571201, 0.8262346571285601, 0.9200625111439561, 0.7601875334318686, 1.0, 0.7216162598446756, 0.7864379259835012, 0.7601875334318685, 0.7601875334318685, 0.7601875334318686, 1.0, 0.7601875334318685, 0.9200625111439561, 1.0, 1.0, 1.0, 1.0, 0.9310809437291901, 0.9310809437291901, 1.0, 1.0, 1.0, 0.8519590445170674, 1.0], [0.579380164285695, 0.6524693142571201, 0.9200625111439561, 0.9200625111439561, 0.8519590445170675, 0.9310809437291901, 0.8519590445170675, 0.7601875334318686, 1.0, 1.0, 0.8519590445170675, 0.8519590445170674, 0.6067810370082494, 0.7438478550696794, 0.8189625508803525, 0.7216162598446754, 0.6067810370082491, 0.8519590445170674, 0.7601875334318685, 0.7601875334318686, 0.8519590445170674, 0.786437925983501, 0.6067810370082494, 0.7601875334318685, 0.6524693142571201, 0.6524693142571201, 0.7601875334318685, 0.9200625111439561, 0.7864379259835012, 0.7216162598446756, 0.8519590445170674, 0.6524693142571201, 0.9048504844691448, 0.82623465712856, 0.8519590445170675, 1.0, 0.9310809437291901, 0.7601875334318685, 1.0, 0.7601875334318685, 0.7601875334318686, 0.6666666666666669, 0.7864379259835012, 0.82623465712856, 0.9048504844691448, 1.0, 0.9048504844691448, 0.6524693142571201, 1.0, 1.0], [0.5578858913022595, 0.7864379259835012, 0.6524693142571198, 0.6524693142571201, 0.5242524223457239, 0.6524693142571201, 0.7864379259835012, 0.6666666666666666, 0.6666666666666666, 0.786437925983501, 0.8519590445170674, 0.9200625111439561, 0.7601875334318685, 0.6067810370082493, 0.7864379259835012, 0.8262346571285601, 0.5242524223457239, 0.8519590445170675, 0.8519590445170674, 0.7601875334318685, 0.8519590445170674, 0.8519590445170675, 0.6524693142571201, 0.3016631159962042, 0.0, 0.0, 0.8864650393787022, 0.8519590445170674, 0.7601875334318686, 0.7864379259835012, 0.7438478550696794, 0.5578858913022595, 0.7216162598446756, 0.6067810370082491, 0.6666666666666669, 0.6524693142571201, 0.6524693142571201, 0.7601875334318686, 0.9200625111439561, 0.9200625111439561, 1.0, 0.9200625111439561, 0.7864379259835012, 0.7864379259835014, 0.7864379259835014, 0.7438478550696794, 0.6150762885445169, 0.4692787260227565, 0.7601875334318686, 0.7864379259835012], [0.7715561736794712, 0.6666666666666666, 0.7601875334318685, 0.6067810370082491, 0.6067810370082491, 0.9200625111439561, 0.4692787260227565, 0.6067810370082494, 0.5242524223457239, 0.5242524223457239, 0.7216162598446756, 0.7216162598446756, 0.8864650393787022, 0.7864379259835012, 0.6067810370082494, 0.7438478550696795, 0.7216162598446754, 0.7601875334318685, 0.6524693142571201, 0.7601875334318685, 0.7216162598446754, 0.7216162598446756, 0.8519590445170674, 0.7601875334318685, 0.6524693142571201, 0.4692787260227565, 0.6067810370082491, 0.8519590445170674, 0.7601875334318685, 0.82623465712856, 0.7601875334318686, 0.9200625111439561, 0.82623465712856, 0.8262346571285601, 0.7601875334318685, 0.8864650393787022, 0.8864650393787022, 0.9310809437291901, 0.9310809437291901, 0.9200625111439561, 0.46927872602275633, 0.6067810370082491, 0.7601875334318685, 0.7601875334318686, 0.8519590445170674, 0.9200625111439561, 0.9200625111439561, 0.9200625111439563, 0.8262346571285601, 0.6524693142571201], [0.6067810370082494, 0.6067810370082494, 0.7864379259835012, 0.7864379259835014, 0.9048504844691448, 0.8262346571285601, 0.9310809437291901, 0.8519590445170675, 0.7601875334318685, 0.9200625111439561, 1.0, 1.0, 0.82623465712856, 0.9200625111439563, 0.8262346571285601, 0.5242524223457239, 1.0, 0.82623465712856, 0.9200625111439563, 1.0, 0.82623465712856, 0.9048504844691448, 0.9048504844691448, 0.82623465712856, 1.0, 0.9200625111439561, 1.0, 0.9200625111439563, 1.0, 1.0, 1.0, 0.9200625111439561, 0.9200625111439561, 1.0, 0.9200625111439561, 0.8640546073105768, 0.8640546073105768, 1.0, 0.9048504844691448, 1.0, 0.82623465712856, 0.9200625111439561, 0.9048504844691448, 1.0, 1.0, 0.6666666666666666, 0.7216162598446754, 0.9200625111439561, 0.9048504844691448, 0.9048504844691448], [0.82623465712856, 0.7864379259835012, 0.5578858913022595, 0.7216162598446754, 0.8519590445170674, 0.8519590445170675, 0.8519590445170675, 0.8519590445170675, 0.7601875334318686, 0.7601875334318686, 0.7601875334318685, 0.5793801642856952, 0.5242524223457239, 0.6067810370082491, 0.6067810370082494, 0.7145514534074344, 1.0, 0.5242524223457239, 1.0, 0.7601875334318685, 0.65246931425712, 0.4692787260227565, 0.6150762885445169, 0.7216162598446754, 0.7601875334318685, 0.8519590445170675, 0.8519590445170675, 0.9200625111439561, 0.9200625111439561, 0.82623465712856, 0.9200625111439563, 0.786437925983501, 1.0, 0.8640546073105768, 0.9200625111439561, 1.0, 0.786437925983501, 0.8640546073105768, 0.82623465712856, 0.9200625111439561, 0.9200625111439561, 0.9200625111439561, 1.0, 1.0, 0.7601875334318685, 0.4692787260227565, 0.6666666666666665, 0.9200625111439561, 1.0, 1.0]]
Total Percentage: [[50.0, 50.0, 50.0, 50.0, 50.0, 50.0, 100.0, 66.66666666666666, 50.0, 33.33333333333333, 16.666666666666664, 66.66666666666666, 83.33333333333334, 83.33333333333334, 83.33333333333334, 50.0, 50.0, 33.33333333333333, 50.0, 50.0, 83.33333333333334, 83.33333333333334, 66.66666666666666, 33.33333333333333, 83.33333333333334, 83.33333333333334, 100.0, 83.33333333333334, 83.33333333333334, 66.66666666666666, 50.0, 66.66666666666666, 66.66666666666666, 100.0, 66.66666666666666, 66.66666666666666, 83.33333333333334, 66.66666666666666, 66.66666666666666, 0.0, 33.33333333333333, 50.0, 66.66666666666666, 66.66666666666666, 50.0, 83.33333333333334, 83.33333333333334, 33.33333333333333, 50.0, 100.0], [0.0, 33.33333333333333, 50.0, 50.0, 66.66666666666666, 66.66666666666666, 50.0, 33.33333333333333, 0.0, 0.0, 33.33333333333333, 33.33333333333333, 66.66666666666666, 33.33333333333333, 33.33333333333333, 33.33333333333333, 33.33333333333333, 50.0, 83.33333333333334, 66.66666666666666, 33.33333333333333, 16.666666666666664, 33.33333333333333, 66.66666666666666, 16.666666666666664, 66.66666666666666, 50.0, 33.33333333333333, 50.0, 50.0, 16.666666666666664, 50.0, 50.0, 16.666666666666664, 50.0, 66.66666666666666, 16.666666666666664, 50.0, 0.0, 100.0, 66.66666666666666, 33.33333333333333, 50.0, 50.0, 50.0, 16.666666666666664, 16.666666666666664, 50.0, 33.33333333333333, 66.66666666666666], [33.33333333333333, 83.33333333333334, 100.0, 83.33333333333334, 83.33333333333334, 66.66666666666666, 33.33333333333333, 50.0, 50.0, 33.33333333333333, 66.66666666666666, 66.66666666666666, 66.66666666666666, 83.33333333333334, 66.66666666666666, 83.33333333333334, 66.66666666666666, 66.66666666666666, 50.0, 66.66666666666666, 50.0, 33.33333333333333, 50.0, 50.0, 50.0, 100.0, 50.0, 16.666666666666664, 50.0, 33.33333333333333, 66.66666666666666, 50.0, 100.0, 33.33333333333333, 50.0, 50.0, 50.0, 83.33333333333334, 66.66666666666666, 50.0, 83.33333333333334, 83.33333333333334, 50.0, 66.66666666666666, 50.0, 33.33333333333333, 33.33333333333333, 100.0, 66.66666666666666, 50.0], [50.0, 50.0, 83.33333333333334, 83.33333333333334, 66.66666666666666, 33.33333333333333, 50.0, 66.66666666666666, 16.666666666666664, 16.666666666666664, 16.666666666666664, 66.66666666666666, 66.66666666666666, 83.33333333333334, 66.66666666666666, 66.66666666666666, 66.66666666666666, 16.666666666666664, 66.66666666666666, 66.66666666666666, 33.33333333333333, 50.0, 66.66666666666666, 50.0, 50.0, 66.66666666666666, 33.33333333333333, 66.66666666666666, 66.66666666666666, 66.66666666666666, 66.66666666666666, 100.0, 83.33333333333334, 83.33333333333334, 50.0, 66.66666666666666, 83.33333333333334, 83.33333333333334, 33.33333333333333, 83.33333333333334, 83.33333333333334, 66.66666666666666, 66.66666666666666, 66.66666666666666, 33.33333333333333, 50.0, 66.66666666666666, 100.0, 66.66666666666666, 50.0], [50.0, 33.33333333333333, 50.0, 16.666666666666664, 66.66666666666666, 50.0, 50.0, 83.33333333333334, 50.0, 83.33333333333334, 66.66666666666666, 100.0, 100.0, 66.66666666666666, 83.33333333333334, 66.66666666666666, 66.66666666666666, 66.66666666666666, 66.66666666666666, 83.33333333333334, 50.0, 50.0, 83.33333333333334, 50.0, 83.33333333333334, 50.0, 33.33333333333333, 50.0, 50.0, 33.33333333333333, 66.66666666666666, 50.0, 50.0, 50.0, 66.66666666666666, 66.66666666666666, 100.0, 66.66666666666666, 83.33333333333334, 83.33333333333334, 100.0, 83.33333333333334, 100.0, 66.66666666666666, 83.33333333333334, 100.0, 100.0, 100.0, 66.66666666666666, 100.0], [16.666666666666664, 33.33333333333333, 50.0, 66.66666666666666, 50.0, 50.0, 33.33333333333333, 50.0, 100.0, 100.0, 66.66666666666666, 66.66666666666666, 16.666666666666664, 33.33333333333333, 66.66666666666666, 50.0, 33.33333333333333, 66.66666666666666, 66.66666666666666, 50.0, 50.0, 50.0, 33.33333333333333, 50.0, 50.0, 50.0, 50.0, 83.33333333333334, 50.0, 66.66666666666666, 83.33333333333334, 33.33333333333333, 83.33333333333334, 50.0, 66.66666666666666, 100.0, 50.0, 66.66666666666666, 100.0, 33.33333333333333, 33.33333333333333, 66.66666666666666, 66.66666666666666, 66.66666666666666, 83.33333333333334, 66.66666666666666, 83.33333333333334, 50.0, 50.0, 100.0], [16.666666666666664, 50.0, 33.33333333333333, 0.0, 50.0, 50.0, 16.666666666666664, 50.0, 33.33333333333333, 66.66666666666666, 0.0, 50.0, 50.0, 50.0, 66.66666666666666, 66.66666666666666, 33.33333333333333, 50.0, 50.0, 33.33333333333333, 33.33333333333333, 50.0, 33.33333333333333, 50.0, 50.0, 16.666666666666664, 66.66666666666666, 33.33333333333333, 33.33333333333333, 16.666666666666664, 33.33333333333333, 33.33333333333333, 0.0, 16.666666666666664, 66.66666666666666, 50.0, 16.666666666666664, 50.0, 83.33333333333334, 83.33333333333334, 100.0, 83.33333333333334, 83.33333333333334, 66.66666666666666, 33.33333333333333, 0.0, 50.0, 33.33333333333333, 50.0, 33.33333333333333], [83.33333333333334, 50.0, 16.666666666666664, 33.33333333333333, 33.33333333333333, 33.33333333333333, 16.666666666666664, 50.0, 16.666666666666664, 0.0, 33.33333333333333, 33.33333333333333, 33.33333333333333, 50.0, 16.666666666666664, 33.33333333333333, 16.666666666666664, 66.66666666666666, 66.66666666666666, 66.66666666666666, 66.66666666666666, 66.66666666666666, 66.66666666666666, 50.0, 33.33333333333333, 33.33333333333333, 33.33333333333333, 66.66666666666666, 50.0, 66.66666666666666, 66.66666666666666, 83.33333333333334, 66.66666666666666, 66.66666666666666, 50.0, 66.66666666666666, 66.66666666666666, 83.33333333333334, 66.66666666666666, 83.33333333333334, 50.0, 50.0, 50.0, 66.66666666666666, 66.66666666666666, 66.66666666666666, 83.33333333333334, 83.33333333333334, 66.66666666666666, 50.0], [50.0, 33.33333333333333, 50.0, 33.33333333333333, 50.0, 66.66666666666666, 66.66666666666666, 66.66666666666666, 66.66666666666666, 83.33333333333334, 100.0, 100.0, 66.66666666666666, 66.66666666666666, 66.66666666666666, 50.0, 100.0, 66.66666666666666, 83.33333333333334, 100.0, 66.66666666666666, 50.0, 83.33333333333334, 66.66666666666666, 100.0, 83.33333333333334, 100.0, 83.33333333333334, 100.0, 100.0, 66.66666666666666, 50.0, 50.0, 100.0, 50.0, 50.0, 83.33333333333334, 100.0, 83.33333333333334, 100.0, 66.66666666666666, 50.0, 83.33333333333334, 100.0, 100.0, 66.66666666666666, 66.66666666666666, 50.0, 50.0, 83.33333333333334], [50.0, 33.33333333333333, 0.0, 33.33333333333333, 16.666666666666664, 66.66666666666666, 50.0, 16.666666666666664, 16.666666666666664, 33.33333333333333, 33.33333333333333, 50.0, 50.0, 50.0, 16.666666666666664, 50.0, 83.33333333333334, 33.33333333333333, 50.0, 50.0, 33.33333333333333, 50.0, 50.0, 50.0, 0.0, 33.33333333333333, 50.0, 83.33333333333334, 66.66666666666666, 66.66666666666666, 66.66666666666666, 66.66666666666666, 100.0, 66.66666666666666, 33.33333333333333, 100.0, 50.0, 66.66666666666666, 66.66666666666666, 33.33333333333333, 83.33333333333334, 83.33333333333334, 100.0, 100.0, 33.33333333333333, 16.666666666666664, 50.0, 83.33333333333334, 66.66666666666666, 66.66666666666666]]
Total Delta Gamma: [1.73940813 1.79990212 1.96392403 1.91071662 1.68965594 1.90572079
 1.77384341 1.76953516 1.85419479 1.60745953]
Total Delta R: [1.53357309 1.5225655  1.19473223 1.52451499 1.65866076 1.46605399
 1.63263606 1.3236028  1.57612113 0.97763358]
