Complexity increased keeping gamma very unbalanced, and increasing K (K=4)
==================================================

N (neurons): 3
K (states): 4
T (time steps): 50000
Seed: None
Number of repetitions: 10
Number of iterations: 100

Initialization of parameters for HMM:
Pi: [1 0 0 0]
Gamma: [[0.85 0.05 0.05 0.05]
 [0.05 0.85 0.05 0.05]
 [0.05 0.05 0.85 0.05]
 [0.05 0.05 0.05 0.85]]
R: [[0.5 0.  0.5 0. ]
 [0.  0.5 0.5 0. ]
 [0.5 0.  0.  0.5]
 [0.  0.5 0.  0.5]]

Generated data:
Generated firings (y): [2 2 3 3 3 3 1 1 1 1 3 3 1 1 1 1 1 3 3 3 1 1 0 1 1 0 1 1 3 2 2 3 3 3 1 1 1
 1 1 3 3 0 0 1 0 3 2 3 3 3 3 3 3 3 2 2 3 2 2 3 3 1 3 3 3 3 3 1 1 1 0 2 2 2
 2 2 2 0 0 3 3 1 0 0 3 1 2 3 2 2 3 2 3 2 2 2 3 2 2 2]... (showing first 100 entries)
Generated states (z): [0 3 3 3 3 1 1 1 1 1 1 1 1 1 1 1 1 1 1 1 1 2 2 2 2 2 2 2 3 3 3 1 1 1 1 1 1
 1 1 1 3 2 2 2 2 3 3 3 3 3 3 3 3 3 3 3 3 3 3 1 1 1 1 1 1 1 1 1 1 2 2 3 0 0
 0 0 0 0 0 1 3 1 2 2 1 1 3 3 3 3 3 3 3 3 3 3 3 3 3 3]... (showing first 100 entries)

Estimated parameters:
Estimated Pi: [array([0.05679249, 0.32599947, 0.57758082, 0.03962721]), array([0.50848632, 0.14514234, 0.30312096, 0.04325038]), array([0.02358867, 0.58470277, 0.31198983, 0.07971874]), array([0.01574892, 0.02813584, 0.30579432, 0.65032093]), array([0.68759278, 0.27312681, 0.01246677, 0.02681364]), array([0.01797025, 0.11401514, 0.86474957, 0.00326504]), array([0.4571403 , 0.06196786, 0.34407857, 0.13681328]), array([0.14904179, 0.2892207 , 0.06653629, 0.49520121]), array([0.11030361, 0.0245223 , 0.31195743, 0.55321665]), array([0.02770603, 0.53102888, 0.32235489, 0.1189102 ])]
Estimated Gamma: [array([[0.66548555, 0.13707588, 0.07456043, 0.12287815],
       [0.03004056, 0.73464831, 0.16175551, 0.07355563],
       [0.29004161, 0.442989  , 0.26568146, 0.00128792],
       [0.56342238, 0.18271707, 0.1525196 , 0.10134095]]), array([[0.12669029, 0.15069234, 0.52825754, 0.19435983],
       [0.08138918, 0.19573405, 0.0296628 , 0.69321396],
       [0.14988204, 0.09482765, 0.74659796, 0.00869235],
       [0.11179308, 0.46152106, 0.06041678, 0.36626909]]), array([[0.76960526, 0.09632734, 0.12218193, 0.01188547],
       [0.15107193, 0.22308958, 0.46567139, 0.1601671 ],
       [0.3002708 , 0.37546923, 0.05069789, 0.27356208],
       [0.11921814, 0.14030636, 0.11283647, 0.62763903]]), array([[0.61548588, 0.16929061, 0.07946607, 0.13575744],
       [0.80682188, 0.03920724, 0.0515007 , 0.10247018],
       [0.22222426, 0.17204614, 0.18859577, 0.41713383],
       [0.09812979, 0.02378634, 0.20443188, 0.67365199]]), array([[0.44373966, 0.43803998, 0.04660176, 0.07161859],
       [0.35601412, 0.43725247, 0.05515216, 0.15158125],
       [0.04382722, 0.4654567 , 0.1769283 , 0.31378778],
       [0.0065434 , 0.07111677, 0.59224738, 0.33009246]]), array([[0.31328903, 0.1464727 , 0.03461808, 0.5056202 ],
       [0.01565075, 0.01371636, 0.503342  , 0.4672909 ],
       [0.0502647 , 0.0709202 , 0.8243062 , 0.05450889],
       [0.78341248, 0.06797201, 0.10921949, 0.03939602]]), array([[0.04196134, 0.09246765, 0.82202751, 0.0435435 ],
       [0.09044873, 0.31062905, 0.01940088, 0.57952134],
       [0.25030363, 0.05023691, 0.4032857 , 0.29617377],
       [0.10803531, 0.53822409, 0.18678733, 0.16695327]]), array([[0.57105662, 0.1235238 , 0.01664215, 0.28877743],
       [0.10280568, 0.75338479, 0.04258884, 0.1012207 ],
       [0.04723405, 0.03152407, 0.82701595, 0.09422593],
       [0.68838769, 0.08495762, 0.12459966, 0.10205503]]), array([[0.09574268, 0.2620941 , 0.63879768, 0.00336554],
       [0.03345322, 0.70725202, 0.25399988, 0.00529487],
       [0.03186278, 0.21997009, 0.35117435, 0.39699278],
       [0.03995114, 0.04107197, 0.45343649, 0.4655404 ]]), array([[0.53861697, 0.05606483, 0.03086324, 0.37445496],
       [0.04212953, 0.43524895, 0.45602573, 0.06659578],
       [0.00852014, 0.60150086, 0.07414944, 0.31582957],
       [0.58612752, 0.01749582, 0.16678315, 0.22959351]])]
Estimated R: [array([[0.66059484, 0.01792672, 0.11814471, 0.30401658],
       [0.21091546, 0.26501269, 0.10278749, 0.62810177],
       [0.12459815, 0.27247152, 0.5565079 , 0.02576942],
       [0.00389155, 0.44458907, 0.2225599 , 0.04211222]]), array([[0.01257508, 0.47601602, 0.01316016, 0.4524214 ],
       [0.18812844, 0.26430178, 0.17762597, 0.35965516],
       [0.59971883, 0.21306695, 0.21880441, 0.17520091],
       [0.19957764, 0.04661525, 0.59040946, 0.01272252]]), array([[0.05002287, 0.1573544 , 0.27376157, 0.73654526],
       [0.36140824, 0.29978627, 0.16454571, 0.06008248],
       [0.11460358, 0.51330111, 0.40636145, 0.19157597],
       [0.47396532, 0.02955823, 0.15533127, 0.01179628]]), array([[0.02974947, 0.24660762, 0.52561217, 0.38543318],
       [0.52329986, 0.23677162, 0.04125974, 0.05430652],
       [0.04374842, 0.02972471, 0.32707949, 0.49745642],
       [0.40320225, 0.48689605, 0.1060486 , 0.06280387]]), array([[0.0182617 , 0.30001485, 0.40906953, 0.32193771],
       [0.00158451, 0.15439126, 0.43214956, 0.60325982],
       [0.64943912, 0.21737214, 0.00508058, 0.01851207],
       [0.33071467, 0.32822175, 0.15370033, 0.0562904 ]]), array([[0.1350753 , 0.37314315, 0.28869829, 0.28179973],
       [0.61752707, 0.07173183, 0.01565553, 0.33998869],
       [0.00946703, 0.04594481, 0.5501988 , 0.03150755],
       [0.23793059, 0.50918021, 0.14544737, 0.34670403]]), array([[5.47275673e-01, 3.97880699e-02, 3.51775519e-01, 2.17078647e-01],
       [4.13239225e-04, 5.52737579e-01, 4.71097674e-02, 2.92218994e-01],
       [2.55115491e-01, 6.64462532e-02, 5.70938242e-01, 1.06222682e-01],
       [1.97195597e-01, 3.41028098e-01, 3.01764714e-02, 3.84479677e-01]]), array([[0.02945243, 0.42975891, 0.58964784, 0.00091939],
       [0.25991661, 0.03502036, 0.34764667, 0.4572303 ],
       [0.09529677, 0.49518062, 0.06045749, 0.44170526],
       [0.61533419, 0.04004011, 0.002248  , 0.10014505]]), array([[0.38055144, 0.04654547, 0.42274318, 0.26741753],
       [0.39400463, 0.58401197, 0.09923242, 0.02281066],
       [0.1004637 , 0.01565192, 0.20179596, 0.62848974],
       [0.12498024, 0.35379064, 0.27622845, 0.08128207]]), array([[0.12355833, 0.3333005 , 0.58383673, 0.14502348],
       [0.29703903, 0.00873672, 0.03980486, 0.53994766],
       [0.00568005, 0.62802394, 0.26785591, 0.24738699],
       [0.57372259, 0.02993884, 0.1085025 , 0.06764186]])]

Total NMI: [[0.11327200959666175, 0.1354322504075408, 0.15423545020875634, 0.1633929291525757, 0.17011902973806925, 0.18154767759464727, 0.1857561051174316, 0.19724240908068896, 0.20522857948082057, 0.20631161175527069, 0.2140256372274541, 0.2178881524130308, 0.21844078448182247, 0.2263436821340107, 0.22423509843196146, 0.22762789036215667, 0.23139164631811687, 0.23697335054774898, 0.23561363111702482, 0.236598553826084, 0.23704678554761985, 0.24216258929715842, 0.2501798010517761, 0.25135643823536524, 0.24979023313615095, 0.24732870966584683, 0.25131791864977876, 0.2559904316166195, 0.25542017734201444, 0.25903075069361625, 0.26025033784661894, 0.2604161309735874, 0.2600357621674197, 0.26757690536934997, 0.26723927476596615, 0.2675133077630751, 0.26494105269657076, 0.2673957298416291, 0.2692474032855834, 0.26908472244216025, 0.27024095637463375, 0.27432376691188365, 0.2791799130163459, 0.2810739851056578, 0.2775571123337454, 0.27705713149152206, 0.2844008736700803, 0.2857548445338356, 0.28425518915238795, 0.28686651141943464, 0.2873831638659115, 0.285720574932051, 0.28610747477240367, 0.2889271524571252, 0.2898754520365325, 0.2949082050703743, 0.2915165536425107, 0.2917815569582112, 0.2913013645373602, 0.2958257812134392, 0.2935518339502608, 0.2934747360603793, 0.2933557337152826, 0.29589241754571466, 0.2982270526498038, 0.2980658068552439, 0.298245282646125, 0.29727552368621957, 0.29233445006904385, 0.2992145831490853, 0.30002162585929687, 0.3000103803053769, 0.3024165589376733, 0.3001856318304925, 0.30339922770036154, 0.3028659699239012, 0.30492453578965134, 0.306262371052635, 0.3079556826143418, 0.30403469857076904, 0.3027266938871665, 0.30243745965851715, 0.3079785427451103, 0.31276457299573773, 0.31518335056153524, 0.31263385203967503, 0.3125371416104425, 0.3144402032717535, 0.31577827473387676, 0.3170450589181265, 0.3120661762689214, 0.31085989747201315, 0.31491093370549, 0.3145857299371023, 0.3162756147305405, 0.31657450893331707, 0.31790266629873826, 0.31626795214175624, 0.3161363952528478, 0.3123697453943373], [0.1875804282214979, 0.2001153369013764, 0.21542795966874972, 0.22516645593080345, 0.2313481820140808, 0.24676843026113957, 0.2505114052230811, 0.25699603330526644, 0.2619049110052632, 0.26764356980640314, 0.27635259629781495, 0.27566023939530204, 0.2795456380594738, 0.279956045810475, 0.2818531398545432, 0.28640288411751424, 0.2926430198128819, 0.29707041315191407, 0.29228452275614075, 0.29481445523390004, 0.29439795757252996, 0.30292489062458416, 0.3048878043338841, 0.3035869770318433, 0.3067160965728128, 0.30898302009475714, 0.3055133656617668, 0.3073115263660127, 0.3132428461806782, 0.3100048042342859, 0.31185650533940684, 0.31506332405373283, 0.31655832732187894, 0.3159026667042303, 0.31559492125383126, 0.31395863644640626, 0.31818075984889016, 0.3229321380302093, 0.32520593079779586, 0.32367062564843774, 0.3248729841906389, 0.3251598681863845, 0.32407332766755076, 0.32796593300426047, 0.3245572850805402, 0.3260410280361834, 0.3241783214434288, 0.32957985889693586, 0.32873117866890333, 0.3278817600828014, 0.3320675511383072, 0.3321010389596671, 0.3338964525246061, 0.3298949341242271, 0.3351516384147552, 0.3296535313549144, 0.3351738525277611, 0.3328033150877303, 0.33849107477015355, 0.3380407286651558, 0.33698148415435786, 0.3361957028954058, 0.3395775839542807, 0.3376989771474743, 0.3398947201395481, 0.33533210715915684, 0.3367722650428209, 0.33957988106067294, 0.3396636411441697, 0.33912554421244856, 0.336237215586712, 0.3398537860983066, 0.3405350827464361, 0.34341544935803625, 0.3401535058793364, 0.34094452055405056, 0.3453480472624043, 0.3427309052193261, 0.3391683419031962, 0.34044590407243946, 0.34418563748748815, 0.34357435091084076, 0.345947873818007, 0.34604136994350476, 0.34529991342766975, 0.34473238045628235, 0.34097300903013106, 0.34163984898805266, 0.34315391502418907, 0.3428508699342681, 0.3455812237551211, 0.3458969659815412, 0.34708694745786045, 0.34728478278231967, 0.3504174182728499, 0.35111042804666553, 0.35061913475639406, 0.34648195508151064, 0.3474198571388232, 0.34617424946751063], [0.09316862351768253, 0.10804153754920268, 0.12337765524048028, 0.13441123551952422, 0.14485584052827097, 0.15205251152561716, 0.15957094038316447, 0.16699050195569967, 0.17697339592790462, 0.18573889776468297, 0.1909542488085519, 0.19793143669422625, 0.2070856476260232, 0.21032414960606058, 0.21257508482228796, 0.21657504849665307, 0.2158303941396831, 0.22075160124757545, 0.23313694612608474, 0.230640516550318, 0.23311488766914845, 0.24057887438881007, 0.2407003767219059, 0.2475769224724167, 0.24626066010211037, 0.24838536179857834, 0.254194157562683, 0.25533536010885616, 0.25922979679629427, 0.2556907782765635, 0.25906575915370345, 0.2587475747929637, 0.2634481438268666, 0.2658959356452741, 0.26517200813461067, 0.2658691248814044, 0.26489896530411566, 0.2648350107504393, 0.26994252137365177, 0.27554074824688185, 0.2742894248509642, 0.27961863981364626, 0.2741281412807431, 0.2806312484642078, 0.2810859801110403, 0.27656207128620514, 0.2766661540691534, 0.2779371777139187, 0.283978630670949, 0.2848717193597694, 0.2867747847527719, 0.28260744879278277, 0.2871731907981168, 0.29013497858776616, 0.28502060005903757, 0.28808288571861757, 0.290821234252136, 0.2857768558260432, 0.2799341569276674, 0.2883778162260541, 0.2916090747472721, 0.29718518007070877, 0.2973940569124863, 0.2965981739367346, 0.2955101323349513, 0.297110993609599, 0.2985345659441725, 0.2967702587030563, 0.30255500892627735, 0.29747396770286505, 0.2983444453634735, 0.29765678517394933, 0.2986885117262667, 0.299050998112347, 0.30236402074751006, 0.30161956130030193, 0.30190936063476587, 0.30357288275303346, 0.3033236742871651, 0.3066540679207612, 0.30184516735088235, 0.3031264920238645, 0.30185147205014373, 0.3031966922160512, 0.3073082667650921, 0.3105489637833516, 0.30566790839367775, 0.30540518679811374, 0.3094862023784721, 0.3067075614816763, 0.3090914740711463, 0.3112707572315114, 0.3111741019464096, 0.31208037901054253, 0.3073066096234526, 0.30877435993554453, 0.3107119777678679, 0.3102224006046047, 0.3122166305159564, 0.3152153517177928], [0.09700085951901216, 0.1207455790880797, 0.13871823699259386, 0.15780615859298833, 0.17679853528317546, 0.184583712995677, 0.19411006608686787, 0.20566948469766005, 0.21445932577863253, 0.21836017372562808, 0.21729903757078614, 0.22786470702186237, 0.23153859627194073, 0.2324120914040017, 0.23680064006076768, 0.24231105934185418, 0.2512846752035048, 0.24625517985089074, 0.2503657946236857, 0.2508006769093949, 0.25757303550804506, 0.25929479767755015, 0.2541322845145532, 0.25857079697990937, 0.2600459734729169, 0.26151454496340304, 0.26584992964454995, 0.26938211074971896, 0.2672866827102826, 0.2654437096485558, 0.2669614336596555, 0.26887161317940567, 0.26883143671189275, 0.27158088989409096, 0.27195721876522105, 0.2768923120249496, 0.2733359500535118, 0.2822166074324854, 0.2793369706349112, 0.28083958935861936, 0.27692427415807574, 0.2799630702451406, 0.2819492770059864, 0.28151975956855085, 0.27888916112592443, 0.2816922495668112, 0.2779464318048043, 0.28110821366808675, 0.2811612685578459, 0.2832857163995701, 0.2849358703159998, 0.28803446068503574, 0.2870876765339834, 0.2881030410521365, 0.285884220301138, 0.28731370923583144, 0.2898459856540306, 0.29089711217541603, 0.2883033339097657, 0.28445480292503295, 0.2865688116908946, 0.2906570858736167, 0.2859664282839757, 0.2841834005467581, 0.28554258794559895, 0.29454180464255175, 0.29025373247171526, 0.28802044213838884, 0.2886801610416927, 0.29179426659517066, 0.2931131583465429, 0.2947833013313977, 0.2925452213896314, 0.2956535537650989, 0.2961574070084677, 0.29301743934591323, 0.2930801281141705, 0.2970049630793021, 0.29988627054407796, 0.2950438192107649, 0.30045426616910387, 0.3005196365621022, 0.29554247794856897, 0.2956217513322008, 0.2962694954761416, 0.29551870929049273, 0.29764778741328435, 0.2978547101622394, 0.2952757876772704, 0.297138851639111, 0.29799613414074666, 0.29312453105143027, 0.29509121704338537, 0.2965942601480737, 0.2964329818690687, 0.2994975092296979, 0.3008249519925369, 0.2977602645653049, 0.2987956548449291, 0.29843238929935084], [0.15454387959820254, 0.15310054802002393, 0.1486779967404777, 0.15490219850533052, 0.15954347975858096, 0.16958475231056283, 0.17179512406143588, 0.1754952407346983, 0.17465281010382072, 0.17927960148115898, 0.1901757849353632, 0.19148642974037558, 0.19148818479569665, 0.19437437916082076, 0.19759223460592765, 0.20073718210023928, 0.20163881911435935, 0.20772722269578422, 0.2139058584444285, 0.21465444693759692, 0.21494341212856055, 0.2172204678185113, 0.2198171693052895, 0.21908399249429772, 0.22635602462846108, 0.2198484112409892, 0.22315069700889945, 0.23003495132117316, 0.22755159525960353, 0.22865428648250025, 0.22986770638249165, 0.2347775075708995, 0.23263921088742062, 0.23536729656794064, 0.2368232288274076, 0.23351494188844898, 0.2399420212799006, 0.24072765769014448, 0.24210161027729213, 0.24543433385011648, 0.24460888196029554, 0.2486834369926066, 0.24620999425771994, 0.24473423862183216, 0.24812005716937452, 0.2484031419854176, 0.24538995698760455, 0.25008253110861134, 0.2524864175742046, 0.25662996843296, 0.2570549417084776, 0.2553188255227848, 0.2543838633365178, 0.25765964121175855, 0.25838613947543965, 0.2567301963470986, 0.2569474129606758, 0.2612421947760898, 0.260923125094866, 0.2588203609090081, 0.2599249685621063, 0.2617252592902792, 0.2632008457993614, 0.26186306626545885, 0.26269526391075004, 0.26500344767415096, 0.266334132839772, 0.26816154424725147, 0.2638914537888597, 0.2641382995184856, 0.2658500355882782, 0.26922614371479486, 0.2684945855001603, 0.2694212801244289, 0.2670236462388457, 0.2701202680131331, 0.2709150675272967, 0.2685485306038824, 0.2695577480076351, 0.26791184131610835, 0.26932619894398474, 0.2704411546970764, 0.2710733432145451, 0.2771834788043035, 0.27748295226407155, 0.275176200140965, 0.27187499600883613, 0.2722806244255291, 0.2743335148544539, 0.2788647682820983, 0.27818568114188724, 0.2769742066328265, 0.27607975459789336, 0.2774497767246075, 0.27903220821870817, 0.27555314691095445, 0.27565119660045206, 0.2756743467730386, 0.2761843087978695, 0.27692713083362663], [0.22181077302768143, 0.25290115449914435, 0.28240022014408644, 0.29533193083916653, 0.31519650933290055, 0.3228026778482598, 0.3385938192436161, 0.34158938814129636, 0.3412984172458292, 0.3488899047032616, 0.3537461663775466, 0.3632623788893819, 0.3636251988088379, 0.3662618185020424, 0.3694909769003359, 0.3726933793825301, 0.3758952155568584, 0.37649334949345314, 0.38385433511797895, 0.380160263160605, 0.38553004838002414, 0.3877879952159301, 0.3825931341935727, 0.388475797572975, 0.3945646011619345, 0.3926107881725257, 0.39233767581738216, 0.3984622044603979, 0.3985354776209469, 0.39781080192134827, 0.39913484916893, 0.39719360360153827, 0.40295888074054875, 0.4004042375342124, 0.3985418396005025, 0.40500968387357883, 0.40714381407533695, 0.40491056489008664, 0.4042866105518565, 0.4071644904876488, 0.4142581336342731, 0.4133275085425347, 0.4105418455403073, 0.408549827184403, 0.40952194932518804, 0.40850591832915484, 0.41769591357546604, 0.41510851004175797, 0.4143548293752557, 0.41412543984000305, 0.4147818591168056, 0.41433818046045184, 0.4188777728174287, 0.4192145634128515, 0.41723388850215226, 0.41563033387080356, 0.42107680723175706, 0.4162929156713542, 0.4153778464534631, 0.4247873737365295, 0.42646386167318273, 0.4238292961425183, 0.41931297719099037, 0.4218817519103382, 0.4287281503784194, 0.42214745090524924, 0.42123209558611363, 0.4212310112895855, 0.42001397301963056, 0.42694679290698584, 0.42558874165780086, 0.42426052019936183, 0.4222156942917155, 0.4183252397089001, 0.4183990066010654, 0.42027736233816665, 0.42239825452698865, 0.42491087114494197, 0.43012172870123455, 0.43274267156146545, 0.424898405975698, 0.4289511571372072, 0.4276361240420531, 0.4266774248269105, 0.4293253438115836, 0.42717170482269795, 0.4276458903790263, 0.4269900726940757, 0.42625089264740484, 0.428479894810198, 0.4302345860971423, 0.4280962648191445, 0.43181609056652415, 0.42801100774163464, 0.4291055564809541, 0.43208769316101586, 0.42983316712022734, 0.4323777443677473, 0.4324602481333193, 0.4303830122120462], [0.12517973882869984, 0.12890784727718801, 0.13535093124508557, 0.1427922261378483, 0.14559647943372073, 0.14952325528675117, 0.15431383198364682, 0.1558217871692443, 0.1615892082643563, 0.1668629385199095, 0.17033797710032855, 0.1743953237822126, 0.17780416879176347, 0.18173492105643824, 0.1846883287473091, 0.19008058580723242, 0.1924240813583273, 0.19344411118755048, 0.19808138449374782, 0.19637627002601624, 0.20687667853207134, 0.20843230762830783, 0.21333829947147945, 0.21300322680179273, 0.212007746925823, 0.21553237440130077, 0.21633509423190694, 0.21884441380799055, 0.22318734284339498, 0.2211216162734063, 0.22468249695533796, 0.22626775549949613, 0.22848704872444903, 0.230395343779789, 0.23229523468080662, 0.23630077981602596, 0.23167878066802777, 0.23263966662139057, 0.23683076844625922, 0.24125403830667547, 0.2455769937239255, 0.24559380697522737, 0.2447562740039462, 0.24718682749244386, 0.24567352872017312, 0.24887947273508856, 0.2437497645565867, 0.2469705153583796, 0.2504224808694336, 0.2556325453624876, 0.25712563348740813, 0.2540998381915277, 0.25482043163185764, 0.2594617097156201, 0.2569387217519059, 0.25822807653203, 0.2588573342497927, 0.25882739404792665, 0.25670957104460973, 0.26248662682533064, 0.25933204520342684, 0.2633987181284858, 0.25862427939832344, 0.2644281436429177, 0.26606751320719974, 0.26550659166164725, 0.2652161502055465, 0.2681517272352576, 0.25989386416480376, 0.2645138271740517, 0.2659399406827444, 0.26885670555144625, 0.27202235497398575, 0.26873518761398196, 0.2689879116350616, 0.2714015062327259, 0.2687389731341203, 0.26683174634137413, 0.27331009695266073, 0.27168916660280035, 0.27297303787456084, 0.2732242183973912, 0.28028739457029866, 0.27617515344990656, 0.2780032833351004, 0.2763236425495379, 0.27695424402533014, 0.2752404900902817, 0.27956158996076913, 0.2776256499650925, 0.2815847785371072, 0.2757001560851727, 0.2801253268102538, 0.2789329551606657, 0.2818905133269141, 0.2811049075673757, 0.28070673521964, 0.27899827397778715, 0.28133835710134125, 0.2813423001009666], [0.2325608859317227, 0.22936236025453857, 0.24132349317573942, 0.2508047644846242, 0.2629603967416804, 0.27310520964788443, 0.2833955296492818, 0.29005014497991904, 0.30138053675740856, 0.3093588976867767, 0.3170958653959524, 0.323455947010868, 0.33339908471727875, 0.33804391391659067, 0.33976178588593964, 0.34806692369390246, 0.3543858031867437, 0.3535861035899959, 0.36050704582061593, 0.37116244932038206, 0.37451908940514383, 0.3797792417506664, 0.38131097528360575, 0.38442169218927974, 0.39137631446864674, 0.3990623809204292, 0.40194663702172295, 0.40644751005185487, 0.4129689948258883, 0.4143817812228634, 0.41745207660248, 0.4223282890230941, 0.4247565090933126, 0.4252741132006261, 0.4319945360231643, 0.4338389939898612, 0.43812091209199944, 0.44051181582376053, 0.44187479441718325, 0.44571976383902734, 0.44769276857136003, 0.44816393338830324, 0.45079263578095324, 0.4541225524101988, 0.4497154020710462, 0.4585017176699888, 0.46200647026626274, 0.467769753057201, 0.46455689899252484, 0.47256548386432545, 0.4704379787084074, 0.4732641592941187, 0.4753278792666765, 0.4732830194841532, 0.4740227725010984, 0.47882830421955236, 0.4863802021931434, 0.4820319951691435, 0.4885441189602254, 0.4875201451759264, 0.4851277307951104, 0.48730500948816174, 0.4861135750974639, 0.49330251685580195, 0.4936194925285386, 0.49860641072818157, 0.4914816267162658, 0.4975384810005365, 0.4974349209589751, 0.5004715197331382, 0.49929143123604475, 0.49399033764175027, 0.5052180129561673, 0.5013576647263084, 0.5022930539806638, 0.5067008084494967, 0.5047227114004976, 0.5042361695538783, 0.503219267483891, 0.5067303491153712, 0.5107253564480327, 0.5041067377942666, 0.5101127090452895, 0.5089260671260764, 0.5092150293574873, 0.5098017773691035, 0.5137630895650652, 0.5096896691209822, 0.5127362598798034, 0.5140386202874625, 0.5086004052535357, 0.5157949501076974, 0.5185172891068925, 0.5231755078159864, 0.5170565184409079, 0.5202815121700806, 0.5242925133597511, 0.522587511514868, 0.5221145121645621, 0.5221594895631557], [0.06544601496419743, 0.08608560783598994, 0.10236887076285929, 0.11669801333155388, 0.12948104589427412, 0.14331448842390576, 0.15152933846779656, 0.16516314559295253, 0.167479051558379, 0.1749205979576686, 0.18295082541290844, 0.18560954587603898, 0.19058529008136196, 0.1965499211932497, 0.1996424914927594, 0.2047824961187884, 0.21229239815413767, 0.21579033195271347, 0.21529347769444993, 0.21706573620734754, 0.22356400237894958, 0.22696899851655372, 0.22997732359092493, 0.23356358660267712, 0.23375285220325648, 0.23153119470443037, 0.2406892904644117, 0.24124117755974023, 0.2453598511958935, 0.24610388820218956, 0.24806054610049375, 0.2492288794283169, 0.2526554963421891, 0.2575356229841654, 0.2554100099528651, 0.251685923945766, 0.2536578165949526, 0.25649022900644874, 0.25790095122528345, 0.2616851865222486, 0.25959577481387075, 0.2623252836584788, 0.26648187557429565, 0.2643265753360675, 0.2642585529504716, 0.27054764515649826, 0.2696137462459657, 0.26695093378330886, 0.2685585945296471, 0.2696322829266037, 0.2766212402579474, 0.27656368174153445, 0.27653961894352724, 0.27866312045578073, 0.2782225032299131, 0.27489975014417056, 0.27728818399081684, 0.27523598949817263, 0.28109834978592396, 0.2817883159534281, 0.2825088700679137, 0.2821163449192178, 0.28572777072141153, 0.28465800100591615, 0.28630011359828417, 0.2858751502268289, 0.2857990689196786, 0.28760076326686074, 0.28484333327398076, 0.2874592959114842, 0.28709521572266494, 0.28844263625911165, 0.2871897756644462, 0.29177990492205597, 0.28601898479876864, 0.2926206926604352, 0.2889884824001353, 0.29045053642343, 0.290821718522461, 0.29266874558501943, 0.2922518518581231, 0.2932556397640825, 0.2930359829357526, 0.29307859765068434, 0.2960719923450479, 0.2951654813443201, 0.29689861689385666, 0.29157516707346043, 0.29463259869011477, 0.2934439102730679, 0.2983349901227894, 0.2950603391847819, 0.2997535899749634, 0.3023097385878154, 0.3004548723830238, 0.30067513286114883, 0.302379427944783, 0.29439389424138473, 0.29814515299567473, 0.2991598196061381], [0.21456911922497643, 0.23460177648831843, 0.2489983567447953, 0.25841668746025764, 0.2702901666513188, 0.2786390660542252, 0.2884323992756046, 0.292889359284491, 0.29601659207758, 0.29959687255349887, 0.305240996727011, 0.3097790228551795, 0.30821952765250793, 0.312969052186204, 0.32087427819750597, 0.3182096528319988, 0.31887769162677015, 0.3239845997169536, 0.3267470558075893, 0.32086439459271415, 0.3212906303974945, 0.32218878769293696, 0.32937947019025987, 0.32809819445597327, 0.3299844348865826, 0.33188003555259027, 0.3261424953490583, 0.3268616285438768, 0.334371023881022, 0.33236049800572276, 0.3362339396700756, 0.3339082769671752, 0.3334770639487808, 0.33350741325320205, 0.33735423787160984, 0.3397265930468196, 0.33757812204775206, 0.33756900927495576, 0.3357508449327795, 0.3384159149501657, 0.3404292165340891, 0.3447442915916772, 0.3435703932996269, 0.34448072015404946, 0.33984144058744575, 0.34000153972626734, 0.34349441137954745, 0.3367579296500145, 0.33953804878756955, 0.3407961602969885, 0.3424603541812565, 0.3404986513121076, 0.33934522206753504, 0.34138826121061, 0.3422211121148682, 0.34593585798795207, 0.3460891309090755, 0.3465865308834248, 0.3433462782686753, 0.3443479108957771, 0.3485974031946261, 0.3436807762417034, 0.34919437244752904, 0.343211072390518, 0.34697711876014864, 0.34490776733319756, 0.3464726682449082, 0.3427439167434345, 0.3482136871577236, 0.345783440501174, 0.3475426312924677, 0.34676667149120166, 0.3484203733054031, 0.3431130596711473, 0.3449262967049387, 0.3456269846242119, 0.34922946870840427, 0.3451803618463559, 0.3453137780528959, 0.3443251996960983, 0.34966330674529766, 0.3456984102787096, 0.3431996200926518, 0.3466348462380188, 0.34582801549176734, 0.34607978985474824, 0.3446520050683272, 0.3487701211843111, 0.3472878515624912, 0.3498897466188869, 0.3461258083449757, 0.34979057652139195, 0.351724505905182, 0.34559544417933075, 0.3468154190456423, 0.35032934772113156, 0.3494643698806079, 0.3516189644758926, 0.35255789063216897, 0.3507018898034136]]
Total Percentage: [[54.618, 56.53, 58.098000000000006, 58.48799999999999, 58.906000000000006, 59.706, 60.050000000000004, 60.906000000000006, 61.18599999999999, 61.187999999999995, 61.641999999999996, 62.098, 62.108, 62.316, 62.342, 62.541999999999994, 62.94800000000001, 63.42, 63.184, 63.38399999999999, 63.24999999999999, 63.476, 63.902, 64.132, 64.086, 63.754, 64.03999999999999, 64.262, 64.444, 64.654, 64.75999999999999, 64.788, 64.41, 64.85600000000001, 64.964, 65.034, 65.08, 65.006, 65.03999999999999, 64.974, 65.264, 65.476, 65.788, 66.0, 65.786, 65.738, 66.24799999999999, 66.22200000000001, 66.086, 66.06400000000001, 66.07600000000001, 65.91799999999999, 66.294, 66.57600000000001, 66.634, 66.718, 66.666, 66.578, 66.38199999999999, 66.80199999999999, 66.622, 66.524, 66.49000000000001, 66.926, 66.828, 67.048, 66.95, 66.956, 66.472, 67.014, 66.93599999999999, 67.042, 67.096, 66.906, 67.11, 67.214, 67.34, 67.562, 67.53, 67.256, 67.45400000000001, 67.042, 67.586, 68.04, 67.9, 67.952, 67.786, 67.826, 67.916, 68.022, 67.554, 67.684, 68.14, 67.964, 68.126, 68.02, 68.026, 67.928, 68.11399999999999, 67.93599999999999], [56.26, 56.135999999999996, 57.008, 57.26599999999999, 57.164, 58.394, 58.599999999999994, 59.077999999999996, 59.040000000000006, 59.232, 59.496, 59.574000000000005, 60.099999999999994, 59.763999999999996, 59.687999999999995, 59.952000000000005, 60.256, 60.868, 60.51, 60.232, 60.216, 60.968, 60.916000000000004, 60.897999999999996, 61.428000000000004, 61.24000000000001, 60.888, 61.146, 61.3, 61.342, 61.162000000000006, 61.596, 61.888, 61.768, 61.534, 61.150000000000006, 61.67, 62.026, 62.112, 61.488, 61.839999999999996, 61.88399999999999, 62.032, 62.397999999999996, 61.97200000000001, 62.0, 61.89, 62.18, 62.21, 62.050000000000004, 62.332, 62.38, 62.285999999999994, 62.297999999999995, 62.56, 62.017999999999994, 62.702000000000005, 62.354, 62.8, 62.602000000000004, 62.41799999999999, 62.517999999999994, 62.978, 62.554, 62.888, 62.44, 62.760000000000005, 62.63999999999999, 62.7, 62.548, 62.614000000000004, 62.486, 62.624, 62.676, 62.59, 62.818, 63.168, 62.71, 62.483999999999995, 62.77199999999999, 62.966, 62.958000000000006, 62.848000000000006, 62.974, 63.129999999999995, 62.88, 62.83800000000001, 62.746, 62.824000000000005, 62.918, 63.046, 63.168, 62.944, 63.002, 63.304, 62.922, 63.062, 62.802, 63.104000000000006, 62.856], [51.25999999999999, 52.896, 54.186, 55.238, 56.308, 56.55, 57.184000000000005, 57.86599999999999, 58.662000000000006, 59.55200000000001, 59.846, 60.294000000000004, 61.048, 61.148, 61.385999999999996, 61.626000000000005, 61.37200000000001, 61.768, 62.72, 62.45, 62.529999999999994, 63.288, 63.296, 63.78, 63.676, 63.796, 64.32, 64.38000000000001, 64.684, 64.23, 64.492, 64.32600000000001, 64.778, 64.886, 64.916, 64.964, 64.872, 64.904, 65.18599999999999, 65.876, 65.654, 66.01, 65.47800000000001, 66.06, 65.94200000000001, 65.652, 65.594, 65.708, 66.102, 66.286, 66.36999999999999, 66.11399999999999, 66.412, 66.546, 66.268, 66.438, 66.62599999999999, 66.278, 65.77199999999999, 66.43599999999999, 66.608, 67.104, 67.094, 67.05600000000001, 66.9, 66.982, 67.01599999999999, 66.826, 67.282, 67.036, 66.726, 66.944, 67.094, 67.06400000000001, 67.352, 67.282, 67.334, 67.472, 67.306, 67.658, 67.208, 67.208, 67.168, 67.2, 67.598, 67.958, 67.518, 67.348, 67.798, 67.422, 67.54599999999999, 67.902, 67.886, 67.78800000000001, 67.47999999999999, 67.458, 67.768, 67.532, 67.824, 68.098], [50.598, 52.768, 53.764, 55.21, 56.623999999999995, 57.106, 57.708000000000006, 58.492, 58.87, 59.146, 58.91, 59.422, 59.99, 59.864, 60.12, 60.62800000000001, 60.948, 60.6, 60.844, 60.907999999999994, 61.122, 61.266, 60.612, 61.19799999999999, 61.404, 61.558, 61.416000000000004, 61.763999999999996, 61.672000000000004, 61.72, 61.870000000000005, 62.019999999999996, 61.62, 61.942, 61.895999999999994, 62.09, 62.132, 62.524, 62.254, 62.605999999999995, 62.385999999999996, 62.354, 62.46000000000001, 62.308, 62.25000000000001, 62.33800000000001, 62.074, 62.266, 62.454, 62.592000000000006, 62.714000000000006, 62.596, 62.944, 62.516000000000005, 62.622, 63.017999999999994, 63.08200000000001, 63.071999999999996, 63.014, 62.722, 62.3, 62.814, 62.62, 62.666, 62.556, 63.23800000000001, 62.961999999999996, 62.766, 62.61, 63.029999999999994, 63.141999999999996, 63.056, 62.988, 63.162, 63.266, 62.93, 62.87199999999999, 63.08200000000001, 63.198, 63.212, 63.812000000000005, 63.519999999999996, 63.12799999999999, 63.308, 63.172, 63.112, 63.275999999999996, 63.042, 63.096, 63.4, 63.275999999999996, 63.153999999999996, 62.682, 63.234, 63.146, 63.50599999999999, 63.57000000000001, 63.344, 63.461999999999996, 63.336000000000006], [56.108000000000004, 55.188, 53.839999999999996, 53.99, 53.628, 54.169999999999995, 53.684, 53.894, 53.286, 53.626, 54.205999999999996, 54.246, 54.05799999999999, 53.937999999999995, 53.922000000000004, 54.294, 54.04600000000001, 54.652, 54.798, 54.588, 54.501999999999995, 54.949999999999996, 54.952, 54.510000000000005, 55.376000000000005, 54.674, 54.6, 55.410000000000004, 55.306, 55.418, 55.236, 55.45, 55.152, 55.602, 55.45, 55.104, 55.808, 55.748, 55.83, 55.932, 55.833999999999996, 56.023999999999994, 55.882, 55.862, 56.01199999999999, 56.206, 55.666000000000004, 55.846, 56.474000000000004, 56.546, 56.614, 56.558, 56.108000000000004, 56.699999999999996, 56.448, 56.506, 56.362, 56.611999999999995, 56.572, 56.269999999999996, 56.333999999999996, 56.46, 56.642, 56.37, 56.398, 56.804, 57.126, 56.95, 56.726, 56.535999999999994, 56.699999999999996, 57.084, 56.812, 57.13399999999999, 56.733999999999995, 57.08, 57.114, 56.967999999999996, 57.05, 56.692, 56.769999999999996, 57.072, 57.135999999999996, 57.384, 57.33200000000001, 57.34, 56.782, 56.938, 57.202, 57.65, 57.465999999999994, 57.216, 57.058, 57.296, 57.338, 57.316, 57.286, 57.052, 57.099999999999994, 57.206], [63.744, 66.256, 68.264, 68.994, 70.216, 70.65, 71.64, 71.71, 71.662, 72.178, 72.48400000000001, 72.938, 73.004, 73.06, 73.29599999999999, 73.47399999999999, 73.426, 73.636, 74.134, 73.79599999999999, 74.134, 74.244, 73.912, 74.342, 74.764, 74.604, 74.42999999999999, 74.944, 74.82799999999999, 74.806, 74.862, 74.7, 75.02799999999999, 74.934, 74.81, 75.09, 75.342, 75.16000000000001, 75.17, 75.196, 75.742, 75.632, 75.476, 75.21, 75.488, 75.44999999999999, 75.94, 75.722, 75.606, 75.434, 75.56, 75.562, 75.83, 75.944, 75.82799999999999, 75.804, 76.038, 75.642, 75.578, 76.17, 76.306, 76.146, 75.90599999999999, 76.046, 76.352, 75.856, 75.886, 75.90599999999999, 75.858, 76.13600000000001, 76.146, 76.068, 75.958, 75.74600000000001, 75.63, 75.77199999999999, 75.96000000000001, 76.18, 76.55199999999999, 76.562, 76.19200000000001, 76.508, 76.384, 76.21, 76.538, 76.23400000000001, 76.182, 76.168, 76.13799999999999, 76.28, 76.35, 76.228, 76.632, 76.20400000000001, 76.298, 76.474, 76.48, 76.596, 76.74600000000001, 76.452], [51.648, 52.418, 52.94, 53.64600000000001, 53.906, 54.394, 54.791999999999994, 54.676, 55.06999999999999, 55.535999999999994, 55.688, 56.047999999999995, 56.428, 56.452000000000005, 56.696000000000005, 57.068, 57.211999999999996, 57.084, 57.574000000000005, 57.118, 58.238, 58.221999999999994, 58.720000000000006, 58.584, 58.376, 58.326, 58.608000000000004, 58.878, 58.86, 58.724, 58.77, 59.058, 59.28600000000001, 59.388, 59.548, 59.814, 59.51, 59.534, 59.611999999999995, 59.828, 60.228, 60.238, 60.06399999999999, 60.175999999999995, 60.209999999999994, 60.55199999999999, 60.004000000000005, 60.304, 60.34, 60.833999999999996, 61.072, 60.440000000000005, 60.352, 60.86, 60.738, 60.824, 60.760000000000005, 60.748000000000005, 60.614000000000004, 61.06399999999999, 60.826, 61.168, 60.88400000000001, 61.258, 61.39, 61.172000000000004, 61.126000000000005, 61.212, 60.634, 61.23800000000001, 61.044, 61.33, 61.407999999999994, 61.25000000000001, 61.234, 61.56, 61.480000000000004, 60.83, 61.49400000000001, 61.394000000000005, 61.572, 61.454, 61.942, 61.638000000000005, 61.92999999999999, 61.536, 61.839999999999996, 61.5, 61.964, 61.62800000000001, 61.876, 61.414, 62.00599999999999, 61.751999999999995, 61.99, 61.9, 62.196, 61.96, 61.948, 61.904], [63.674, 62.816, 63.349999999999994, 63.836000000000006, 64.41, 65.146, 65.824, 66.09, 66.61, 67.176, 67.536, 67.904, 68.482, 68.798, 68.69, 69.26, 69.686, 69.526, 69.838, 70.538, 70.844, 71.108, 71.024, 71.136, 71.794, 72.19, 72.324, 72.52199999999999, 73.00999999999999, 72.886, 73.17399999999999, 73.47200000000001, 73.374, 73.63199999999999, 73.86, 73.926, 74.33, 74.248, 74.458, 74.638, 74.682, 74.72, 74.90400000000001, 75.142, 74.856, 75.17399999999999, 75.506, 75.82600000000001, 75.668, 76.08200000000001, 75.86, 76.054, 76.238, 76.19399999999999, 76.20599999999999, 76.446, 76.788, 76.476, 76.96600000000001, 76.974, 76.802, 76.878, 76.82600000000001, 77.12, 77.158, 77.51599999999999, 77.012, 77.438, 77.486, 77.5, 77.342, 77.294, 77.726, 77.416, 77.522, 77.816, 77.73, 77.78399999999999, 77.658, 77.912, 78.232, 77.678, 77.996, 77.92, 77.926, 78.086, 78.47, 77.848, 78.186, 78.19800000000001, 78.032, 78.29599999999999, 78.39399999999999, 78.822, 78.36800000000001, 78.448, 78.55199999999999, 78.73400000000001, 78.58800000000001, 78.718], [49.022, 50.576, 51.89, 52.94, 53.846000000000004, 54.942, 55.367999999999995, 56.306, 56.316, 56.828, 57.57600000000001, 57.582, 57.965999999999994, 58.331999999999994, 58.73199999999999, 58.866, 59.412, 59.68599999999999, 59.374, 59.55200000000001, 60.26200000000001, 60.374, 60.662000000000006, 60.596000000000004, 60.870000000000005, 60.512, 61.385999999999996, 61.309999999999995, 61.722, 61.63999999999999, 62.007999999999996, 61.766, 62.026, 62.482000000000006, 62.342, 62.041999999999994, 62.150000000000006, 62.21600000000001, 62.507999999999996, 62.6, 62.502, 62.71, 63.038000000000004, 62.976, 62.968, 63.42, 63.166, 63.382000000000005, 63.292, 63.129999999999995, 63.72, 63.634, 63.583999999999996, 63.758, 63.896, 63.626000000000005, 63.892, 63.478, 64.188, 64.1, 64.19, 64.034, 64.432, 64.46, 64.44800000000001, 64.256, 64.098, 64.584, 64.184, 64.274, 64.41, 64.36800000000001, 64.154, 64.48, 64.22, 64.714, 64.474, 64.73400000000001, 64.588, 64.524, 64.64800000000001, 64.834, 64.592, 64.588, 64.942, 64.968, 65.178, 64.582, 64.664, 64.788, 64.968, 64.916, 65.156, 65.378, 65.166, 65.34, 65.554, 64.878, 65.022, 65.16], [60.846000000000004, 61.778, 62.356, 62.7, 63.153999999999996, 63.402, 63.894, 64.208, 64.084, 64.188, 64.56, 64.754, 64.498, 64.854, 65.486, 65.202, 65.108, 65.41, 65.468, 65.02799999999999, 65.07, 65.078, 65.618, 65.346, 65.598, 65.52, 65.034, 65.11, 65.696, 65.48, 65.826, 65.73400000000001, 65.80799999999999, 65.594, 65.508, 65.866, 65.71000000000001, 65.52, 65.50399999999999, 65.726, 65.62400000000001, 65.912, 65.814, 66.102, 65.452, 65.482, 66.01, 65.428, 65.738, 65.768, 65.82000000000001, 65.702, 65.664, 65.676, 65.69, 66.036, 66.0, 65.996, 65.782, 65.664, 66.342, 66.062, 66.232, 65.572, 66.03, 65.73, 65.854, 65.64, 66.116, 65.632, 65.786, 65.874, 66.094, 65.63, 65.85, 65.812, 66.108, 66.008, 65.74799999999999, 65.51599999999999, 66.018, 65.732, 65.57600000000001, 65.946, 65.80799999999999, 65.778, 65.774, 66.048, 65.798, 65.92, 65.67, 65.93, 66.066, 65.73, 65.672, 66.12400000000001, 65.91, 66.242, 66.122, 65.984]]
Total Delta Gamma: [1.53275143 1.51471958 1.41213949 1.57939788 1.73784349 1.72660862
 1.80329723 1.45314562 1.54687053 1.78668249]
Total Delta R: [1.32419587 1.51287581 1.48050069 1.35892278 1.20576459 1.36698446
 0.99767276 1.4418942  1.26872919 1.39181777]
