Estimating the parameters from the real data (K=2) (z initialized through y and r)
==================================================

N (neurons): 805
K (states): 2
T (time steps): 10000
Seed: 12345
Number of repetitions: 10
Number of iterations: 100

Estimated parameters:
Estimated Pi: [array([0.52709198, 0.47290802]), array([0.17640018, 0.82359982]), array([0.67080788, 0.32919212]), array([0.55726221, 0.44273779]), array([0.39795664, 0.60204336]), array([0.33639059, 0.66360941]), array([0.54145076, 0.45854924]), array([0.81387584, 0.18612416]), array([0.46646365, 0.53353635]), array([0.73548511, 0.26451489])]
Estimated Gamma: [array([[0.08912693, 0.91087307],
       [0.48535407, 0.51464593]]), array([[0.09525994, 0.90474006],
       [0.10930871, 0.89069129]]), array([[0.8769386, 0.1230614],
       [0.7481529, 0.2518471]]), array([[0.40386885, 0.59613115],
       [0.39838204, 0.60161796]]), array([[0.20943403, 0.79056597],
       [0.22196508, 0.77803492]]), array([[0.00524146, 0.99475854],
       [0.05161473, 0.94838527]]), array([[0.2044564 , 0.7955436 ],
       [0.63330333, 0.36669667]]), array([[0.78857615, 0.21142385],
       [0.93897354, 0.06102646]]), array([[0.55688167, 0.44311833],
       [0.78474538, 0.21525462]]), array([[0.86207316, 0.13792684],
       [0.8297746 , 0.1702254 ]])]
Estimated R: [array([[6.66792221e-01, 8.46079559e-01],
       [3.64430727e-07, 3.97879763e-07],
       [1.43734570e-06, 1.76850486e-06],
       ...,
       [5.18279429e-03, 5.84491632e-04],
       [4.77397081e-08, 4.96863434e-07],
       [1.68233076e-02, 3.97888013e-03]]), array([[1.95846535e-01, 8.55689762e-01],
       [2.91664763e-05, 2.09823729e-07],
       [2.12584257e-06, 7.77826045e-07],
       ...,
       [1.71154903e-03, 2.30591220e-03],
       [2.93636926e-06, 4.27661591e-07],
       [1.93224807e-02, 7.20768564e-03]]), array([[8.14158410e-01, 6.01671955e-01],
       [6.48999352e-08, 3.99114160e-06],
       [1.80077213e-06, 1.28536997e-05],
       ...,
       [1.91801659e-03, 3.82312299e-03],
       [3.67720697e-09, 3.46670093e-07],
       [6.76906504e-03, 1.72989800e-02]]), array([[7.91511545e-01, 7.78529750e-01],
       [3.05876735e-07, 2.99164871e-07],
       [1.98339885e-06, 3.02849175e-06],
       ...,
       [1.50704328e-03, 2.55649251e-03],
       [6.85028149e-07, 2.38951049e-06],
       [1.28766067e-03, 1.35204881e-02]]), array([[6.01983603e-01, 8.35363949e-01],
       [7.12564827e-07, 1.97945504e-06],
       [2.26035903e-06, 1.03473391e-06],
       ...,
       [1.66614650e-04, 2.81146875e-03],
       [7.73527421e-06, 8.91207790e-07],
       [5.81885037e-03, 9.23106581e-03]]), array([[3.82700568e-01, 8.04951923e-01],
       [1.28115025e-05, 3.61411672e-07],
       [1.61147680e-06, 3.69520946e-06],
       ...,
       [4.21245288e-04, 2.25577380e-03],
       [2.49331141e-05, 2.84965643e-07],
       [5.41853098e-02, 6.12453067e-03]]), array([[6.93119717e-01, 8.56165394e-01],
       [1.57818175e-06, 1.84218070e-09],
       [1.68128789e-06, 2.67485411e-06],
       ...,
       [1.50126169e-03, 2.69348674e-03],
       [1.77242246e-06, 1.44912255e-06],
       [1.35786415e-02, 4.67351163e-03]]), array([[9.00761498e-01, 2.66508000e-01],
       [2.60967998e-07, 5.67311432e-06],
       [3.70887191e-08, 7.26152780e-06],
       ...,
       [1.76961396e-03, 4.54799957e-03],
       [2.28737144e-07, 4.04796172e-06],
       [5.02751573e-03, 2.42434050e-02]]), array([[8.36329322e-01, 6.90023835e-01],
       [1.26036190e-06, 8.71672167e-06],
       [1.32399495e-07, 1.54224589e-06],
       ...,
       [7.55711345e-05, 5.95689283e-03],
       [4.43901063e-06, 2.32045768e-06],
       [6.03550709e-04, 2.24008331e-02]]), array([[8.58020116e-01, 3.42468800e-01],
       [4.04086773e-07, 2.77135859e-05],
       [7.08250960e-08, 5.43392037e-06],
       ...,
       [1.68895908e-03, 5.34883819e-03],
       [2.49511228e-07, 1.90887118e-07],
       [9.94551684e-03, 5.51765268e-04]])]

Nmi with generated data: [0.039757529647276885, 0.03904469693084117, 0.037408802808979146, 0.04049671746651766, 0.03873193544067882, 0.040197306403489924, 0.0392567811528372, 0.04188118797023871, 0.0366452140425906, 0.040469031397013626]