Estimating the parameters from the real data (K=3)
==================================================

N (neurons): 805
K (states): 3
T (time steps): 10000
Seed: 12345
Number of repetitions: 10

Estimated parameters:
Estimated Pi: [array([0.13722248, 0.05623356, 0.80654396]), array([0.05429261, 0.07558115, 0.87012624]), array([0.58156344, 0.40430092, 0.01413563]), array([0.1115264 , 0.87550315, 0.01297045]), array([0.08286441, 0.87280063, 0.04433496]), array([0.25471049, 0.10117087, 0.64411864]), array([0.83087208, 0.15571693, 0.013411  ]), array([0.62460743, 0.20990589, 0.16548667]), array([0.08467175, 0.90885143, 0.00647682]), array([0.55020666, 0.32644164, 0.1233517 ])]
Estimated Gamma: [array([[0.05934917, 0.00296793, 0.9376829 ],
       [0.13377163, 0.0148065 , 0.85142186],
       [0.16265767, 0.00538777, 0.83195456]]), array([[0.09206236, 0.01085763, 0.89708001],
       [0.11211953, 0.04656035, 0.84132011],
       [0.05514309, 0.00104771, 0.9438092 ]]), array([[0.90916292, 0.08968165, 0.00115543],
       [0.65429001, 0.30879752, 0.03691247],
       [0.69268391, 0.09424226, 0.21307383]]), array([[0.03176121, 0.84327397, 0.12496482],
       [0.08967243, 0.90884639, 0.00148118],
       [0.43922364, 0.38140582, 0.17937054]]), array([[0.16006914, 0.80715524, 0.03277562],
       [0.02727792, 0.94696137, 0.02576071],
       [0.03078961, 0.18594426, 0.78326612]]), array([[0.00369793, 0.11563278, 0.88066929],
       [0.03038251, 0.09311423, 0.87650326],
       [0.01333666, 0.0747852 , 0.91187814]]), array([[9.59111511e-01, 3.07325017e-02, 1.01559870e-02],
       [8.75924673e-01, 9.07194201e-02, 3.33559067e-02],
       [9.27103438e-01, 9.36895162e-04, 7.19596673e-02]]), array([[0.36621851, 0.1166476 , 0.51713389],
       [0.54932429, 0.31991349, 0.13076222],
       [0.02944541, 0.73019034, 0.24036426]]), array([[0.47717579, 0.49514735, 0.02767686],
       [0.01045248, 0.9503732 , 0.03917432],
       [0.07880892, 0.70798749, 0.21320359]]), array([[0.74813019, 0.15613188, 0.09573793],
       [0.73799291, 0.14387126, 0.11813583],
       [0.93627241, 0.00457418, 0.0591534 ]])]
Estimated R: [array([[3.79155541e-02, 1.87217692e-03, 1.31093128e-01],
       [4.07039945e-04, 1.73639918e-03, 3.28056396e-05],
       [9.03793082e-04, 1.98181477e-03, 1.51272652e-03],
       ...,
       [9.49172445e-04, 4.81547208e-03, 1.74388765e-03],
       [7.25313880e-05, 3.14418576e-03, 2.32635223e-03],
       [2.20096152e-03, 2.01496028e-03, 2.45132997e-05]]), array([[4.37566160e-03, 2.37953719e-03, 1.74432198e-01],
       [3.49942786e-03, 3.61913290e-03, 2.06023934e-04],
       [3.94778810e-05, 1.92397435e-04, 6.62756793e-04],
       ...,
       [3.37618219e-04, 6.69530256e-04, 1.04068927e-03],
       [3.97560529e-04, 3.37912824e-04, 7.44595777e-04],
       [1.92290437e-04, 3.46710118e-04, 5.03822708e-04]]), array([[1.07296882e-01, 4.93488980e-02, 4.01793512e-03],
       [5.17320106e-04, 2.94812795e-04, 4.03588936e-04],
       [5.22116729e-04, 1.74523098e-03, 8.97786263e-04],
       ...,
       [2.61814669e-03, 7.58417791e-05, 4.41358898e-04],
       [2.28894251e-03, 3.51374109e-04, 2.51287649e-04],
       [1.02827082e-03, 3.63875528e-04, 7.55915884e-04]]), array([[2.18936402e-02, 1.47828067e-01, 1.44021599e-03],
       [6.06011165e-04, 1.08534359e-03, 7.42733958e-04],
       [2.24451817e-04, 6.35647017e-04, 1.05010021e-03],
       ...,
       [4.51077429e-05, 4.13084694e-03, 2.26249042e-04],
       [1.40987332e-03, 4.06522009e-04, 1.16051249e-03],
       [1.22452247e-03, 2.90684290e-04, 2.18970378e-03]]), array([[5.28110496e-03, 1.83856178e-01, 1.60144191e-03],
       [3.58339391e-04, 4.81107793e-05, 2.48294206e-04],
       [1.87242389e-03, 4.17474152e-04, 7.58999417e-03],
       ...,
       [1.84323971e-03, 1.18084812e-03, 9.55275323e-04],
       [3.90174350e-04, 3.99399900e-04, 9.89627352e-04],
       [6.55693473e-04, 6.71707934e-04, 3.28314121e-03]]), array([[1.32302353e-02, 1.47959150e-02, 1.31795772e-01],
       [1.34621860e-03, 9.87256292e-05, 4.96983690e-04],
       [7.39873422e-05, 3.67084305e-03, 1.47376096e-04],
       ...,
       [3.00457194e-05, 2.36408787e-03, 7.78027226e-04],
       [1.48463864e-03, 3.76132804e-04, 1.98532029e-03],
       [5.76754743e-04, 6.89347571e-04, 2.00120342e-04]]), array([[1.40682513e-01, 2.14330891e-02, 1.42172951e-03],
       [1.47074058e-04, 1.88517817e-03, 5.48083348e-04],
       [6.32711293e-04, 1.38511280e-04, 1.69105559e-03],
       ...,
       [6.79731617e-04, 1.43559265e-03, 3.81601384e-04],
       [3.07575586e-04, 3.44992747e-03, 3.63661894e-04],
       [2.43677608e-04, 6.22121070e-05, 1.15062505e-03]]), array([[5.54877000e-02, 5.09549732e-02, 4.66867071e-02],
       [4.91718173e-04, 1.69471458e-04, 3.69063391e-04],
       [3.98867315e-04, 6.90546538e-05, 6.71244707e-04],
       ...,
       [6.23951603e-04, 9.28481292e-04, 6.73505303e-05],
       [9.17810451e-04, 8.89815273e-05, 1.04474403e-03],
       [1.47586245e-03, 6.99464120e-04, 2.75044013e-03]]), array([[3.26367063e-03, 1.58079519e-01, 4.49648276e-03],
       [1.29776901e-03, 1.67734875e-03, 6.67187552e-04],
       [4.72453656e-05, 1.12511939e-03, 5.77972541e-04],
       ...,
       [2.31496331e-03, 1.96648619e-03, 2.14566224e-04],
       [1.57623615e-03, 2.04889005e-03, 2.71869617e-03],
       [2.95817071e-03, 2.53366196e-03, 1.86845585e-04]]), array([[1.20400555e-01, 3.82289252e-02, 2.17903187e-02],
       [1.47618025e-03, 1.71228907e-04, 1.07841800e-03],
       [4.70479335e-05, 1.05011891e-03, 1.51724117e-03],
       ...,
       [4.87694871e-03, 1.10647259e-03, 9.44825694e-05],
       [5.48554113e-05, 2.88836173e-03, 1.36223992e-03],
       [1.50443723e-03, 6.27672694e-03, 1.08128242e-03]])]

Total NMI: [[0.2740175421212811, 1.0, 1.0, 1.0, 0.2740175421212811, 1.0, 0.2740175421212811, 0.2740175421212811, 0.0, 0.0, 1.0, 0.2740175421212811, 0.0, 1.0, 0.0, 0.0, 1.0, 0.0, 0.0, 0.0, 0.2740175421212811, 0.2740175421212811, 0.0, 1.0, 0.0, 0.0, 1.0, 0.0, 1.0, 0.0, 1.0, 1.0, 0.0, 0.0, 1.0, 0.0, 0.0, 1.0, 0.0, 0.0, 0.0, 1.0, 0.0, 0.0, 0.0, 0.0, 0.2740175421212811, 0.0, 1.0, 1.0], [0.2740175421212811, 0.0, 0.0, 0.0, 1.0, 1.0, 0.0, 0.0, 1.0, 1.0, 0.0, 0.0, 1.0, 1.0, 1.0, 1.0, 1.0, 0.0, 0.0, 1.0, 1.0, 1.0, 1.0, 1.0, 0.0, 0.2740175421212811, 0.0, 1.0, 1.0, 1.0, 1.0, 1.0, 1.0, 1.0, 1.0, 1.0, 1.0, 1.0, 1.0, 1.0, 1.0, 1.0, 1.0, 1.0, 1.0, 1.0, 1.0, 1.0, 1.0, 1.0], [0.2740175421212811, 0.0, 0.0, 1.0, 0.2740175421212811, 1.0, 0.0, 1.0, 0.0, 0.2740175421212811, 0.0, 0.0, 0.2740175421212811, 1.0, 0.2740175421212811, 0.0, 1.0, 1.0, 0.0, 1.0, 0.0, 0.0, 0.0, 0.0, 0.7336804366512112, 0.2740175421212811, 0.2740175421212811, 0.0, 1.0, 1.0, 1.0, 0.0, 0.0, 0.0, 0.0, 1.0, 1.0, 0.0, 0.0, 1.0, 1.0, 1.0, 1.0, 0.0, 0.0, 1.0, 1.0, 0.0, 0.0, 1.0], [0.2740175421212811, 1.0, 0.0, 0.0, 0.0, 1.0, 0.0, 0.2740175421212811, 0.0, 1.0, 1.0, 0.0, 0.0, 0.0, 0.0, 0.0, 0.0, 0.0, 0.0, 1.0, 1.0, 1.0, 1.0, 1.0, 1.0, 1.0, 1.0, 1.0, 1.0, 1.0, 1.0, 0.0, 0.0, 1.0, 0.0, 0.0, 0.0, 0.0, 1.0, 1.0, 1.0, 1.0, 1.0, 0.0, 0.0, 1.0, 1.0, 1.0, 1.0, 1.0], [0.0, 1.0, 1.0, 1.0, 1.0, 0.0, 1.0, 0.0, 1.0, 1.0, 1.0, 1.0, 1.0, 0.0, 1.0, 0.0, 1.0, 1.0, 1.0, 1.0, 1.0, 1.0, 1.0, 1.0, 1.0, 1.0, 1.0, 1.0, 1.0, 1.0, 1.0, 1.0, 1.0, 1.0, 1.0, 1.0, 1.0, 1.0, 1.0, 1.0, 1.0, 1.0, 1.0, 1.0, 1.0, 1.0, 1.0, 1.0, 1.0, 1.0], [1.0, 0.0, 0.0, 0.0, 0.0, 1.0, 1.0, 0.2740175421212811, 0.2740175421212811, 0.0, 0.0, 0.0, 0.0, 1.0, 0.2740175421212811, 0.0, 1.0, 0.0, 1.0, 0.2740175421212811, 0.2740175421212811, 0.0, 1.0, 1.0, 0.0, 0.0, 1.0, 1.0, 1.0, 1.0, 1.0, 1.0, 1.0, 1.0, 1.0, 1.0, 1.0, 0.0, 0.0, 0.0, 1.0, 0.0, 1.0, 1.0, 0.0, 0.0, 1.0, 1.0, 1.0, 1.0], [0.2740175421212811, 1.0, 1.0, 0.7336804366512112, 0.0, 0.0, 0.2740175421212811, 0.2740175421212811, 1.0, 0.0, 1.0, 1.0, 1.0, 1.0, 1.0, 1.0, 1.0, 1.0, 1.0, 1.0, 1.0, 1.0, 0.0, 0.0, 1.0, 1.0, 1.0, 1.0, 1.0, 1.0, 1.0, 1.0, 1.0, 1.0, 0.0, 0.0, 1.0, 1.0, 1.0, 0.0, 0.0, 1.0, 1.0, 0.0, 0.0, 1.0, 1.0, 1.0, 0.0, 0.0], [0.7336804366512112, 0.7336804366512112, 0.2740175421212811, 0.7336804366512112, 1.0, 0.7336804366512112, 0.2740175421212811, 0.7336804366512112, 0.7336804366512112, 0.7336804366512112, 1.0, 0.7336804366512112, 0.2740175421212811, 0.7336804366512112, 0.7336804366512112, 0.7336804366512112, 1.0, 0.7336804366512112, 1.0, 0.2740175421212811, 0.7336804366512112, 1.0, 0.7336804366512112, 0.7336804366512112, 0.7336804366512112, 0.7336804366512112, 0.7336804366512112, 1.0, 0.0, 0.0, 0.7336804366512112, 1.0, 1.0, 0.7336804366512112, 0.2740175421212811, 0.2740175421212811, 1.0, 0.2740175421212811, 0.2740175421212811, 0.0, 1.0, 1.0, 0.0, 0.2740175421212811, 1.0, 0.7336804366512112, 0.0, 0.0, 0.7336804366512112, 0.7336804366512112], [0.2740175421212811, 0.0, 0.0, 0.0, 0.0, 0.0, 1.0, 1.0, 1.0, 1.0, 1.0, 1.0, 1.0, 1.0, 1.0, 1.0, 1.0, 1.0, 1.0, 1.0, 1.0, 1.0, 1.0, 1.0, 1.0, 1.0, 1.0, 1.0, 1.0, 1.0, 1.0, 1.0, 1.0, 1.0, 1.0, 1.0, 1.0, 1.0, 1.0, 1.0, 1.0, 1.0, 1.0, 1.0, 1.0, 1.0, 1.0, 1.0, 1.0, 1.0], [0.2740175421212811, 0.0, 0.0, 0.7336804366512112, 0.7336804366512112, 1.0, 1.0, 0.7336804366512112, 0.7336804366512112, 0.2740175421212811, 0.2740175421212811, 0.2740175421212811, 0.2740175421212811, 0.2740175421212811, 0.2740175421212811, 0.2740175421212811, 1.0, 0.0, 0.0, 0.7336804366512112, 0.0, 1.0, 0.0, 1.0, 0.2740175421212811, 0.2740175421212811, 0.0, 0.0, 1.0, 1.0, 0.0, 0.0, 0.7336804366512112, 0.0, 0.0, 0.0, 0.0, 0.0, 1.0, 0.0, 0.2740175421212811, 0.0, 1.0, 0.0, 1.0, 0.0, 0.0, 0.2740175421212811, 0.2740175421212811, 1.0]]
Total Percentage: [[33.33333333333333, 100.0, 100.0, 100.0, 33.33333333333333, 100.0, 33.33333333333333, 33.33333333333333, 66.66666666666666, 33.33333333333333, 100.0, 66.66666666666666, 66.66666666666666, 100.0, 66.66666666666666, 66.66666666666666, 100.0, 66.66666666666666, 66.66666666666666, 66.66666666666666, 33.33333333333333, 33.33333333333333, 66.66666666666666, 100.0, 66.66666666666666, 66.66666666666666, 100.0, 66.66666666666666, 100.0, 66.66666666666666, 100.0, 100.0, 66.66666666666666, 66.66666666666666, 100.0, 66.66666666666666, 66.66666666666666, 100.0, 66.66666666666666, 66.66666666666666, 66.66666666666666, 100.0, 66.66666666666666, 66.66666666666666, 66.66666666666666, 66.66666666666666, 33.33333333333333, 66.66666666666666, 100.0, 100.0], [33.33333333333333, 66.66666666666666, 66.66666666666666, 66.66666666666666, 100.0, 100.0, 66.66666666666666, 66.66666666666666, 100.0, 100.0, 66.66666666666666, 66.66666666666666, 100.0, 100.0, 100.0, 100.0, 100.0, 66.66666666666666, 66.66666666666666, 100.0, 100.0, 100.0, 100.0, 100.0, 66.66666666666666, 33.33333333333333, 66.66666666666666, 100.0, 100.0, 100.0, 100.0, 100.0, 100.0, 100.0, 100.0, 100.0, 100.0, 100.0, 100.0, 100.0, 100.0, 100.0, 100.0, 100.0, 100.0, 100.0, 100.0, 100.0, 100.0, 100.0], [33.33333333333333, 33.33333333333333, 66.66666666666666, 100.0, 66.66666666666666, 100.0, 66.66666666666666, 100.0, 66.66666666666666, 33.33333333333333, 66.66666666666666, 66.66666666666666, 33.33333333333333, 100.0, 33.33333333333333, 66.66666666666666, 100.0, 100.0, 66.66666666666666, 100.0, 66.66666666666666, 33.33333333333333, 33.33333333333333, 33.33333333333333, 33.33333333333333, 33.33333333333333, 33.33333333333333, 66.66666666666666, 100.0, 100.0, 100.0, 66.66666666666666, 66.66666666666666, 66.66666666666666, 66.66666666666666, 100.0, 0.0, 33.33333333333333, 66.66666666666666, 100.0, 100.0, 100.0, 100.0, 66.66666666666666, 66.66666666666666, 100.0, 100.0, 66.66666666666666, 66.66666666666666, 100.0], [66.66666666666666, 100.0, 33.33333333333333, 33.33333333333333, 33.33333333333333, 100.0, 66.66666666666666, 33.33333333333333, 66.66666666666666, 100.0, 100.0, 66.66666666666666, 66.66666666666666, 66.66666666666666, 66.66666666666666, 66.66666666666666, 66.66666666666666, 66.66666666666666, 66.66666666666666, 100.0, 100.0, 100.0, 100.0, 100.0, 100.0, 100.0, 100.0, 100.0, 100.0, 100.0, 100.0, 66.66666666666666, 66.66666666666666, 100.0, 66.66666666666666, 66.66666666666666, 66.66666666666666, 66.66666666666666, 100.0, 100.0, 100.0, 100.0, 100.0, 66.66666666666666, 66.66666666666666, 100.0, 100.0, 100.0, 100.0, 100.0], [66.66666666666666, 100.0, 100.0, 100.0, 100.0, 66.66666666666666, 100.0, 66.66666666666666, 100.0, 100.0, 100.0, 100.0, 100.0, 66.66666666666666, 100.0, 66.66666666666666, 100.0, 100.0, 100.0, 100.0, 100.0, 100.0, 100.0, 100.0, 100.0, 100.0, 100.0, 100.0, 100.0, 100.0, 100.0, 100.0, 100.0, 100.0, 100.0, 100.0, 100.0, 100.0, 100.0, 100.0, 100.0, 100.0, 100.0, 100.0, 100.0, 100.0, 100.0, 100.0, 100.0, 100.0], [33.33333333333333, 33.33333333333333, 33.33333333333333, 33.33333333333333, 66.66666666666666, 66.66666666666666, 66.66666666666666, 33.33333333333333, 33.33333333333333, 66.66666666666666, 66.66666666666666, 66.66666666666666, 66.66666666666666, 66.66666666666666, 33.33333333333333, 66.66666666666666, 100.0, 66.66666666666666, 100.0, 33.33333333333333, 33.33333333333333, 66.66666666666666, 100.0, 100.0, 66.66666666666666, 66.66666666666666, 100.0, 100.0, 100.0, 100.0, 100.0, 100.0, 100.0, 100.0, 100.0, 100.0, 100.0, 66.66666666666666, 66.66666666666666, 66.66666666666666, 100.0, 66.66666666666666, 100.0, 100.0, 66.66666666666666, 66.66666666666666, 100.0, 100.0, 100.0, 100.0], [33.33333333333333, 0.0, 100.0, 66.66666666666666, 33.33333333333333, 66.66666666666666, 33.33333333333333, 33.33333333333333, 0.0, 33.33333333333333, 100.0, 100.0, 100.0, 100.0, 100.0, 100.0, 100.0, 100.0, 100.0, 100.0, 100.0, 100.0, 66.66666666666666, 66.66666666666666, 100.0, 100.0, 100.0, 100.0, 100.0, 100.0, 100.0, 100.0, 100.0, 100.0, 66.66666666666666, 66.66666666666666, 100.0, 100.0, 100.0, 66.66666666666666, 66.66666666666666, 100.0, 100.0, 66.66666666666666, 66.66666666666666, 100.0, 100.0, 100.0, 66.66666666666666, 66.66666666666666], [33.33333333333333, 66.66666666666666, 33.33333333333333, 33.33333333333333, 0.0, 0.0, 66.66666666666666, 66.66666666666666, 0.0, 66.66666666666666, 100.0, 66.66666666666666, 66.66666666666666, 33.33333333333333, 66.66666666666666, 33.33333333333333, 100.0, 66.66666666666666, 0.0, 66.66666666666666, 66.66666666666666, 100.0, 66.66666666666666, 33.33333333333333, 33.33333333333333, 33.33333333333333, 66.66666666666666, 0.0, 33.33333333333333, 33.33333333333333, 66.66666666666666, 100.0, 100.0, 66.66666666666666, 66.66666666666666, 33.33333333333333, 0.0, 33.33333333333333, 66.66666666666666, 0.0, 100.0, 100.0, 66.66666666666666, 33.33333333333333, 0.0, 66.66666666666666, 33.33333333333333, 66.66666666666666, 66.66666666666666, 66.66666666666666], [33.33333333333333, 66.66666666666666, 33.33333333333333, 33.33333333333333, 66.66666666666666, 66.66666666666666, 100.0, 100.0, 100.0, 100.0, 100.0, 100.0, 100.0, 100.0, 100.0, 100.0, 100.0, 100.0, 100.0, 100.0, 100.0, 100.0, 100.0, 100.0, 100.0, 100.0, 100.0, 100.0, 100.0, 100.0, 100.0, 100.0, 100.0, 100.0, 100.0, 100.0, 100.0, 100.0, 100.0, 100.0, 100.0, 100.0, 100.0, 100.0, 100.0, 100.0, 100.0, 100.0, 100.0, 100.0], [0.0, 33.33333333333333, 66.66666666666666, 0.0, 66.66666666666666, 100.0, 66.66666666666666, 66.66666666666666, 33.33333333333333, 33.33333333333333, 33.33333333333333, 66.66666666666666, 0.0, 33.33333333333333, 66.66666666666666, 66.66666666666666, 0.0, 33.33333333333333, 33.33333333333333, 33.33333333333333, 66.66666666666666, 100.0, 66.66666666666666, 100.0, 33.33333333333333, 33.33333333333333, 66.66666666666666, 66.66666666666666, 66.66666666666666, 0.0, 33.33333333333333, 66.66666666666666, 0.0, 33.33333333333333, 66.66666666666666, 66.66666666666666, 66.66666666666666, 66.66666666666666, 100.0, 66.66666666666666, 33.33333333333333, 66.66666666666666, 100.0, 66.66666666666666, 66.66666666666666, 66.66666666666666, 33.33333333333333, 66.66666666666666, 33.33333333333333, 66.66666666666666]]
Total Delta Gamma: [1.39907545 1.21318535 1.27235661 1.35203017 1.42670391 1.68965347
 1.91942724 0.90748765 1.25602185 1.17365435]
Total Delta R: [0.15969986 0.1939731  0.14421203 0.16963725 0.20123608 0.15684124
 0.16264192 0.11940212 0.1762084  0.1515256 ]
