Complexity increased keeping gamma very unbalanced, and increasing K and N (K=5, N=6)
==================================================

N (neurons): 6
K (states): 5
T (time steps): 100000
Seed: None
Number of repetitions: 10
Number of iterations: 100

Initialization of parameters for HMM:
Pi: [1 0 0 0 0]
Gamma: [[0.8  0.05 0.05 0.05 0.05]
 [0.05 0.8  0.05 0.05 0.05]
 [0.05 0.05 0.8  0.05 0.05]
 [0.05 0.05 0.05 0.8  0.05]
 [0.05 0.05 0.05 0.05 0.8 ]]
R: [[0.5 0.  0.  0.  0. ]
 [0.  0.5 0.  0.  0. ]
 [0.5 0.  0.5 0.  0. ]
 [0.  0.5 0.  0.5 0. ]
 [0.  0.  0.5 0.  0.5]
 [0.  0.  0.  0.5 0. ]
 [0.  0.  0.  0.  0.5]]

Generated data:
Generated firings (y): [0 0 0 2 2 0 0 2 0 6 4 3 3 3 3 3 6 4 4 4 4 6 4 6 4 6 6 4 4 4 4 4 4 4 4 6 4
 4 4 4 6 6 4 4 4 6 4 6 6 3 3 5 5 5 2 4 4 6 4 4 6 6 1 1 1 1 1 1 1 3 2 4 6 6
 6 2 2 2 2 0 2 3 5 5 3 3 1 3 4 6 4 4 6 4 4 4 4 4 1 3]... (showing first 100 entries)
Generated states (z): [0 0 0 0 0 0 0 0 0 4 4 1 1 1 1 1 4 4 4 4 4 4 4 4 4 4 4 4 4 4 4 4 4 4 4 4 4
 4 4 4 4 4 4 4 4 4 4 4 4 3 3 3 3 3 2 4 4 4 4 4 4 4 1 1 1 1 1 1 1 1 2 2 4 4
 4 0 0 0 0 0 0 3 3 3 3 1 1 1 4 4 4 4 4 4 4 4 2 2 1 1]... (showing first 100 entries)

Estimated parameters:
Estimated Pi: [array([0.00966037, 0.41810457, 0.52647962, 0.0350494 , 0.01070604]), array([0.13907927, 0.55216135, 0.13785633, 0.05911941, 0.11178364]), array([0.02178196, 0.08432956, 0.50278164, 0.17111502, 0.21999182]), array([0.05418403, 0.7603146 , 0.12114292, 0.00830901, 0.05604943]), array([0.18386103, 0.2959152 , 0.34617033, 0.05452647, 0.11952697]), array([0.03857933, 0.11428349, 0.30135449, 0.49548716, 0.05029553]), array([0.80068344, 0.0203106 , 0.04863494, 0.03023482, 0.10013621]), array([0.0011082 , 0.2351339 , 0.61700558, 0.13283071, 0.01392161]), array([0.00458371, 0.03629469, 0.06461408, 0.10100348, 0.79350404]), array([0.33004807, 0.45001704, 0.01405903, 0.10070099, 0.10517487])]
Estimated Gamma: [array([[0.8091043 , 0.10450425, 0.0070344 , 0.04779394, 0.0315631 ],
       [0.13430437, 0.58416871, 0.1986231 , 0.03298122, 0.0499226 ],
       [0.05321759, 0.64241399, 0.11465225, 0.02537269, 0.16434349],
       [0.07546481, 0.01753574, 0.08130648, 0.77607886, 0.04961411],
       [0.06196711, 0.00948268, 0.06355055, 0.08195486, 0.78304479]]), array([[0.0676968 , 0.61510208, 0.03760551, 0.07097776, 0.20861785],
       [0.51425065, 0.37285494, 0.09561017, 0.0135456 , 0.00373865],
       [0.08416034, 0.08368909, 0.79485308, 0.02970099, 0.00759651],
       [0.07891243, 0.04371013, 0.00756438, 0.16413516, 0.7056779 ],
       [0.11555963, 0.03152906, 0.0903645 , 0.6465303 , 0.11601651]]), array([[0.82689016, 0.00698551, 0.06167749, 0.03968547, 0.06476137],
       [0.00632832, 0.33345938, 0.04422153, 0.43105076, 0.18494001],
       [0.07400816, 0.01381961, 0.83178065, 0.07656362, 0.00382796],
       [0.16941212, 0.26071391, 0.04167949, 0.12812326, 0.40007123],
       [0.07472562, 0.33761788, 0.28546348, 0.12444673, 0.17774629]]), array([[0.07856159, 0.38841029, 0.31874371, 0.03554755, 0.17873685],
       [0.04715156, 0.77862809, 0.1076516 , 0.01670031, 0.04986843],
       [0.25648273, 0.05905212, 0.59679126, 0.06917157, 0.01850232],
       [0.0025749 , 0.00444992, 0.25640189, 0.45450859, 0.2820647 ],
       [0.01599823, 0.09358158, 0.00764138, 0.14847063, 0.73430817]]), array([[0.57028045, 0.04115155, 0.29431068, 0.06409607, 0.03016125],
       [0.64974508, 0.06040522, 0.20738305, 0.04827761, 0.03418903],
       [0.52462797, 0.00683639, 0.22240935, 0.0466693 , 0.19945699],
       [0.12636797, 0.03409825, 0.00379955, 0.21694008, 0.61879414],
       [0.00694261, 0.0463217 , 0.03099782, 0.66959201, 0.24614585]]), array([[0.70231154, 0.10064412, 0.03048009, 0.0783735 , 0.08819074],
       [0.05062049, 0.13428123, 0.17552737, 0.13334798, 0.50622292],
       [0.01427084, 0.01432865, 0.82956963, 0.13832387, 0.003507  ],
       [0.232603  , 0.08160328, 0.38065839, 0.26225459, 0.04288074],
       [0.22745972, 0.55714198, 0.0669469 , 0.09922024, 0.04923115]]), array([[7.48074193e-01, 1.95107868e-03, 1.67869806e-01, 8.20309122e-02,
        7.40105173e-05],
       [3.24581256e-03, 5.74348278e-01, 4.71735124e-02, 2.92664603e-01,
        8.25677941e-02],
       [3.14658860e-02, 1.21074485e-01, 1.39580995e-01, 6.54511309e-02,
        6.42427503e-01],
       [5.19464347e-02, 2.43053066e-01, 1.53915993e-01, 2.35884844e-01,
        3.15199662e-01],
       [2.22339677e-01, 1.30594658e-01, 2.97108217e-01, 1.19848491e-01,
        2.30108957e-01]]), array([[8.17241063e-01, 1.29252320e-01, 2.89549610e-04, 8.92996103e-03,
        4.42871064e-02],
       [9.27591656e-02, 4.49675862e-02, 3.65850018e-01, 3.29117749e-01,
        1.67305481e-01],
       [3.76383680e-03, 4.14766629e-02, 7.82183933e-01, 1.21301772e-01,
        5.12737945e-02],
       [1.10127438e-01, 2.18682218e-01, 2.95961898e-01, 5.55383292e-02,
        3.19690116e-01],
       [3.18638073e-01, 3.23322712e-01, 3.52809435e-02, 2.32148496e-01,
        9.06097760e-02]]), array([[0.81568611, 0.07211446, 0.04956384, 0.04671667, 0.01591892],
       [0.05445061, 0.30438072, 0.03589179, 0.49835706, 0.10691982],
       [0.06522956, 0.04194121, 0.75812739, 0.00323013, 0.13147172],
       [0.07347463, 0.7377363 , 0.01718329, 0.13475371, 0.03685208],
       [0.09768631, 0.35298491, 0.04236272, 0.06467776, 0.4422883 ]]), array([[0.51441586, 0.37379226, 0.02628796, 0.00555401, 0.0799499 ],
       [0.55646305, 0.31362526, 0.02256481, 0.01619998, 0.09114689],
       [0.00637404, 0.13024168, 0.45337578, 0.08859911, 0.32140939],
       [0.17966825, 0.04557815, 0.39649665, 0.31021634, 0.06804061],
       [0.06562924, 0.08599664, 0.21462891, 0.37411798, 0.25962723]])]
Estimated R: [array([[1.76796217e-03, 2.51458742e-01, 5.39935229e-01, 1.29162413e-02,
        1.60088746e-03],
       [3.43173165e-04, 1.03922624e-02, 1.38020583e-02, 1.52675428e-02,
        4.60729288e-01],
       [9.94317821e-02, 6.98031144e-01, 1.34433097e-01, 1.32778901e-02,
        1.95017472e-02],
       [7.46862311e-03, 9.10731045e-03, 1.91413627e-01, 4.59729929e-01,
        4.67235772e-01],
       [5.82843559e-01, 2.70076137e-02, 1.05428252e-01, 1.25199652e-03,
        9.46870592e-03],
       [1.46666823e-03, 1.01556596e-03, 1.13229975e-02, 4.94896558e-01,
        3.87111325e-02],
       [3.06678232e-01, 2.98736150e-03, 3.66473921e-03, 2.65984225e-03,
        2.75246629e-03]]), array([[1.22112122e-01, 2.34355757e-01, 5.30656280e-02, 1.74378023e-02,
        5.71940163e-02],
       [1.23082596e-01, 5.42968655e-02, 5.92935668e-03, 2.65544475e-01,
        9.55844110e-02],
       [5.14973185e-01, 4.09327916e-01, 2.55516780e-02, 1.72349735e-02,
        7.08728211e-03],
       [6.86112665e-02, 2.36354012e-02, 3.41508707e-03, 3.92022194e-01,
        6.23821683e-01],
       [1.09163250e-01, 2.66688870e-01, 4.95502524e-01, 2.21105103e-03,
        1.50181186e-02],
       [4.56916962e-02, 1.15275473e-02, 4.68494857e-03, 3.02619080e-01,
        2.00924316e-01],
       [1.63658843e-02, 1.67643253e-04, 4.11850778e-01, 2.93042408e-03,
        3.70173780e-04]]), array([[5.47331817e-04, 2.70274549e-02, 2.17420868e-01, 8.92883850e-02,
        1.20007867e-01],
       [2.67717878e-01, 2.31618801e-02, 2.26671891e-03, 5.45359371e-02,
        4.73607617e-02],
       [6.32160742e-04, 5.94007191e-02, 4.85679670e-01, 1.09276313e-01,
        1.03223152e-01],
       [1.83042537e-01, 2.38862485e-01, 3.80118687e-03, 4.75378589e-01,
        5.39995790e-01],
       [2.52131062e-01, 1.39830376e-02, 2.85197013e-01, 8.46960448e-02,
        8.29566022e-02],
       [5.66332938e-04, 6.25026666e-01, 2.32137445e-03, 1.71509245e-01,
        9.34910654e-02],
       [2.95362697e-01, 1.25377579e-02, 3.31316844e-03, 1.53154859e-02,
        1.29647611e-02]]), array([[5.22819555e-02, 2.81983308e-01, 9.51362389e-03, 1.15951275e-03,
        2.55760741e-02],
       [7.37067274e-02, 1.66975932e-02, 4.83967800e-02, 1.10733197e-01,
        2.51132658e-01],
       [4.57189396e-02, 5.71470480e-01, 3.97407875e-02, 1.42334106e-03,
        2.62622538e-02],
       [7.31515254e-02, 3.80000526e-03, 3.45314535e-02, 3.22784726e-01,
        5.74816754e-01],
       [6.14558326e-01, 1.11857583e-01, 4.67112887e-01, 3.18222934e-02,
        5.73097847e-03],
       [1.50528705e-02, 2.95879408e-03, 5.41266925e-02, 4.88411839e-01,
        1.16402621e-01],
       [1.25529656e-01, 1.12322362e-02, 3.46577775e-01, 4.36650902e-02,
        7.86617477e-05]]), array([[0.06529941, 0.20184093, 0.18608454, 0.04627972, 0.14690752],
       [0.19209886, 0.35542285, 0.13943669, 0.02410345, 0.0092749 ],
       [0.04310934, 0.13689519, 0.02626152, 0.36949939, 0.31861034],
       [0.54534366, 0.00948258, 0.21201782, 0.00885522, 0.00385764],
       [0.01964509, 0.16070437, 0.026272  , 0.33538714, 0.36962369],
       [0.12654461, 0.10715032, 0.4073676 , 0.00516851, 0.00172426],
       [0.00795903, 0.02850375, 0.00255982, 0.21070657, 0.15000166]]), array([[8.07109272e-03, 3.22643826e-02, 1.29371414e-01, 2.52600451e-01,
        1.45626784e-02],
       [2.83884068e-01, 2.37827149e-01, 1.23960347e-03, 1.04391348e-01,
        2.39286445e-02],
       [1.47194943e-04, 2.32004076e-02, 3.33870933e-01, 2.74178929e-01,
        2.25551309e-02],
       [3.49519810e-01, 4.07052916e-01, 2.50405961e-03, 1.13699314e-01,
        8.86618372e-01],
       [1.55986192e-02, 5.67391950e-02, 3.68047243e-01, 9.86857748e-02,
        1.75149570e-02],
       [3.37990223e-01, 2.15283707e-01, 1.71732412e-04, 5.06623090e-02,
        1.97117824e-02],
       [4.78899206e-03, 2.76322435e-02, 1.64795015e-01, 1.05781874e-01,
        1.51084346e-02]]), array([[0.34405523, 0.00334443, 0.01674949, 0.03147412, 0.03794094],
       [0.09556393, 0.00805661, 0.27402757, 0.07130942, 0.07532892],
       [0.5192517 , 0.00772643, 0.26459996, 0.08981337, 0.05516865],
       [0.01328278, 0.10999343, 0.17044165, 0.28473498, 0.4458185 ],
       [0.02164363, 0.3296088 , 0.15437552, 0.16620025, 0.33923881],
       [0.00129868, 0.33141582, 0.11180862, 0.03691307, 0.03146042],
       [0.00490406, 0.20985448, 0.00799719, 0.31955481, 0.01504376]]), array([[1.32173946e-03, 8.01109528e-02, 2.24391658e-01, 4.57157999e-02,
        5.97768641e-02],
       [2.61702262e-01, 3.29740076e-02, 8.63177021e-04, 6.11323372e-02,
        8.34114705e-02],
       [5.50899790e-06, 1.14760578e-01, 4.47043507e-01, 1.61375792e-01,
        6.23263775e-02],
       [4.68053880e-01, 2.15006790e-01, 5.52449988e-04, 4.42972998e-02,
        2.54127831e-01],
       [2.03774741e-03, 2.30706210e-01, 2.87709696e-01, 4.57715509e-01,
        1.47460503e-01],
       [2.65217272e-01, 7.25861185e-02, 3.45059460e-03, 5.89814796e-02,
        2.44637895e-02],
       [1.66159103e-03, 2.53855342e-01, 3.59889164e-02, 1.70781782e-01,
        3.68433164e-01]]), array([[0.00470684, 0.04840829, 0.0180765 , 0.13019931, 0.5517339 ],
       [0.04735   , 0.0066567 , 0.58286162, 0.00163873, 0.06448351],
       [0.02174155, 0.47143321, 0.02598055, 0.18833124, 0.15201784],
       [0.51312159, 0.01143475, 0.35833533, 0.00765328, 0.07218266],
       [0.03956546, 0.20877131, 0.00221242, 0.60457902, 0.09084902],
       [0.36060659, 0.00431229, 0.00216502, 0.0040404 , 0.00146829],
       [0.01290797, 0.24898345, 0.01036856, 0.06355802, 0.06726477]]), array([[1.22348329e-01, 2.02377206e-01, 4.68718827e-04, 6.78608690e-02,
        3.71833057e-02],
       [9.55174106e-03, 2.27452166e-02, 2.95994039e-01, 2.88208292e-01,
        7.12188774e-02],
       [5.02503279e-01, 5.27056592e-02, 1.36999147e-02, 2.54292413e-02,
        9.30327941e-02],
       [2.04898834e-02, 4.88657620e-03, 3.10504947e-01, 3.96764303e-01,
        6.49965577e-01],
       [9.26813941e-02, 6.30567558e-01, 4.45388699e-02, 1.36471834e-02,
        5.01769935e-02],
       [3.40843547e-03, 3.67059265e-02, 3.29091514e-01, 2.07986134e-01,
        9.15367052e-02],
       [2.49016938e-01, 5.00118574e-02, 5.70199685e-03, 1.03977098e-04,
        6.88574670e-03]])]

Total NMI: [[0.2986099794252877, 0.3680217565416988, 0.4165484406128003, 0.44653206827545683, 0.47090331669949, 0.4934041943431805, 0.5112725960068631, 0.5264670982339705, 0.542271393589133, 0.5516252906050193, 0.5626834427857639, 0.5726952310683106, 0.579279257382172, 0.5859115111150355, 0.5922476087589279, 0.5999514465803001, 0.6062443342644099, 0.6093908596695577, 0.6129939587274289, 0.6136066341108851, 0.6178591969011372, 0.6224340407966575, 0.6244930187260704, 0.628767638680698, 0.6307045623979742, 0.6348031506827679, 0.6352060877791584, 0.6369020933511451, 0.6380016071243921, 0.6404868721462584, 0.643151197394205, 0.642324226758654, 0.642638532246985, 0.6471187246201378, 0.6530972917566, 0.6544984814834964, 0.6522922207739154, 0.6558441369188991, 0.6574617675554776, 0.6558847438394946, 0.6551904985176269, 0.6569043800436897, 0.6591877967625022, 0.6621007593450756, 0.6634272434034931, 0.665410846637581, 0.6681341105339472, 0.6670351658672743, 0.6680917893930715, 0.6699090279599943, 0.6665844609329833, 0.667099762292079, 0.6683491297750223, 0.6704254716771414, 0.6727260726497102, 0.6742750708354299, 0.6763544991607418, 0.6770534205269019, 0.6761464033626055, 0.67518220665927, 0.6742388023281953, 0.6753398014179313, 0.6790094075556042, 0.6777564446790155, 0.6763309203273011, 0.6779596725475407, 0.6802680493112624, 0.6777790861803582, 0.6815523419019046, 0.6800498458255293, 0.6758689852909754, 0.6785347502927714, 0.6806507947055056, 0.6817401930156732, 0.6835290043303268, 0.6860869538886064, 0.685862451931583, 0.6860395834866057, 0.6850700441627872, 0.6803693514774448, 0.6807896503744255, 0.6836114961580252, 0.6847208874475106, 0.6838754609652656, 0.6879900755021474, 0.6851307369849249, 0.6889848195610319, 0.6865943865766698, 0.687540933319226, 0.6897212255403914, 0.6913533083606105, 0.6930972969128979, 0.6898890518398523, 0.6882433916449284, 0.6889263212553741, 0.6922272572792345, 0.6919122293507615, 0.6892519420201699, 0.6920849431748277, 0.6928835511090194], [0.2296331078662886, 0.2578578218223162, 0.2875961521553563, 0.30720156511769087, 0.3234371401523715, 0.3366157631085062, 0.35302902547047854, 0.36974079898695844, 0.3795551895367131, 0.3917790617317275, 0.3984206587811922, 0.4067283246800183, 0.40878803493724586, 0.41287159296876935, 0.42363376759392074, 0.4270537600058044, 0.43185356583925905, 0.4388842737271471, 0.44152179657918594, 0.4481786468983025, 0.45111314631305566, 0.45569184254831535, 0.46393231720454414, 0.4596709928524136, 0.4647703739776277, 0.4709425871432458, 0.4715264399125973, 0.474427687536042, 0.47453677165797303, 0.47965031636330013, 0.48345656902425616, 0.4832195451670665, 0.4861056504815728, 0.4882957178874702, 0.4908139350116341, 0.4925018374423325, 0.4924395322722251, 0.49498584404794455, 0.5004942125897925, 0.4981039696994415, 0.5005616814529137, 0.5065525274475808, 0.504887403093082, 0.5083924511942723, 0.5111191293942808, 0.5107115507310483, 0.5098121341745068, 0.5149514566202689, 0.5174815040821051, 0.5174353938031389, 0.5182903221219327, 0.518975030665988, 0.5223395989122072, 0.5240857402012102, 0.5253548292728968, 0.5247333899424114, 0.5291049571636278, 0.5276765673721008, 0.5315759333980797, 0.5310617830085383, 0.5354307633430745, 0.5348474621534257, 0.5340065659772236, 0.5336103600429628, 0.5354289468842082, 0.5356180943539186, 0.5393204849512825, 0.5358224471314363, 0.5358674261592984, 0.540277430994863, 0.541719058660748, 0.5421202839146639, 0.5424764880934791, 0.5441185870008617, 0.5434190110086338, 0.5475905511372169, 0.5448392147993962, 0.542923001337937, 0.5438065038307899, 0.5475007559279439, 0.5483852922350158, 0.5470865200643116, 0.5461442141507575, 0.5494199536557325, 0.5504749554097721, 0.5509451624572684, 0.5532767427266497, 0.5499671450488218, 0.5520636048112617, 0.5533058775150788, 0.5555601784966271, 0.5572545659569875, 0.5541609680486459, 0.5530203639572989, 0.557427972888585, 0.5542325222246675, 0.5570818674757789, 0.5576787987626853, 0.5538429891997652, 0.5570459648450314], [0.18297738372754105, 0.22087376417752172, 0.25219292210960215, 0.27689533566197017, 0.29661747544741074, 0.3143971411752815, 0.3317981456289417, 0.35070543214638883, 0.3618243455183086, 0.37581120415906644, 0.38994240348660286, 0.4003427047756617, 0.4104535070126331, 0.4177049064565541, 0.4281949413359443, 0.43334084266452283, 0.4418497874131567, 0.4504097892034697, 0.45675845537409093, 0.4600993910678253, 0.4683557913414884, 0.47243063162278265, 0.4768595009978921, 0.4819553863185888, 0.48793349070237513, 0.49308694980064083, 0.49508107713419736, 0.4988302322705201, 0.506294133990839, 0.5050924121089395, 0.5080875422436906, 0.5108479907538804, 0.509431242277003, 0.509543775432877, 0.5139281871802267, 0.5192802633406476, 0.5193219388476212, 0.5254565545703526, 0.5280356341418212, 0.5259919295782288, 0.5248536847671574, 0.5289616215446936, 0.534207034231437, 0.5301391558973552, 0.5331744185616022, 0.5368724987737733, 0.5354858244238115, 0.531203388557132, 0.5375721353328538, 0.5366599573620716, 0.5380436778412881, 0.5397822686954682, 0.5419220469909728, 0.5449086196118887, 0.5455210315336164, 0.5436993840949071, 0.5471695839821283, 0.5453120759858586, 0.5447430772946421, 0.5468509162209971, 0.5500090882173487, 0.549140028351625, 0.551410755040897, 0.5527030456563499, 0.55341295454401, 0.5544882399330663, 0.553488690533791, 0.5551146931301074, 0.5522686463022743, 0.5558023091647383, 0.5566875771613371, 0.5529693114262311, 0.555501717805083, 0.5587071552049777, 0.55883315234285, 0.5605077464074344, 0.5609125756401477, 0.5598036951360711, 0.5573941228074135, 0.5585858085968574, 0.5590400866876163, 0.5613837203905927, 0.5618912119339741, 0.5630552947262124, 0.5592995910794689, 0.5633192610985265, 0.5614390915869466, 0.5628399049306284, 0.5630906599145459, 0.5628538749361771, 0.5643858849278001, 0.5642306450047029, 0.5670916421618728, 0.5642420644364333, 0.5630615011321565, 0.5662416296727404, 0.5686208242322509, 0.5644293074103042, 0.565115611205227, 0.5642773512462029], [0.1891508333041644, 0.20326953897550432, 0.21827931888685848, 0.23412473634914843, 0.2492165047842141, 0.2663686503915992, 0.280577865393043, 0.2947792377825457, 0.3131420904801205, 0.3250126575510204, 0.3383036179346085, 0.35308632387047045, 0.3644670155929114, 0.3743365144016002, 0.38455837611110144, 0.393326172157733, 0.40213210324764115, 0.4098493024821664, 0.41967028664904166, 0.4255067456601836, 0.43354492579922166, 0.4404217094884314, 0.44438379370953784, 0.44859022290265904, 0.45633332648852254, 0.4627029515983849, 0.4639325989424721, 0.4725437128667263, 0.47519213610289895, 0.4759758899677056, 0.48484711602902286, 0.4884506698869388, 0.4924406962432847, 0.4941817916676951, 0.4959978158522464, 0.5024026966117027, 0.5013342575151093, 0.5048323433871598, 0.5096434420145517, 0.5122327301236455, 0.513166272795438, 0.5135534377198553, 0.5156968834145942, 0.5195559054181458, 0.5215599793050651, 0.5225935116131729, 0.5222834456465741, 0.526554051430309, 0.528969323149941, 0.5297404544506731, 0.5311240367578459, 0.5315510643125049, 0.5336756883687607, 0.5367067953096901, 0.540709009527551, 0.5395477889535965, 0.5401569034602917, 0.5395321359358389, 0.5394167055567358, 0.5416474732260194, 0.5467450199414041, 0.5464112181767632, 0.5499950905897196, 0.5504357086008193, 0.5521700300608765, 0.5504607676972025, 0.5508899553535649, 0.552823802209287, 0.550893305824735, 0.5534509473410784, 0.5525821223550675, 0.558414330548651, 0.5594531563865037, 0.5607377284201974, 0.5656617867951241, 0.562370603631808, 0.5628789685021445, 0.5635223416676178, 0.5649866561116222, 0.5680011285797814, 0.5663741984460953, 0.5657460554003165, 0.5688743614843788, 0.5684821990577636, 0.5697196455918297, 0.5678462213388406, 0.5701251110189499, 0.5667303196518145, 0.5682611795996005, 0.5708219200086572, 0.5690308851331617, 0.5716463015140872, 0.5702336429485928, 0.5733493846413392, 0.5757873626960914, 0.5767166980725457, 0.578389311820818, 0.5774761821320397, 0.5743627795370166, 0.5758247534601243], [0.1681088882550113, 0.18234861646056313, 0.1957913108176814, 0.21359967501171975, 0.22615379992700313, 0.24204021113779828, 0.2532137699401441, 0.2665099092961764, 0.2776841190268031, 0.2860517241282732, 0.292819822100673, 0.29793875004538356, 0.30422463766056457, 0.3100145614896993, 0.31684893177207574, 0.3200112444465662, 0.3242951071113984, 0.32995071814993954, 0.33452385963862846, 0.33781007883422937, 0.33719835883878685, 0.3429165338043986, 0.34592140507980906, 0.3454103728164027, 0.34815600485180115, 0.35128336478012184, 0.35298693230669687, 0.3565295797665575, 0.3553855532458131, 0.3569797262098761, 0.3607923769140444, 0.3644861746368961, 0.3666937486484715, 0.3638851120628773, 0.3674788817054958, 0.3689169392441003, 0.3680844488408608, 0.3713063869309263, 0.37067532138031006, 0.3703169334879961, 0.3734278442985401, 0.377944748595751, 0.37667391773029196, 0.3733837096982594, 0.3771764136399003, 0.3779971474054829, 0.3795544998034666, 0.3788024130992865, 0.38123698684290896, 0.3835752991452502, 0.38575594747244046, 0.38546903079861367, 0.384967510997649, 0.3859612348351506, 0.38764086070793835, 0.38894662724331275, 0.38951753517273674, 0.39545725259459824, 0.3904706062352236, 0.3906401317527428, 0.39064156328133776, 0.39035244342694037, 0.39331236532893865, 0.3924591423937192, 0.3939203922132245, 0.3929846919028388, 0.3960669940408044, 0.39931727861328237, 0.39653248801319974, 0.39654455745411643, 0.4000948181450612, 0.3978734708025825, 0.39942439587208095, 0.3985758450689881, 0.39829890801833695, 0.4005807671051675, 0.39948461939215774, 0.4020501626250206, 0.39886265887150013, 0.4027576189790402, 0.4037191231852975, 0.4006357160802743, 0.40076625835141105, 0.40203820971304144, 0.4018456253029786, 0.4046464882146496, 0.404480289814071, 0.40451031257410247, 0.40542370646739206, 0.40486922190059044, 0.40502012187681363, 0.4089952022262069, 0.4086102742224408, 0.40585086469852294, 0.4083925421287003, 0.4077803412771681, 0.40848990443282207, 0.40778471826609275, 0.4112066098565972, 0.4094502048827811], [0.13241442885721452, 0.17305192901809066, 0.20819202203709475, 0.2416887359191248, 0.27012114089116385, 0.2912908887356596, 0.3083079272476448, 0.32518126426536315, 0.34053106238048386, 0.3536696011048688, 0.36543601307894574, 0.376348254923229, 0.37941207323190335, 0.38894515971761695, 0.3978703584547892, 0.4006108743835741, 0.40797255777144104, 0.41096344496727877, 0.41597160601111643, 0.4196213265760138, 0.4262682848650637, 0.4237899418299211, 0.42575775000524513, 0.4285856057069804, 0.43369467577347387, 0.43450992736115335, 0.43416377605834383, 0.4387707756115157, 0.4394354899136808, 0.4427347281077553, 0.44269292260252685, 0.4458314870870807, 0.4484191537534556, 0.44666485731357547, 0.45186590424335843, 0.4531351515775488, 0.45175672576444853, 0.45335885941055515, 0.45666452106764355, 0.45657812441088524, 0.457640826399484, 0.45561147284615305, 0.4563729396028384, 0.4564849813597162, 0.4584907590071158, 0.45996697546799475, 0.4617424099514569, 0.46022395724394694, 0.462712368330161, 0.46354539469395234, 0.4675911023144385, 0.4630831983405896, 0.4648817253649216, 0.4682561524577767, 0.46660596736909854, 0.4669386401873542, 0.4651153546609071, 0.4687433296266814, 0.4696209786644365, 0.46892276061558535, 0.471020101945009, 0.46902895012187457, 0.4685235435676978, 0.47029664317501557, 0.47332691347043154, 0.47166881419351825, 0.4713392959529148, 0.47370274669838575, 0.47380693239195903, 0.4748046261544142, 0.47638191353636633, 0.47650835372127337, 0.47599561275385577, 0.47365356067282594, 0.4728762081850647, 0.475861441072741, 0.4767329554534586, 0.47593205959881474, 0.47287468678067074, 0.4782346316714276, 0.4787473563511854, 0.47782235918611254, 0.4785411017094669, 0.47915507171564703, 0.48028940808825754, 0.4794910489190283, 0.48033672504270924, 0.4776449083506392, 0.48156476043960006, 0.4801459518481465, 0.4832614535120358, 0.48140767089989994, 0.4810458272110976, 0.47997938690417447, 0.4799222628962598, 0.48224369663407407, 0.48191422728589595, 0.4819505618551488, 0.4829920087798462, 0.48427558249671365], [0.1480334294977745, 0.1659538907063496, 0.17994306955781222, 0.19402001672776897, 0.2068151598294668, 0.21842356691633313, 0.22811759042590998, 0.23912163535444042, 0.24914836169079657, 0.2569930138711424, 0.26672936645109613, 0.26989511685426676, 0.27956286560729027, 0.2842564743157479, 0.28995521950953773, 0.2951602910588308, 0.3007754612464083, 0.30593226113311406, 0.30761244385624376, 0.3162656562337134, 0.3150904593425725, 0.3144495595584621, 0.3184557340202481, 0.32114870779620913, 0.3269346392366605, 0.3285430171680095, 0.3308815843544528, 0.33091864485089884, 0.334179284042305, 0.33748286018207957, 0.33703276117183895, 0.34180361548889754, 0.34163171174502416, 0.34467450554200646, 0.34362351374484407, 0.34568544013334923, 0.3469995267108046, 0.3487516852648025, 0.35075544478426596, 0.3493413975935963, 0.347855002962069, 0.35114852586373513, 0.350089380341999, 0.35341012135724487, 0.35227353060717936, 0.35326898886761765, 0.3578842149762091, 0.357045678749226, 0.3604997874403469, 0.35720300135808025, 0.3589078779888304, 0.3585738725348691, 0.359155971549408, 0.3621335044538164, 0.36276088189935113, 0.3655320535822953, 0.36436753174688186, 0.3671980428119164, 0.3677315841762386, 0.3685910100570664, 0.3679225459732822, 0.371035302984128, 0.36853737234175615, 0.3703851128011988, 0.37426563563972753, 0.3702018645540771, 0.371603603139238, 0.37331312983935994, 0.3748092000917415, 0.3726750955658512, 0.37249156619479074, 0.3755050099179184, 0.37393368394094884, 0.3759020642062871, 0.37734965931998354, 0.3765931316692321, 0.37886011657653895, 0.38086125304387775, 0.3771811449819309, 0.37919131946270324, 0.3806401220231837, 0.3796880921094779, 0.38087205347065384, 0.3843465345956778, 0.3840953321942553, 0.3856897284750601, 0.38697629260603833, 0.38801862579468166, 0.38669265967570626, 0.38448797174977434, 0.38528269942164456, 0.3829517304473684, 0.3839565553432919, 0.38718731064190415, 0.3865287727258647, 0.39055063834028736, 0.38834488060403727, 0.38642802767513396, 0.3885570249128716, 0.39019937299739327], [0.13789448663246634, 0.1560423859913812, 0.18682808188166733, 0.21061326889394916, 0.23702813424685454, 0.257251240237011, 0.28278720582220296, 0.30460651649625087, 0.3194488024745792, 0.3324982844985677, 0.34600031577260915, 0.35762047215553217, 0.3706423368388878, 0.37916493190614436, 0.3863155939738928, 0.39142961904602125, 0.40093871605139886, 0.4038512203427944, 0.4104827511639461, 0.41454687595589673, 0.4197981147820708, 0.42355665568850065, 0.42711086543594845, 0.4317179461912149, 0.4345652514817745, 0.4386297330287922, 0.43892645007980297, 0.4416494435947558, 0.443572991008877, 0.44621928513334647, 0.448330167783905, 0.4506207668968861, 0.45144940151741203, 0.45463869940406354, 0.4540112255745077, 0.4556544584482138, 0.4564907228343644, 0.45908623916377084, 0.46268799780488323, 0.46381948700204656, 0.46270463756495983, 0.46418141384181794, 0.4633074902135419, 0.4665266564209995, 0.46919591930983123, 0.47012738144030314, 0.4734528682092666, 0.4729790712521967, 0.47397745417658177, 0.4755002726102816, 0.47363039447290767, 0.47281790573368515, 0.47271307793619666, 0.47749675542115116, 0.4821754018056753, 0.48148143917390823, 0.47995118125474073, 0.4801059690490232, 0.4792382385735754, 0.4821551098889406, 0.47983794697970517, 0.4823262862103695, 0.48531117029081533, 0.4855291293448282, 0.4838860422861888, 0.48899289137369867, 0.48924422503321324, 0.4870828763065133, 0.48940281126259655, 0.4862911601489636, 0.4877433045914421, 0.4933367684590718, 0.4908692772769847, 0.4918049613504197, 0.4904717974756906, 0.4930133302171856, 0.48999697713424556, 0.49369823196544826, 0.4931668534824832, 0.4986059782840237, 0.49569015391008603, 0.49259223606132074, 0.49310126480008276, 0.4919021630133662, 0.49192709688562003, 0.4970560154048579, 0.49495427111615137, 0.49568268300925383, 0.5003916018588396, 0.500520383483048, 0.4997969153669913, 0.4991448871893709, 0.49710387406273354, 0.4956989893868463, 0.4975814646787379, 0.4985083177825936, 0.4997580373509933, 0.5005211122340321, 0.4993646246452119, 0.5010982571173933], [0.16022111858725685, 0.19794100424502445, 0.23210855977099334, 0.2591345061016904, 0.28806044214620957, 0.3150043285358415, 0.3330397164856386, 0.35539321053224704, 0.3679040777767743, 0.38212124114322044, 0.3954717532703129, 0.4064572308351347, 0.4162891663887655, 0.4210878585590674, 0.4315950340586087, 0.4370555714275346, 0.4390116382209564, 0.4486677217139098, 0.45112936569063894, 0.4580620022168901, 0.46326220405546026, 0.46725475340279676, 0.4684370459080616, 0.4691526153305408, 0.4790505550012085, 0.48028000087651856, 0.4821735952393536, 0.48483857930224566, 0.488135007518789, 0.49051690890413785, 0.4903384249246718, 0.48963158043203703, 0.4923071282910971, 0.49684757058149376, 0.49649118101186107, 0.500801011005066, 0.5032761045918115, 0.504335523795423, 0.5074937418369797, 0.5089326774628075, 0.5120942821549697, 0.5100712939045414, 0.5121950426599222, 0.5158858839098075, 0.5184927231403045, 0.5195792648310069, 0.5171321895159002, 0.5213820330268865, 0.5226490247086428, 0.5235477239256929, 0.5230230284004157, 0.5220134812202057, 0.5251296863750464, 0.5262884852589542, 0.5266598495580024, 0.5259127576840426, 0.5323464675475368, 0.5311137222497727, 0.529913345243257, 0.5340172446695447, 0.533284219293433, 0.5363807592979086, 0.535136545220712, 0.5361094342852114, 0.536944940037318, 0.5369160988786286, 0.5381520423045899, 0.5398378915607966, 0.5393339984546754, 0.5409041408827683, 0.5420075921881009, 0.5429415580863992, 0.5477443652077606, 0.5436203490423647, 0.5432282109228407, 0.5413728174917942, 0.5426615639931393, 0.5456109075420018, 0.5454004077942473, 0.5470745687747769, 0.5469719544187478, 0.5463223869845193, 0.5456613754164032, 0.5472479685747919, 0.5493125063318203, 0.5502313111119947, 0.5509493794117054, 0.5488299078073186, 0.5541646039229544, 0.5531094499500547, 0.5544820239759726, 0.5557052547844735, 0.551904693773335, 0.5534062401219959, 0.5572795336410732, 0.5574930606176527, 0.5562079647194564, 0.5559693386248551, 0.5565258757749193, 0.5569315627819682], [0.1277917248692538, 0.13213261839868312, 0.14001289141845366, 0.1478589393086369, 0.15610833362522525, 0.16118724945445262, 0.17207053253343382, 0.18509075102802372, 0.19565897778782929, 0.2060507995266715, 0.2170991737025814, 0.22654282723852642, 0.2341504275452114, 0.24795021035336207, 0.2534571374713155, 0.26513217979905374, 0.27041223404837517, 0.2768652469924557, 0.28372683141417643, 0.2897738602173534, 0.29788220344731264, 0.3005306031730239, 0.3065169247516976, 0.3140916814730604, 0.316056610383863, 0.31839230104343996, 0.32102116738299863, 0.32846220838800816, 0.3301236094974453, 0.33279928432533495, 0.3370095634903043, 0.33963429401930917, 0.34305931618537644, 0.3490238015465026, 0.3508448620342274, 0.3518465858417452, 0.352735654058326, 0.3559227385971284, 0.3554022472632962, 0.3593686249684577, 0.36052542152748335, 0.3617530230959792, 0.36538193717568446, 0.36544468094213106, 0.3668056981462758, 0.3674659418891471, 0.3683685607330087, 0.37395869494419576, 0.3723267469844113, 0.3748697755718657, 0.3770981454549833, 0.3737187669835204, 0.37620032153306776, 0.37755026298962785, 0.3780970289350128, 0.37718145116757584, 0.37810013192878505, 0.38119023176648253, 0.38272017814382137, 0.38663978691051326, 0.3859676387167409, 0.38879208234422213, 0.38566080775355344, 0.38833459980734086, 0.3880742018987215, 0.38628430343628956, 0.3888338303070907, 0.3919150059123425, 0.3905207154959947, 0.3912532703114616, 0.3912067961438939, 0.39247307265212134, 0.3943267400192498, 0.39611148056998463, 0.3975579887554308, 0.39841998652658545, 0.39551252425345856, 0.39495553094350583, 0.39693592881233797, 0.396531595237898, 0.3991914163824931, 0.39872323278348665, 0.3965538296931246, 0.3983152410172667, 0.4011482454521996, 0.4007240566016187, 0.398669746988982, 0.4011245153848499, 0.4020620132817466, 0.4028024003729512, 0.4039526016406974, 0.4036768862799839, 0.4044279958400452, 0.4032349538757281, 0.4029987333594099, 0.4022341104617785, 0.4049897994616178, 0.40532935501890416, 0.4030529463681752, 0.4047208999240691]]
Total Percentage: [[63.815999999999995, 68.42099999999999, 71.421, 73.212, 74.72, 76.015, 77.074, 77.875, 78.69800000000001, 79.093, 79.74, 80.212, 80.634, 80.971, 81.322, 81.674, 82.06400000000001, 82.15, 82.41199999999999, 82.387, 82.674, 82.93599999999999, 82.891, 83.085, 83.243, 83.485, 83.486, 83.56700000000001, 83.625, 83.79299999999999, 83.929, 83.828, 83.801, 84.113, 84.325, 84.385, 84.333, 84.46000000000001, 84.592, 84.41199999999999, 84.382, 84.504, 84.553, 84.78, 84.84, 84.925, 85.117, 84.992, 85.119, 85.16, 84.988, 85.024, 84.981, 85.109, 85.247, 85.304, 85.436, 85.402, 85.366, 85.339, 85.22999999999999, 85.351, 85.49799999999999, 85.473, 85.402, 85.434, 85.592, 85.469, 85.601, 85.485, 85.29299999999999, 85.492, 85.638, 85.611, 85.74000000000001, 85.848, 85.799, 85.794, 85.833, 85.524, 85.61, 85.69600000000001, 85.721, 85.717, 85.841, 85.72800000000001, 85.912, 85.741, 85.785, 86.016, 85.993, 86.157, 86.014, 85.885, 85.902, 85.914, 86.04, 85.859, 86.063, 86.06099999999999], [58.053999999999995, 60.202999999999996, 62.263999999999996, 63.404, 64.25999999999999, 65.04299999999999, 66.095, 67.08, 67.72500000000001, 68.474, 68.746, 69.21000000000001, 69.207, 69.525, 70.19800000000001, 70.358, 70.453, 70.91499999999999, 71.071, 71.296, 71.55, 71.814, 72.21499999999999, 71.771, 72.027, 72.514, 72.589, 72.796, 72.578, 72.884, 72.995, 72.904, 73.104, 73.11999999999999, 73.354, 73.495, 73.417, 73.56, 73.8, 73.564, 73.642, 74.041, 73.952, 73.98, 74.212, 74.18599999999999, 74.00099999999999, 74.354, 74.411, 74.44, 74.288, 74.556, 74.657, 74.74, 74.715, 74.771, 75.054, 74.844, 75.28, 74.96300000000001, 75.312, 75.394, 75.217, 74.947, 75.165, 75.11, 75.369, 75.158, 75.157, 75.42999999999999, 75.497, 75.371, 75.52499999999999, 75.641, 75.626, 75.871, 75.587, 75.44999999999999, 75.556, 75.697, 75.685, 75.61099999999999, 75.442, 75.783, 75.908, 75.742, 76.007, 75.625, 75.81, 75.934, 75.971, 76.087, 76.012, 75.872, 76.107, 75.942, 76.076, 76.075, 75.735, 75.863], [52.905, 55.874, 58.298, 60.236999999999995, 61.665000000000006, 63.1, 64.474, 65.927, 66.667, 67.848, 68.837, 69.583, 70.426, 70.963, 71.718, 72.122, 72.69099999999999, 73.30499999999999, 73.652, 73.921, 74.42, 74.714, 75.069, 75.362, 75.889, 76.18700000000001, 76.334, 76.593, 77.029, 77.058, 77.178, 77.256, 77.157, 77.201, 77.436, 77.81700000000001, 77.824, 78.218, 78.411, 78.38000000000001, 78.192, 78.30799999999999, 78.55799999999999, 78.427, 78.584, 78.869, 78.794, 78.507, 78.801, 78.862, 78.931, 79.022, 79.243, 79.24, 79.186, 79.118, 79.28500000000001, 79.11, 79.28, 79.345, 79.54, 79.31700000000001, 79.515, 79.679, 79.688, 79.7, 79.694, 79.876, 79.73599999999999, 79.706, 80.003, 79.789, 79.764, 80.024, 79.99000000000001, 80.154, 80.196, 80.12700000000001, 79.798, 79.943, 80.101, 80.099, 79.947, 80.252, 79.884, 80.266, 80.074, 80.187, 80.116, 80.131, 80.154, 80.232, 80.366, 80.221, 80.107, 80.343, 80.487, 80.17, 80.363, 80.27499999999999], [54.931, 55.947, 57.099, 58.370999999999995, 59.535000000000004, 60.526, 61.58, 62.61, 63.9, 64.627, 65.455, 66.419, 67.101, 67.705, 68.278, 68.78699999999999, 69.261, 69.73700000000001, 70.462, 70.709, 71.087, 71.66, 71.94500000000001, 72.056, 72.53500000000001, 72.866, 72.96000000000001, 73.519, 73.60900000000001, 73.61999999999999, 74.077, 74.355, 74.632, 74.70700000000001, 74.663, 75.154, 75.05, 75.24, 75.385, 75.668, 75.709, 75.82, 75.676, 75.886, 76.15899999999999, 76.144, 76.101, 76.366, 76.445, 76.47500000000001, 76.53, 76.619, 76.738, 76.927, 77.173, 77.074, 77.083, 76.996, 77.061, 77.09, 77.385, 77.438, 77.676, 77.62599999999999, 77.731, 77.687, 77.649, 77.592, 77.471, 77.762, 77.633, 77.884, 78.116, 78.276, 78.347, 78.298, 78.16, 78.16300000000001, 78.276, 78.438, 78.362, 78.39699999999999, 78.51599999999999, 78.577, 78.72, 78.473, 78.619, 78.417, 78.623, 78.708, 78.645, 78.721, 78.645, 78.692, 78.79, 78.90599999999999, 79.047, 78.886, 78.741, 78.778], [53.98, 54.565, 55.409, 56.107, 56.792, 57.63399999999999, 58.013000000000005, 58.607, 59.135000000000005, 59.559, 59.739, 59.933, 60.196000000000005, 60.425, 60.589999999999996, 60.948, 60.979000000000006, 61.112, 61.453, 61.653000000000006, 61.294000000000004, 62.024, 62.068999999999996, 61.73, 62.13999999999999, 62.399, 62.224999999999994, 62.397000000000006, 62.161, 62.202, 62.413, 62.559, 62.824999999999996, 62.47200000000001, 62.727999999999994, 62.953, 62.586, 62.805, 62.961999999999996, 62.734, 63.088, 63.54, 63.268, 62.966, 63.229, 63.115, 63.266999999999996, 63.244, 63.454, 63.312000000000005, 63.519000000000005, 63.532, 63.364, 63.549, 63.614000000000004, 63.92099999999999, 63.595, 64.048, 63.771, 63.595, 63.737, 63.756, 63.896, 63.746, 63.849000000000004, 63.99, 63.888999999999996, 64.037, 63.974, 63.88, 64.377, 63.980000000000004, 64.063, 64.172, 63.995000000000005, 63.944, 64.033, 64.297, 63.88399999999999, 64.252, 64.2, 63.922999999999995, 64.213, 64.209, 64.115, 64.333, 64.281, 64.39099999999999, 64.25800000000001, 64.276, 64.285, 64.591, 64.621, 64.281, 64.593, 64.565, 64.64999999999999, 64.57000000000001, 64.795, 64.571], [47.346, 51.20099999999999, 54.301, 57.193000000000005, 59.580999999999996, 61.451, 62.881, 64.364, 65.593, 66.46, 67.462, 68.31, 68.34599999999999, 69.186, 69.866, 69.917, 70.435, 70.794, 71.175, 71.38, 71.854, 71.688, 71.854, 72.101, 72.358, 72.419, 72.38, 72.67, 72.682, 72.944, 73.0, 73.19200000000001, 73.383, 73.28, 73.587, 73.735, 73.673, 73.648, 73.817, 73.845, 73.957, 73.75399999999999, 73.851, 73.687, 73.98599999999999, 74.092, 74.095, 74.071, 74.09400000000001, 74.25399999999999, 74.52600000000001, 74.15899999999999, 74.286, 74.482, 74.548, 74.49799999999999, 74.263, 74.59, 74.664, 74.644, 74.76899999999999, 74.605, 74.492, 74.636, 74.90299999999999, 74.82799999999999, 74.799, 74.90400000000001, 74.89, 74.98, 75.033, 75.022, 74.944, 74.806, 74.872, 75.034, 75.01400000000001, 74.837, 74.79, 75.086, 75.114, 75.061, 75.003, 75.125, 75.211, 75.155, 75.20700000000001, 74.982, 75.368, 75.226, 75.335, 75.188, 75.09, 75.076, 75.14, 75.179, 75.29299999999999, 75.241, 75.31, 75.409], [49.4, 50.868, 51.647, 52.684, 53.711, 54.479, 55.242000000000004, 56.07299999999999, 56.743, 57.092, 57.762, 58.08, 58.79, 59.050000000000004, 59.524, 59.775999999999996, 60.171, 60.563, 60.636, 61.370000000000005, 61.212, 61.056999999999995, 61.397999999999996, 61.468, 61.917, 62.182, 62.126000000000005, 62.197, 62.363, 62.568999999999996, 62.538000000000004, 62.946000000000005, 62.839999999999996, 63.053000000000004, 62.868, 63.012, 63.184, 63.296, 63.419000000000004, 63.27, 63.199000000000005, 63.331, 63.243, 63.653000000000006, 63.449999999999996, 63.493, 63.864, 63.942, 64.012, 63.743, 63.906, 63.742, 63.81099999999999, 64.061, 64.05199999999999, 64.29, 64.22, 64.337, 64.405, 64.459, 64.31099999999999, 64.652, 64.435, 64.441, 64.866, 64.47800000000001, 64.497, 64.90599999999999, 64.854, 64.539, 64.581, 64.925, 64.858, 64.9, 64.915, 65.08699999999999, 65.263, 65.289, 64.873, 65.093, 65.18599999999999, 65.179, 65.282, 65.563, 65.31400000000001, 65.467, 65.745, 65.813, 65.589, 65.45, 65.34, 65.214, 65.402, 65.47500000000001, 65.357, 65.671, 65.437, 65.383, 65.631, 65.66300000000001], [46.952, 48.288, 51.022, 53.093999999999994, 55.564, 57.449, 59.812, 61.751999999999995, 63.056, 64.19, 65.224, 66.27199999999999, 67.34700000000001, 67.98100000000001, 68.535, 68.915, 69.624, 69.781, 70.37299999999999, 70.722, 71.123, 71.265, 71.55799999999999, 71.881, 72.14399999999999, 72.481, 72.339, 72.48, 72.809, 72.844, 73.03, 73.341, 73.291, 73.41, 73.386, 73.464, 73.52300000000001, 73.827, 73.99, 74.10799999999999, 73.916, 74.074, 74.03699999999999, 74.205, 74.468, 74.459, 74.72, 74.636, 74.72, 74.82799999999999, 74.691, 74.522, 74.63300000000001, 74.954, 75.352, 75.09700000000001, 75.051, 74.947, 74.965, 75.138, 75.05199999999999, 75.168, 75.349, 75.295, 75.261, 75.52799999999999, 75.59700000000001, 75.48700000000001, 75.61, 75.387, 75.57199999999999, 75.931, 75.761, 75.689, 75.673, 75.90299999999999, 75.575, 75.82600000000001, 75.821, 76.225, 76.017, 75.80799999999999, 75.78, 75.729, 75.754, 76.058, 75.924, 75.882, 76.277, 76.401, 76.254, 76.161, 76.01299999999999, 75.882, 75.938, 76.146, 76.278, 76.283, 76.216, 76.32], [53.464999999999996, 57.324, 60.185, 62.32299999999999, 64.30799999999999, 66.11, 66.967, 68.27, 68.943, 69.792, 70.583, 71.032, 71.443, 71.607, 72.17099999999999, 72.416, 72.553, 72.89, 72.923, 73.276, 73.477, 73.60900000000001, 73.675, 73.63, 74.09599999999999, 74.022, 74.087, 74.37, 74.50099999999999, 74.577, 74.529, 74.432, 74.5, 74.74, 74.67200000000001, 74.874, 74.98, 74.967, 75.07000000000001, 75.20400000000001, 75.369, 75.189, 75.165, 75.334, 75.442, 75.509, 75.477, 75.712, 75.60900000000001, 75.723, 75.62100000000001, 75.546, 75.71, 75.775, 75.832, 75.759, 76.09700000000001, 76.011, 75.971, 76.129, 76.134, 76.249, 76.09, 76.216, 76.144, 76.09, 76.20400000000001, 76.437, 76.337, 76.29599999999999, 76.499, 76.507, 76.836, 76.393, 76.532, 76.28, 76.40299999999999, 76.584, 76.546, 76.645, 76.672, 76.574, 76.548, 76.605, 76.678, 76.689, 76.74499999999999, 76.614, 77.02, 76.88199999999999, 76.88000000000001, 76.89200000000001, 76.714, 76.75, 76.999, 77.084, 77.093, 76.923, 77.00399999999999, 76.895], [50.271, 50.666999999999994, 51.243, 51.834, 52.323, 52.654999999999994, 53.351000000000006, 54.166000000000004, 54.823, 55.41199999999999, 55.995, 56.638999999999996, 57.019, 57.87, 58.163, 58.812, 58.843, 58.961, 59.328, 59.787, 60.02499999999999, 60.166, 60.512, 60.870999999999995, 60.86, 60.897, 60.767, 61.278999999999996, 61.26200000000001, 61.441, 61.714999999999996, 61.716, 61.866, 62.226000000000006, 62.076, 62.217, 62.153999999999996, 62.507999999999996, 62.339999999999996, 62.382000000000005, 62.4, 62.486, 62.626000000000005, 62.586, 62.817, 62.611000000000004, 62.517999999999994, 62.995000000000005, 62.843, 63.002, 63.02100000000001, 62.778, 62.971, 62.922999999999995, 63.022999999999996, 62.849999999999994, 62.802, 62.973, 63.122, 63.260000000000005, 63.251999999999995, 63.382000000000005, 63.20099999999999, 63.395999999999994, 63.295, 63.20099999999999, 63.413, 63.708, 63.31099999999999, 63.363, 63.517999999999994, 63.28, 63.556000000000004, 63.604000000000006, 63.532999999999994, 63.654999999999994, 63.553000000000004, 63.402, 63.589, 63.552, 63.904, 63.783, 63.422, 63.559, 63.697, 63.702999999999996, 63.61599999999999, 63.751000000000005, 63.804, 63.749, 63.714999999999996, 63.818, 63.906, 63.763999999999996, 63.727000000000004, 63.601, 63.832, 63.805, 63.495999999999995, 63.580000000000005]]
Total Delta Gamma: [1.45190942 1.86541666 1.74452749 1.67783339 1.9621556  1.78342583
 1.65365214 1.90747586 1.50852301 1.75641792]
Total Delta R: [1.59922744 1.59394907 1.73564991 1.70512922 1.53326403 1.51725705
 1.43767839 1.45527315 1.63044191 1.59504255]
