Complexity increased keeping gamma very unbalanced, and increasing K (K=4)
==================================================

N (neurons): 3
K (states): 4
T (time steps): 50000
Seed: None
Number of repetitions: 10
Number of iterations: 100

Initialization of parameters for HMM:
Pi: [1 0 0 0]
Gamma: [[0.85 0.05 0.05 0.05]
 [0.05 0.85 0.05 0.05]
 [0.05 0.05 0.85 0.05]
 [0.05 0.05 0.05 0.85]]
R: [[0.5 0.  0.5 0. ]
 [0.  0.5 0.5 0. ]
 [0.5 0.  0.  0.5]
 [0.  0.5 0.  0.5]]

Generated data:
Generated firings (y): [2 2 2 0 2 1 1 1 0 0 0 0 1 0 1 3 1 3 0 0 0 0 0 1 1 1 0 1 0 0 0 1 1 1 1 1 3
 3 0 0 2 3 3 2 2 3 2 2 3 3 3 3 3 2 2 0 0 1 1 3 2 3 2 3 3 3 2 2 2 2 2 3 2 2
 3 3 2 3 3 2 3 3 3 3 2 2 3 2 3 3 3 3 3 1 1 0 1 1 1 0]... (showing first 100 entries)
Generated states (z): [0 0 0 0 0 2 2 2 2 2 2 2 2 2 1 1 1 1 2 2 2 2 2 2 2 2 2 2 2 2 2 1 1 1 1 1 1
 3 0 0 0 3 3 3 3 3 3 3 3 3 3 3 3 3 3 2 2 2 2 3 3 3 3 3 3 3 3 3 3 3 3 3 3 3
 3 3 3 3 3 3 3 3 3 3 3 3 3 3 3 3 1 1 1 1 2 2 2 2 2 2]... (showing first 100 entries)

Estimated parameters:
Estimated Pi: [array([0.65358749, 0.06650244, 0.00302425, 0.27688581]), array([0.58380899, 0.09068805, 0.32469405, 0.00080891]), array([0.22047986, 0.37681689, 0.03604535, 0.3666579 ]), array([0.54572555, 0.02476316, 0.40071116, 0.02880013]), array([0.05251474, 0.80146056, 0.14451814, 0.00150656]), array([0.47529944, 0.00349846, 0.01835733, 0.50284477]), array([6.41713301e-04, 6.58785149e-01, 3.39768915e-01, 8.04222513e-04]), array([0.19836257, 0.3358972 , 0.02525563, 0.4404846 ]), array([0.34112006, 0.41404818, 0.13011218, 0.11471958]), array([0.00143874, 0.50008451, 0.34526238, 0.15321437])]
Estimated Gamma: [array([[0.00162451, 0.03381669, 0.21801743, 0.74654138],
       [0.00645258, 0.76516186, 0.11593525, 0.11245031],
       [0.00255863, 0.36904596, 0.17213923, 0.45625618],
       [0.19053767, 0.03420456, 0.1979877 , 0.57727007]]), array([[0.57820475, 0.08385849, 0.28626625, 0.05167051],
       [0.1761725 , 0.4130777 , 0.04087897, 0.36987083],
       [0.6416036 , 0.29712818, 0.04138368, 0.01988454],
       [0.12660435, 0.71506433, 0.00233462, 0.15599669]]), array([[0.53294679, 0.31916546, 0.02091892, 0.12696882],
       [0.59034224, 0.30211826, 0.02353482, 0.08400468],
       [0.03916618, 0.00597686, 0.24867016, 0.70618681],
       [0.03234938, 0.11941589, 0.49362789, 0.35460683]]), array([[0.22170225, 0.00091963, 0.6996588 , 0.07771933],
       [0.1088204 , 0.04689441, 0.16157679, 0.68270841],
       [0.4772698 , 0.14362587, 0.30789386, 0.07121047],
       [0.08065321, 0.34186757, 0.03157931, 0.54589991]]), array([[0.11045463, 0.1132498 , 0.07690098, 0.69939459],
       [0.02120827, 0.69238248, 0.1420018 , 0.14440745],
       [0.05355126, 0.43520787, 0.46133493, 0.04990595],
       [0.14257896, 0.13323166, 0.03964739, 0.684542  ]]), array([[0.3128248 , 0.11096275, 0.10885796, 0.46735449],
       [0.13092198, 0.4286264 , 0.28845606, 0.15199556],
       [0.07554383, 0.71014819, 0.04271141, 0.17159657],
       [0.4499989 , 0.02776298, 0.19074903, 0.33148909]]), array([[0.64652616, 0.01477687, 0.11452187, 0.22417511],
       [0.03647907, 0.48291093, 0.47395496, 0.00665504],
       [0.23785707, 0.51652579, 0.18110889, 0.06450825],
       [0.5454926 , 0.09415452, 0.22337894, 0.13697393]]), array([[0.42747081, 0.04678285, 0.40592666, 0.11981968],
       [0.07036989, 0.10685303, 0.25309263, 0.56968445],
       [0.31373529, 0.09955617, 0.49793123, 0.08877732],
       [0.11235154, 0.3612853 , 0.14870497, 0.37765819]]), array([[0.33765034, 0.37956366, 0.16521114, 0.11757486],
       [0.52551547, 0.0616221 , 0.21339018, 0.19947225],
       [0.11412434, 0.12010292, 0.4345114 , 0.33126134],
       [0.28382891, 0.29348398, 0.30779135, 0.11489576]]), array([[0.81555724, 0.03158471, 0.0893066 , 0.06355144],
       [0.02808819, 0.55784171, 0.16947512, 0.24459499],
       [0.17195672, 0.5123958 , 0.18691034, 0.12873714],
       [0.1024967 , 0.50159704, 0.07700804, 0.31889822]])]
Estimated R: [array([[0.01719198, 0.39465082, 0.36538153, 0.11883068],
       [0.06516331, 0.55378934, 0.12343524, 0.0770177 ],
       [0.88133524, 0.03284452, 0.04831113, 0.39550142],
       [0.03630947, 0.01871532, 0.46287211, 0.4086502 ]]), array([[0.04463849, 0.35564372, 0.02788132, 0.64662948],
       [0.10820167, 0.48350809, 0.0155456 , 0.26161807],
       [0.436703  , 0.11415651, 0.32434029, 0.06477541],
       [0.41045684, 0.04669168, 0.63223279, 0.02697705]]), array([[5.78448033e-01, 4.61792611e-01, 9.70486898e-03, 8.62761295e-03],
       [2.41675082e-01, 2.03513339e-01, 2.67556708e-01, 2.50488995e-01],
       [1.73642771e-01, 3.34535793e-01, 1.70163076e-01, 3.39256172e-01],
       [6.23411384e-03, 1.58257494e-04, 5.52575347e-01, 4.01627219e-01]]), array([[0.34186822, 0.12238362, 0.33774126, 0.15069882],
       [0.00084806, 0.62521297, 0.00691945, 0.43713841],
       [0.4242668 , 0.05244313, 0.4999223 , 0.02034237],
       [0.23301691, 0.19996028, 0.155417  , 0.3918204 ]]), array([[0.0018134 , 0.25409508, 0.76805123, 0.08550335],
       [0.41370225, 0.05550576, 0.06524788, 0.47270762],
       [0.1030508 , 0.55940403, 0.09218567, 0.03160263],
       [0.48143355, 0.13099513, 0.07451522, 0.4101864 ]]), array([[0.10927619, 0.44458231, 0.37971267, 0.09382979],
       [0.17786874, 0.45397731, 0.36059475, 0.0325714 ],
       [0.43033496, 0.00073563, 0.08767447, 0.44036597],
       [0.28252011, 0.10070475, 0.17201811, 0.43323284]]), array([[0.288134  , 0.21601679, 0.29343755, 0.0674355 ],
       [0.43945835, 0.0085584 , 0.09978951, 0.47230579],
       [0.002924  , 0.53742368, 0.44117929, 0.01262713],
       [0.26948364, 0.23800113, 0.16559365, 0.44763158]]), array([[2.82236357e-02, 5.94604243e-01, 1.49751857e-01, 4.00892636e-01],
       [2.58886898e-01, 4.88633531e-02, 4.19563942e-01, 8.61199927e-02],
       [2.27748877e-01, 3.56080141e-01, 6.26623088e-02, 5.11905533e-01],
       [4.85140589e-01, 4.52262609e-04, 3.68021892e-01, 1.08183788e-03]]), array([[0.41119148, 0.2550849 , 0.0351444 , 0.26862921],
       [0.08707033, 0.14729877, 0.43013469, 0.33195062],
       [0.37897565, 0.43030056, 0.0802951 , 0.11628606],
       [0.12276254, 0.16731577, 0.45442581, 0.28313411]]), array([[0.11654862, 0.26881011, 0.30124609, 0.34738356],
       [0.58236624, 0.04419034, 0.40690373, 0.02737209],
       [0.00218575, 0.49178448, 0.27327777, 0.14452913],
       [0.29889939, 0.19521507, 0.01857241, 0.48071522]])]

Total NMI: [[0.1866358346855891, 0.21168185768322695, 0.2264756411580405, 0.248709707846131, 0.25902695409667875, 0.27085997141144674, 0.2750584602213314, 0.27931304754835906, 0.2899548488589574, 0.29608632478508873, 0.2964817723993726, 0.2961317880007373, 0.3031074905560584, 0.3112042126527159, 0.3090087623043092, 0.31292885347006993, 0.31199672342710655, 0.31534975725153963, 0.3156896461725389, 0.31404920332830744, 0.3168349076276424, 0.3155630316024518, 0.3188084840963676, 0.3162220669869495, 0.31768595766655927, 0.31779893140282756, 0.321465241646717, 0.3262413618106221, 0.3230400818244869, 0.32450607125609904, 0.3277194765199421, 0.32580363480013763, 0.3319480658519473, 0.3291422273949075, 0.3281430017192841, 0.3306069154038931, 0.3320164002396995, 0.3299536191362209, 0.3321674299095804, 0.32754993107692576, 0.32832542713748386, 0.32306233265516526, 0.32995292148153443, 0.3275332777252443, 0.3299262231501667, 0.3329620646298327, 0.3355781737183836, 0.33681463937438566, 0.3351846619395318, 0.3323614944651363, 0.33817224400661333, 0.33401491614966505, 0.3323424432101598, 0.3353138545702037, 0.3343039578302525, 0.337922709289214, 0.3344513354488715, 0.33476859844162926, 0.33762571886366366, 0.3361899669716471, 0.3335724193424106, 0.33241615630816534, 0.3343761596566512, 0.332682188006729, 0.3353993258491695, 0.33466083222406445, 0.335108800411497, 0.3339075669881426, 0.3382607034835072, 0.33901086763522753, 0.3346862762255374, 0.33620190163376557, 0.3356313862766633, 0.3342799279459198, 0.3365916832828267, 0.3400251211968312, 0.340194706785135, 0.3408175348555184, 0.341557020258227, 0.3401768067045054, 0.3379798488304402, 0.3430387636922852, 0.3436297705960613, 0.3386230508733147, 0.3373735431383471, 0.3361337050430414, 0.3431635883905722, 0.3398975609731539, 0.34095787579264586, 0.33765292812311, 0.3416175198461098, 0.33966201478828845, 0.33825031007227135, 0.3404292919580299, 0.3353168501552286, 0.3370949536052322, 0.34484925515424886, 0.34184505692137374, 0.33975133377817646, 0.3367677870306337], [0.12289303253072131, 0.1500749688150872, 0.16909141683330886, 0.18027868916683176, 0.19759041359000132, 0.2072112306878227, 0.2197693453549414, 0.21853443346769225, 0.22506958319798565, 0.23467914785568345, 0.23497430157604415, 0.24007578648523742, 0.24163516495142717, 0.2468727568155962, 0.2522251070011027, 0.24991695895216678, 0.2528744532252738, 0.2543415649678009, 0.2592165483858962, 0.2624143296595956, 0.2608695028907755, 0.2636536872083608, 0.2651604859021514, 0.26335921169579707, 0.26212846264862977, 0.2660263980179737, 0.27012266283891656, 0.27113738858895103, 0.2741199634565512, 0.2727535696298474, 0.2763612529182234, 0.2747322778884778, 0.2703506491128828, 0.2713599171920425, 0.27918898127495917, 0.28060102891462396, 0.27955583941221646, 0.2811226386654863, 0.2787243925710685, 0.2820866504385491, 0.2838061699849746, 0.2833348161087212, 0.28222635836347354, 0.28255131258603533, 0.2866963630233581, 0.2864435794100213, 0.28817297597359326, 0.2839542196754292, 0.2860272622343744, 0.28421608331697035, 0.2881304705839859, 0.29093929982047567, 0.2848895188987825, 0.2907177641739325, 0.28876905157555155, 0.28890535124368766, 0.2906660067189589, 0.28668554010321906, 0.28807197986533445, 0.28813544342954883, 0.28862255931225667, 0.289341457698667, 0.29132991586144846, 0.29039137983227975, 0.29053026726208836, 0.28860206950038275, 0.29010349322174744, 0.28855750228216515, 0.2880235001148754, 0.29266603020046816, 0.29320363160235224, 0.2945026811081468, 0.2956506451324296, 0.2952810441095648, 0.29401010636868535, 0.29413263664507794, 0.2970731794221126, 0.29474017094879107, 0.2932283618436422, 0.29924894192327695, 0.2970528440317455, 0.2929784319744496, 0.2958873788221346, 0.29499438206879164, 0.2978405766762061, 0.2973821080856091, 0.30110380359665956, 0.2992414605020623, 0.30185719571628283, 0.30228624890437433, 0.29528892845073224, 0.297471980122348, 0.3005793518123102, 0.29859175844550534, 0.29388165479931005, 0.2957100126827441, 0.29501608698415316, 0.29924480866784736, 0.3019524281638888, 0.30172303081199164], [0.1912247166066225, 0.21706194736703643, 0.23262505826035143, 0.25402593478774266, 0.2606230819603966, 0.26840631562899747, 0.2753977642536816, 0.2825247613301743, 0.28769498007084576, 0.2895237215907282, 0.2946985734110821, 0.3032529990642103, 0.3027899676616588, 0.30376942813937374, 0.30863858246810155, 0.31019678188403127, 0.31368401702465587, 0.31142462219355616, 0.3111349784386043, 0.3181814027763808, 0.3183321703028359, 0.32144149606668965, 0.3228414064864704, 0.3238191158345555, 0.3244676334800072, 0.32717135924275115, 0.3213469065936421, 0.3238723200546248, 0.3259907339707835, 0.3306962700425356, 0.3311118922025941, 0.3296723606940727, 0.33236281624921077, 0.33489097999588713, 0.33184187075329064, 0.33323996021845664, 0.33314123834379883, 0.3357476319876497, 0.3406575958954086, 0.3422442761430379, 0.34075151847980806, 0.34407030532467675, 0.3447193427922078, 0.34356404126092616, 0.34297780626662555, 0.34242108329468557, 0.34423488942454644, 0.3409932687494986, 0.34189427673959827, 0.33993390424175574, 0.34815948071629166, 0.35025112869875136, 0.3479984528302259, 0.3426385686258659, 0.34909276961694474, 0.3465900666541913, 0.34769018640577437, 0.34478168098508344, 0.34733275009999165, 0.3487180985389509, 0.3479709582226818, 0.34831705219974596, 0.34551766441150983, 0.34380778196534606, 0.3430713881972482, 0.34999632458635865, 0.3472766668585375, 0.3511247350685931, 0.34703868843565916, 0.3528245279643968, 0.35103768731452634, 0.35007726742981615, 0.3483556860091654, 0.3513802770945794, 0.35215216697833174, 0.35237296073514857, 0.35146712630183724, 0.35454994237264564, 0.3542308251714584, 0.35337511818203954, 0.35509979083167775, 0.35117242302617707, 0.35218259502796173, 0.3530416410815983, 0.356339824573367, 0.35290112459246814, 0.35456098776615064, 0.34803331818258126, 0.35112935511283544, 0.34985868013861815, 0.3507668581276073, 0.3555676300619826, 0.3573196979371897, 0.35212575122202616, 0.3535009711129751, 0.3541368149297924, 0.35522032662093855, 0.35140838154436693, 0.3542632650395721, 0.35612101673931], [0.14927293641879574, 0.1700637864770286, 0.1813630030747769, 0.19460895715475307, 0.21117334968442886, 0.21892761807777236, 0.22620327412500427, 0.2347731775422882, 0.24254492790539167, 0.24392004780350557, 0.24431059543308134, 0.2573604829071273, 0.26161034492805224, 0.26686959753738043, 0.2738155598476858, 0.2753752099986607, 0.2749219282604454, 0.27408496122468856, 0.2804680145438247, 0.2827926288982773, 0.2798026325501275, 0.2809669387005799, 0.2861286917479464, 0.2829802673413065, 0.286617353458318, 0.29033876568036465, 0.295490369833785, 0.2977580656151917, 0.29717090281419795, 0.2988742573007096, 0.3017342895934105, 0.29671320704801213, 0.3030546659336966, 0.30325632633387717, 0.3056558795282846, 0.30265404131632606, 0.30566917359924006, 0.30873084760036956, 0.307754503951405, 0.30693083431143675, 0.3051348282138543, 0.30506293353307096, 0.30920030375310587, 0.30670553528422284, 0.3088105252337914, 0.308597406559087, 0.3116675896992433, 0.314726832133886, 0.3127590676877469, 0.31109986935264944, 0.3115209257871079, 0.314179631884684, 0.32006306612968044, 0.3173439456164775, 0.3232711635665688, 0.3220098484433456, 0.32377541009748384, 0.3265587880026507, 0.32403979152878515, 0.3230458765190851, 0.32429687308346294, 0.31891101169496466, 0.3249160537887692, 0.3242784878464637, 0.32565912770221245, 0.3269043451084505, 0.3239100340497386, 0.32446004423072927, 0.3214023313409519, 0.3230763502595942, 0.3227544919078294, 0.32357318647135813, 0.32876671357707693, 0.3281875569912837, 0.32808654898169565, 0.33152599540667615, 0.3261862950880044, 0.3275736444671086, 0.3254851389155423, 0.3311577145371165, 0.3319354098624661, 0.3286841612112044, 0.332099985889914, 0.33305085077256974, 0.3311806385231056, 0.33013127951841753, 0.32711130920134324, 0.3292474666380507, 0.3333655226817426, 0.3323080106160842, 0.33117318105018334, 0.3279018090640854, 0.334933697981802, 0.33177366833050664, 0.3325587048238737, 0.3346185233611878, 0.3354947773875935, 0.33321445034557107, 0.3301272673123711, 0.32833370023728575], [0.09085315463601283, 0.12071570325547513, 0.1478544536898258, 0.16559320402090313, 0.1796068550930363, 0.19693914240265784, 0.2092685770388728, 0.21790500774926327, 0.22981397460704492, 0.2396280646089025, 0.23722963511149933, 0.24504916612361746, 0.24785853810669342, 0.2557121667821538, 0.2605707941774975, 0.2674412074673089, 0.2656876338470804, 0.2684818961496436, 0.2750534320367607, 0.27529886140050774, 0.2761633960325633, 0.28003073657249944, 0.28247265960873985, 0.28680039720386724, 0.2939660632805122, 0.28603902498072326, 0.2901389546309972, 0.2951071677412994, 0.29002655573134756, 0.2921057936479984, 0.3000888773853342, 0.3016653208930856, 0.3033335031751282, 0.30375763739749545, 0.3021360084011517, 0.3046117304188114, 0.30866364165450194, 0.304749891768155, 0.3067038458047642, 0.30683967845492316, 0.31158316785752627, 0.30973556676265324, 0.3155445593128974, 0.3123264438302002, 0.311438509048999, 0.312254210960226, 0.3118948979274002, 0.31612942619487316, 0.31633921881383104, 0.3151551621094604, 0.3200625017102545, 0.3203543622448567, 0.31778084350914515, 0.32519932865064416, 0.32524522069523015, 0.3252426662175118, 0.3250552487138317, 0.3222557781301939, 0.32462143381604414, 0.3262468887249295, 0.3240552601537926, 0.32624543505202375, 0.32968695182256175, 0.32794048101974455, 0.31851930239747533, 0.32026094358548257, 0.33094094825063364, 0.32751238711393943, 0.33006214807593437, 0.3317980326364141, 0.3295202651967227, 0.33246983302317235, 0.32929016603379463, 0.33156645399928003, 0.3326009488080443, 0.3360534797591235, 0.33530057285963655, 0.3357064171590683, 0.3334748929409862, 0.33662870834963593, 0.33482075231588027, 0.3333994214628005, 0.3355124735311993, 0.33912441262299886, 0.3388241054110716, 0.33594160207046453, 0.3418907085231303, 0.34145873290780626, 0.3405295500775313, 0.3451908081420888, 0.343442348739481, 0.3417221311305566, 0.3435598626824438, 0.34451207229566333, 0.34253199618919533, 0.34214683058837136, 0.3424828329282147, 0.3457013314317558, 0.34920125648794725, 0.33862129501034954], [0.104690771543462, 0.10029429938191929, 0.09960871103847571, 0.097225919482647, 0.10274058760339497, 0.10618528019945014, 0.1121210267511255, 0.11261897570816214, 0.11191967378859645, 0.11637623591455269, 0.11897109844292318, 0.12299873028913481, 0.12895832282993985, 0.1343540999761815, 0.1351039774557126, 0.13824810625598022, 0.1376280561848286, 0.13715034155713732, 0.14220189525983734, 0.1456140678670666, 0.14312888913147465, 0.14911624949468535, 0.15317510748924357, 0.15322795875799325, 0.15538267728690935, 0.156757650865243, 0.16046307154805248, 0.16533435714913108, 0.16714374361243095, 0.16532425697070538, 0.17000411194526138, 0.17248780034249367, 0.1756410312862301, 0.1750722509702633, 0.17816849177281685, 0.1789087400736061, 0.18381157150232227, 0.18120535113506117, 0.18330100642670674, 0.18154167045995612, 0.18395308120827059, 0.1859718929731931, 0.1849321257847015, 0.18422637349580764, 0.19017686921325513, 0.1905703808979212, 0.19341744135118122, 0.19136159933701488, 0.19590192541879828, 0.19977696040758608, 0.19580540072346472, 0.19370085311812016, 0.19424694044271895, 0.1973385064830798, 0.19912291946221775, 0.20270396886038552, 0.20245403338099022, 0.20580966819918806, 0.20526320073874602, 0.2049293638300564, 0.2047659468143631, 0.20785526048104608, 0.2120694011475049, 0.20931511126305405, 0.2111090918444643, 0.21008326071401212, 0.209153371799783, 0.20720412875204777, 0.21262388059490908, 0.21457120591964285, 0.20648282038857727, 0.21395684087013817, 0.21664151495480743, 0.216814702882505, 0.217460453685209, 0.21987578222177193, 0.21622171534260096, 0.2118975000119763, 0.21486562850722207, 0.22034802227563371, 0.22330067797415412, 0.22015083065916752, 0.21652869738112787, 0.21766219306043094, 0.22035230479524498, 0.22355776271244832, 0.22445121880795846, 0.22214063875414045, 0.225661131539255, 0.22527889761330433, 0.22795377258192395, 0.22812955277597327, 0.2252322400512633, 0.22402493216880787, 0.2231198389225739, 0.22498316466052282, 0.22494299800356723, 0.22629333384465372, 0.22783865140764378, 0.22771435285088928], [0.12823756974076808, 0.14022218359924069, 0.151756943491528, 0.16092635005901304, 0.16519410112921065, 0.17653161444858861, 0.18002294353058734, 0.18841024351999056, 0.1945153131941656, 0.19756581726831052, 0.20760386794435226, 0.20985487754616836, 0.20970442424635583, 0.2184831141865686, 0.22524604919037763, 0.2278184934463699, 0.23283942797670182, 0.23394690481331623, 0.2389003764910573, 0.23915847236083698, 0.24338308179637336, 0.24397349113187664, 0.24623139901443178, 0.2499748905171865, 0.25405256207281135, 0.2560873647311136, 0.26154896168582675, 0.2594149844031154, 0.26011718837884973, 0.2648232146133738, 0.2670801632439751, 0.26652313937329436, 0.27029483795744114, 0.26988337498098264, 0.2769943658168584, 0.2764398428974076, 0.272481510388294, 0.2785585533659579, 0.2785580735928974, 0.2812749797852013, 0.28136581254017423, 0.28431033324840577, 0.2844946472022562, 0.28847655690084645, 0.2863059455783852, 0.2935708997962984, 0.29138605760852054, 0.29163969777438614, 0.29550981502242046, 0.2880423290090756, 0.29268123313360545, 0.2952760856011126, 0.2959938941495832, 0.2957853747004433, 0.2975606936863624, 0.3041812706795001, 0.29927211027904393, 0.3014992235178813, 0.3018409665078927, 0.2998234923154952, 0.29960317625649463, 0.30027897132995135, 0.30461124626241437, 0.3079762140012691, 0.3001671836674739, 0.3044632603744989, 0.30461185326418916, 0.30581425445678573, 0.31069073465743696, 0.31005133577466104, 0.31104675470126564, 0.31625900627500564, 0.31205809335373946, 0.31288374205708247, 0.31276506616652056, 0.31896997940736127, 0.3200039831553564, 0.32001022919255745, 0.3164389899734178, 0.31563030719007723, 0.31388925270212165, 0.31975343531438516, 0.3196744968640804, 0.3126091877824677, 0.31472461214020997, 0.3194855859459135, 0.3210433749192542, 0.32106279239143737, 0.3221220650358563, 0.3161465320935393, 0.32050856041175774, 0.31968902762777046, 0.32006755364950873, 0.32671857310546226, 0.32483887082784874, 0.3254296922958566, 0.32732916375521076, 0.32501342393783866, 0.32461840501746486, 0.32966229209138165], [0.032535752272397536, 0.03677293636802913, 0.04310780372828754, 0.051379467083314256, 0.05334549877750677, 0.060134522386799845, 0.0659944297843227, 0.06960371395108338, 0.08202112148288218, 0.0846316481722457, 0.08875360739251166, 0.09587247788135654, 0.10093761869781881, 0.10044750249892583, 0.10521228077554326, 0.10965134761162657, 0.1147392099014491, 0.117531162857693, 0.12265895041137954, 0.12681934777274226, 0.13223875413423344, 0.132236365751977, 0.133811841717347, 0.13789472785266324, 0.14228300325669807, 0.14623670847506376, 0.1492151195830457, 0.14848730626322432, 0.15147702666658194, 0.15498420872827534, 0.15434972866616217, 0.1591747834114958, 0.1617083015095246, 0.16343921894702754, 0.16375644189680877, 0.16859019433331546, 0.16997768591507995, 0.16936894025015353, 0.1731537625979732, 0.17677134481651727, 0.17930785376528408, 0.18129641356943377, 0.18049682552220683, 0.1798072388840268, 0.1845835785485221, 0.18484552479734287, 0.182825943381235, 0.18547619882363778, 0.18537184381667263, 0.18597777427912265, 0.19041857405343468, 0.19036330621460684, 0.19080750877317237, 0.19157444235895565, 0.19222531961081088, 0.19342176417454818, 0.19714594715804154, 0.19768046724037455, 0.19679294118628318, 0.19545135948211867, 0.201468063029074, 0.20471023262719656, 0.20096065296435356, 0.20313407569192804, 0.20229894754307995, 0.20678331523838422, 0.2058988340230378, 0.20500094044231926, 0.2061353419660217, 0.20535466946783193, 0.2091794391551834, 0.21027764292767032, 0.21506929572991923, 0.21344366893275785, 0.2110651476032689, 0.21013712929480305, 0.20942582500760126, 0.21243040677284586, 0.21581660676575184, 0.2175054075150395, 0.21546546674879918, 0.22003225014575561, 0.21684824387421223, 0.21771221238354954, 0.21406918166223934, 0.2189253098105936, 0.2196026750557973, 0.21734718246693543, 0.22027498487115957, 0.2218326723284881, 0.22087894161894395, 0.22149699995871583, 0.22217301172572027, 0.22200349383620507, 0.22545799442450967, 0.22547939315705112, 0.22904240191797967, 0.2256982233987796, 0.22396536174536194, 0.22747131490940406], [0.03733892805983635, 0.03320324879269658, 0.032344960468465946, 0.03367803607929196, 0.036589109036571685, 0.03611944046036083, 0.03645636657927173, 0.03692006038313406, 0.038700085853538235, 0.040476709448499, 0.038838995047198885, 0.04039525551856936, 0.04416988630430638, 0.0428610034516974, 0.044120755634136186, 0.04604832829542051, 0.04526612564488357, 0.047248729668185024, 0.05008367384686576, 0.04803979281617146, 0.05037890345068088, 0.054323061817708615, 0.05292326674213923, 0.055374564808018764, 0.05527482959613405, 0.058393623180652866, 0.05835228493740063, 0.058873515126554324, 0.059047037063807914, 0.06227102856201403, 0.06203419290571215, 0.060702453005908555, 0.06320980043275583, 0.06443344612319064, 0.06448181091433114, 0.06640503277925354, 0.0666822389055864, 0.06836481876060052, 0.06784060610967645, 0.0693449072193298, 0.0699997526647716, 0.07247328414615894, 0.07410695998562764, 0.07422530227066393, 0.07482158512598869, 0.07433093182676677, 0.07434240483650104, 0.07523028105070623, 0.07971762551579308, 0.0802524354123706, 0.07930286858429224, 0.07944215486874424, 0.08175298308372979, 0.07980087569060944, 0.08297501262247584, 0.08368783878705534, 0.0844797604538772, 0.08559794785970273, 0.08733254256154799, 0.08743807705545606, 0.08749243383686463, 0.08667746111646023, 0.08947642420591205, 0.08917535321676492, 0.09055322449621568, 0.08957122499384737, 0.09520547221878824, 0.09336439616278709, 0.09458904858525571, 0.09706025281418902, 0.0937701907353991, 0.0975745232199193, 0.09748057779579028, 0.09736335704428084, 0.09905112163129794, 0.09902761634688341, 0.09659035568793281, 0.09729782804116785, 0.0966721459060854, 0.10374838014640253, 0.10365046764723991, 0.10235662136846291, 0.10282279943005657, 0.10331760633231178, 0.10290484485303594, 0.10604889224189745, 0.1077237593509879, 0.10978872938621054, 0.1083016148501773, 0.1072048845043661, 0.10939725295482448, 0.11157061493571246, 0.10897771964754328, 0.11079782794258063, 0.10903454583420966, 0.10954524459371619, 0.11520948194054285, 0.11465193432779847, 0.12017884711474286, 0.11912117496160357], [0.09788073749314671, 0.10737063211970448, 0.11937997752972918, 0.13388735363300874, 0.14776412100626493, 0.155766109966802, 0.16244681792385424, 0.16984604095880534, 0.17975551132576278, 0.18663543739613145, 0.19351804785210813, 0.1991453589403099, 0.20479166646827995, 0.21264559653860862, 0.21920159632018368, 0.2270058285486804, 0.22378550229863486, 0.2320903546762686, 0.23056826540139225, 0.23541117166685974, 0.24175204426020494, 0.24580178926284546, 0.24879419661759428, 0.250053493083358, 0.25018887683466057, 0.2566929812874326, 0.263747030960213, 0.26196132772167596, 0.2631308739770202, 0.2668122991398764, 0.27118081908842817, 0.27456872884689143, 0.2749536796370338, 0.2783194523174139, 0.2770188483443266, 0.28152114747702606, 0.28273405200074175, 0.28760220246349, 0.28443336022905114, 0.28819735028705684, 0.2890512795698743, 0.2883093219671484, 0.29183389604204985, 0.29281124653728896, 0.2932886053055265, 0.29069945431078265, 0.2950273835807405, 0.2957939673317613, 0.30140881560286115, 0.2991568375631399, 0.30025633293944837, 0.30405312519372363, 0.30200253998202725, 0.2973820914933716, 0.30528617396575974, 0.3011170035839107, 0.3040407577872263, 0.3028481513584198, 0.3061431809623446, 0.3071544708984976, 0.3076848246917149, 0.314380700162955, 0.3054091155582802, 0.31223960018610386, 0.31562677547520424, 0.3152068531855884, 0.31630806503091535, 0.31642991592522923, 0.3147735263114126, 0.31633417848354195, 0.315690234237951, 0.3135886233834661, 0.3180295676760721, 0.320517946478443, 0.32087215823738274, 0.31955368031435044, 0.32127496657636984, 0.3206454844493356, 0.32107801346221393, 0.32099869518083096, 0.32029960104405536, 0.3165313388342601, 0.32187401193656684, 0.3258201097090928, 0.32096597057818865, 0.3209707708027327, 0.32472860757547833, 0.3265197022654948, 0.32755289873036825, 0.3227325638882054, 0.327815206348067, 0.3294557983648265, 0.32628788211604665, 0.32713266147139747, 0.32558708751411375, 0.33108387985075083, 0.33264233567685225, 0.3309130336659571, 0.33378264661149776, 0.3274566822108999]]
Total Percentage: [[58.412, 60.266, 60.99400000000001, 62.46000000000001, 63.074, 63.684, 64.05999999999999, 64.184, 64.916, 65.294, 65.46, 65.518, 65.782, 66.418, 66.262, 66.35, 66.458, 66.63, 66.62400000000001, 66.452, 66.582, 66.51599999999999, 66.672, 66.56, 66.688, 66.572, 66.948, 67.19800000000001, 67.022, 67.136, 67.22, 67.2, 67.572, 67.28, 67.24, 67.196, 67.384, 67.364, 67.566, 67.012, 67.032, 66.88, 67.276, 67.23400000000001, 67.244, 67.46, 67.732, 67.83200000000001, 67.34400000000001, 67.63, 67.73400000000001, 67.44, 67.45, 67.616, 67.66, 67.83200000000001, 67.56, 67.656, 67.808, 67.666, 67.25, 67.256, 67.554, 67.34599999999999, 67.488, 67.634, 67.38, 67.508, 67.728, 67.786, 67.482, 67.438, 67.502, 67.428, 67.72, 68.06, 67.906, 67.886, 67.86, 67.854, 67.77, 68.124, 68.0, 67.97, 67.644, 67.47, 68.082, 67.886, 67.806, 67.75, 68.06400000000001, 67.938, 67.728, 68.04400000000001, 67.432, 67.56400000000001, 68.072, 67.848, 67.818, 67.524], [52.336000000000006, 54.224000000000004, 55.154, 55.584, 56.821999999999996, 57.042, 57.706, 57.208000000000006, 57.718, 58.068, 58.147999999999996, 58.346, 58.172000000000004, 58.46, 58.896, 58.730000000000004, 58.699999999999996, 58.79, 59.036, 59.382000000000005, 59.134, 59.150000000000006, 59.472, 59.06, 59.03, 59.366, 59.778, 59.43000000000001, 59.333999999999996, 59.31999999999999, 59.708000000000006, 59.38, 59.218, 59.333999999999996, 59.63, 59.754, 59.668, 60.019999999999996, 59.663999999999994, 59.78, 59.964, 59.965999999999994, 59.878, 59.74, 60.25, 60.036, 60.14000000000001, 59.848, 60.082, 59.67, 60.05200000000001, 60.431999999999995, 59.684000000000005, 59.763999999999996, 60.032, 60.034, 59.988, 60.062000000000005, 60.089999999999996, 59.864, 60.044, 60.22, 60.22, 60.376, 60.162000000000006, 59.797999999999995, 60.19799999999999, 59.778, 59.93000000000001, 60.39, 60.354, 60.108, 60.27400000000001, 60.30799999999999, 60.19799999999999, 60.51, 60.236000000000004, 60.431999999999995, 59.892, 60.316, 60.27, 59.84, 60.089999999999996, 60.160000000000004, 60.476, 60.382000000000005, 60.45, 60.422, 60.528000000000006, 60.516000000000005, 60.132, 60.19799999999999, 60.606, 60.382000000000005, 59.936, 60.412, 59.919999999999995, 60.406000000000006, 60.556, 60.234], [54.312000000000005, 54.986000000000004, 54.896, 55.708, 55.696, 55.97800000000001, 56.226, 55.814, 55.910000000000004, 56.25, 56.284, 56.594, 55.918, 56.138, 56.096000000000004, 56.458, 56.398, 56.001999999999995, 55.798, 56.364000000000004, 56.36, 55.92, 56.52, 56.684, 56.152, 56.598000000000006, 56.126, 56.166000000000004, 56.27799999999999, 56.608000000000004, 56.558, 56.678, 56.111999999999995, 56.726, 56.418, 56.36600000000001, 56.294, 56.26, 56.599999999999994, 56.582, 56.306, 56.769999999999996, 56.528, 56.589999999999996, 56.582, 56.57, 56.998000000000005, 56.477999999999994, 56.635999999999996, 56.43, 56.976000000000006, 57.06400000000001, 57.16, 56.645999999999994, 57.116, 56.564, 56.918, 56.546, 56.830000000000005, 56.674, 56.538, 56.462, 56.34, 55.84400000000001, 56.257999999999996, 56.74400000000001, 56.296, 56.762, 56.525999999999996, 56.794, 56.730000000000004, 56.788000000000004, 57.025999999999996, 56.898, 56.53399999999999, 56.842000000000006, 56.408, 56.31, 56.99999999999999, 56.684, 56.720000000000006, 56.123999999999995, 56.424, 56.076, 56.824, 56.642, 56.692, 56.15, 56.802, 56.38999999999999, 56.61000000000001, 56.812, 56.848, 56.632000000000005, 56.668, 56.92, 56.346, 56.61000000000001, 56.38999999999999, 57.14], [52.516, 54.334, 54.838, 55.574, 56.63399999999999, 57.074000000000005, 57.302, 57.76, 58.126, 58.068, 57.75599999999999, 58.955999999999996, 58.952000000000005, 59.3, 59.62, 59.653999999999996, 59.458, 59.318000000000005, 59.724, 59.878, 59.696000000000005, 59.632, 60.162000000000006, 59.37, 59.78, 59.918000000000006, 60.275999999999996, 60.162000000000006, 60.163999999999994, 60.206, 60.366, 60.038000000000004, 60.614000000000004, 60.268, 60.18599999999999, 60.333999999999996, 60.760000000000005, 60.773999999999994, 60.596000000000004, 60.612, 60.512, 60.751999999999995, 60.694, 60.522, 60.529999999999994, 60.33, 60.980000000000004, 60.636, 60.56399999999999, 60.297999999999995, 60.528000000000006, 60.858000000000004, 61.23, 60.926, 61.151999999999994, 60.69, 61.002, 61.482000000000006, 61.217999999999996, 61.162000000000006, 61.27, 60.76200000000001, 61.309999999999995, 61.007999999999996, 61.046, 61.431999999999995, 61.288, 61.19, 60.940000000000005, 61.088, 61.134, 60.84, 61.14000000000001, 61.448, 61.272000000000006, 61.653999999999996, 61.01, 61.19, 60.862, 61.35, 61.38, 61.312, 61.565999999999995, 61.553999999999995, 61.354, 61.104, 61.192, 61.41799999999999, 61.342, 61.69, 61.514, 61.236000000000004, 61.663999999999994, 61.263999999999996, 61.516000000000005, 61.406000000000006, 61.614000000000004, 61.18599999999999, 60.738, 60.878], [51.902, 54.626, 56.994, 58.084, 58.858, 59.842, 60.634, 61.402, 61.768, 62.19, 61.885999999999996, 62.668, 62.818, 63.246, 63.38399999999999, 63.78, 63.646, 63.622, 64.294, 64.44800000000001, 64.302, 64.242, 64.398, 64.56, 65.24600000000001, 64.74600000000001, 65.068, 65.352, 65.242, 65.084, 65.712, 65.72, 65.98, 66.092, 65.778, 65.88199999999999, 66.026, 65.78399999999999, 66.01599999999999, 66.364, 66.34, 66.374, 66.574, 66.264, 66.22200000000001, 66.298, 66.218, 66.64999999999999, 66.668, 66.766, 66.918, 66.83, 66.694, 66.658, 66.988, 67.086, 67.018, 67.28, 66.774, 66.94, 67.12, 67.374, 67.294, 67.24, 66.592, 66.796, 67.202, 67.176, 67.52, 67.512, 67.336, 67.72200000000001, 67.54599999999999, 67.486, 67.782, 67.982, 67.882, 67.696, 67.506, 67.814, 67.688, 67.75999999999999, 67.842, 67.772, 67.946, 68.086, 67.974, 67.94200000000001, 68.106, 68.658, 68.278, 68.124, 68.404, 68.34599999999999, 68.132, 67.962, 68.16799999999999, 68.34599999999999, 68.604, 68.028], [48.306, 47.492000000000004, 46.822, 46.526, 46.754, 47.216, 47.566, 47.502, 47.27, 47.428, 47.71, 47.943999999999996, 48.461999999999996, 49.034, 49.004, 49.034, 48.92, 48.734, 49.071999999999996, 49.252, 48.809999999999995, 49.218, 49.702, 49.684, 49.848, 49.84, 50.054, 50.412, 50.546, 50.342, 50.474, 50.89, 50.970000000000006, 50.702000000000005, 50.986, 51.190000000000005, 51.292, 50.946000000000005, 51.17, 51.166, 51.182, 51.376, 51.456, 50.934000000000005, 51.852, 51.482000000000006, 52.088, 51.476, 52.0, 52.544000000000004, 51.806, 51.29, 51.275999999999996, 52.044000000000004, 52.27, 52.062, 52.31400000000001, 52.44799999999999, 52.592000000000006, 52.358000000000004, 52.432, 52.495999999999995, 52.658, 52.524, 52.602000000000004, 52.425999999999995, 52.580000000000005, 52.129999999999995, 52.72599999999999, 52.646, 52.278000000000006, 52.486, 52.868, 53.022000000000006, 52.934000000000005, 52.888000000000005, 52.583999999999996, 52.524, 53.071999999999996, 53.008, 52.94, 52.796, 52.764, 52.586, 53.312000000000005, 52.980000000000004, 53.236000000000004, 53.198, 53.252, 53.122, 53.386, 53.262, 53.044000000000004, 53.025999999999996, 53.198, 53.43599999999999, 53.013999999999996, 53.064, 53.172, 53.425999999999995], [51.536, 51.92400000000001, 52.616, 52.872, 52.727999999999994, 53.39, 53.406, 53.852, 54.102, 54.238, 54.58, 55.096000000000004, 54.838, 55.245999999999995, 55.86600000000001, 55.782, 55.635999999999996, 55.986000000000004, 56.46, 56.184, 56.458, 56.176, 56.434, 56.76, 56.788000000000004, 56.952000000000005, 56.89999999999999, 56.798, 57.123999999999995, 57.51199999999999, 57.13399999999999, 57.145999999999994, 57.48799999999999, 57.18600000000001, 57.75, 57.745999999999995, 57.455999999999996, 57.928000000000004, 57.711999999999996, 57.638, 58.146, 58.114, 58.05200000000001, 58.452000000000005, 58.01, 58.35399999999999, 58.467999999999996, 58.26, 58.536, 58.028, 58.178, 58.58, 58.414, 58.532, 58.398, 58.967999999999996, 58.616, 58.702, 58.422, 58.524, 58.458, 58.418000000000006, 58.706, 58.884, 58.372, 58.658, 58.766, 58.67400000000001, 58.924, 58.764, 58.858, 59.216, 58.794000000000004, 59.001999999999995, 58.848, 59.216, 59.209999999999994, 59.162000000000006, 59.019999999999996, 59.018, 58.955999999999996, 59.428000000000004, 59.29, 58.828, 59.233999999999995, 59.428000000000004, 59.252, 59.312, 59.40800000000001, 58.709999999999994, 59.312, 58.948, 59.358, 59.738, 59.599999999999994, 59.474000000000004, 59.63, 59.587999999999994, 59.292, 59.824], [39.856, 39.836, 40.384, 41.638, 41.71, 41.894, 42.53, 42.211999999999996, 43.416, 43.57, 44.054, 44.440000000000005, 44.7, 44.536, 44.903999999999996, 45.42, 45.368, 45.638, 46.018, 46.233999999999995, 46.87, 46.63, 46.998, 47.066, 46.85, 47.72, 47.43, 47.25, 47.821999999999996, 47.698, 47.558, 48.065999999999995, 47.934, 48.278, 48.536, 48.774, 48.782, 48.58, 48.684, 49.022, 49.174, 49.362, 49.534, 49.254, 49.559999999999995, 49.484, 49.902, 49.962, 49.786, 49.538, 49.684, 49.692, 49.828, 50.088, 49.818, 50.03999999999999, 50.09, 50.126000000000005, 49.832, 50.23, 50.641999999999996, 51.062, 50.602000000000004, 50.308, 50.385999999999996, 50.938, 50.580000000000005, 50.99, 50.79, 50.414, 50.604000000000006, 50.916, 51.108, 51.1, 50.868, 50.982000000000006, 50.788, 51.144, 51.2, 51.38, 51.152, 51.768, 51.38399999999999, 51.224000000000004, 51.07000000000001, 51.212, 51.346000000000004, 50.946000000000005, 51.382000000000005, 51.554, 51.349999999999994, 51.746, 51.632, 51.44800000000001, 51.83, 51.873999999999995, 51.966, 51.937999999999995, 51.748000000000005, 51.9], [38.71, 37.958, 37.772, 38.302, 38.792, 38.638, 38.842, 38.924, 39.12, 39.495999999999995, 39.186, 39.346, 40.0, 39.87, 40.092, 40.254, 40.098, 40.35, 40.75, 40.512, 40.898, 41.372, 41.192, 41.528, 41.382000000000005, 42.028, 41.832, 41.884, 41.846, 42.486000000000004, 42.278, 41.942, 42.372, 42.553999999999995, 42.686, 42.744, 42.602000000000004, 42.974000000000004, 43.014, 43.33, 43.153999999999996, 43.242000000000004, 43.674, 43.636, 43.796, 43.652, 43.5, 44.006, 44.372, 44.302, 44.124, 44.246, 44.486, 44.082, 44.56, 44.668, 44.796, 44.902, 45.108, 45.016, 44.946000000000005, 44.844, 45.251999999999995, 44.986, 45.316, 45.123999999999995, 45.79, 45.348, 45.834, 46.022, 45.804, 45.988, 45.834, 45.617999999999995, 46.088, 46.007999999999996, 45.972, 45.98, 45.808, 46.733999999999995, 46.548, 46.524, 46.379999999999995, 46.508, 46.472, 46.82, 46.802, 47.082, 46.972, 47.036, 47.252, 47.410000000000004, 47.002, 47.294000000000004, 46.914, 47.06, 47.952, 47.522, 48.028, 47.752], [49.382, 49.098000000000006, 49.748, 50.482000000000006, 51.148, 51.486, 51.57000000000001, 52.186, 52.734, 53.239999999999995, 53.642, 53.93, 54.693999999999996, 55.076, 55.42399999999999, 56.164, 55.720000000000006, 55.989999999999995, 56.178, 56.616, 57.245999999999995, 57.174, 57.278, 57.328, 57.764, 57.814, 58.462, 58.5, 58.540000000000006, 58.833999999999996, 59.204, 59.541999999999994, 59.489999999999995, 59.638000000000005, 59.658, 60.122, 59.888, 60.099999999999994, 60.14000000000001, 60.314, 60.592, 60.404, 60.406000000000006, 60.846000000000004, 60.926, 60.738, 60.952, 60.936, 61.194, 61.458, 61.394000000000005, 61.472, 61.532, 61.366, 61.744, 61.312, 61.648, 61.514, 61.656, 61.763999999999996, 62.046, 62.50599999999999, 61.961999999999996, 62.442, 62.482000000000006, 62.364, 62.46000000000001, 62.648, 62.40599999999999, 62.56, 62.519999999999996, 62.424, 62.849999999999994, 63.13999999999999, 62.856, 62.622, 63.12799999999999, 62.868, 62.705999999999996, 62.983999999999995, 63.022, 62.580000000000005, 63.108, 63.406, 63.0, 63.029999999999994, 63.12799999999999, 63.54, 63.59, 63.151999999999994, 63.474, 63.674, 63.588, 63.602000000000004, 63.449999999999996, 63.768, 63.918, 63.532, 63.864, 63.715999999999994]]
Total Delta Gamma: [1.42878002 1.74889043 1.59948901 1.70541135 1.36481339 1.83186736
 1.59270471 1.53352831 1.73588812 1.26843545]
Total Delta R: [1.12920501 1.34852027 1.30549147 1.06329817 1.35679494 1.07851437
 1.21070418 1.41783632 1.30096591 1.3575231 ]
