Estimating the parameters from the real data (K=5)
==================================================

N (neurons): 805
K (states): 5
T (time steps): 10000
Seed: 12345
Number of repetitions: 10

Estimated parameters:
Estimated Pi: [array([0.04721259, 0.03512322, 0.07632876, 0.00678009, 0.83455535]), array([0.0020631 , 0.4050634 , 0.17562147, 0.34386179, 0.07339025]), array([0.01893099, 0.02084242, 0.92550554, 0.02068045, 0.0140406 ]), array([0.03317234, 0.35616535, 0.17073292, 0.1015037 , 0.33842569]), array([0.0045122 , 0.89056749, 0.03236802, 0.02523891, 0.04731338]), array([0.00191286, 0.02753306, 0.07428543, 0.87576353, 0.02050513]), array([0.08122272, 0.47698602, 0.08104122, 0.34000476, 0.02074529]), array([0.02270014, 0.86680407, 0.0874035 , 0.01590602, 0.00718626]), array([0.46813619, 0.02043833, 0.10126854, 0.37559286, 0.03456409]), array([0.02113309, 0.28888065, 0.6827211 , 0.00237936, 0.0048858 ])]
Estimated Gamma: [array([[3.23110986e-01, 1.62099835e-01, 4.59136876e-01, 9.29744185e-03,
        4.63548608e-02],
       [1.37979094e-01, 7.43209739e-04, 6.93779319e-02, 2.47475027e-01,
        5.44424738e-01],
       [1.44178045e-01, 2.91431514e-02, 2.68682268e-01, 2.39660118e-03,
        5.55599934e-01],
       [1.08253533e-01, 1.83961962e-01, 1.84283197e-01, 2.78632543e-01,
        2.44868764e-01],
       [8.21423297e-03, 7.02578976e-03, 3.23330407e-02, 1.61928120e-02,
        9.36234125e-01]]), array([[0.147549  , 0.3394859 , 0.13985227, 0.13732288, 0.23578995],
       [0.02514179, 0.09384762, 0.14943138, 0.72980811, 0.00177111],
       [0.00307365, 0.14546659, 0.36772133, 0.45353287, 0.03020556],
       [0.01505473, 0.77259566, 0.00549175, 0.1716623 , 0.03519557],
       [0.09021997, 0.34267938, 0.38649957, 0.1594916 , 0.02110949]]), array([[0.16128572, 0.05004752, 0.13592484, 0.48278231, 0.16995961],
       [0.01830924, 0.17479782, 0.11297013, 0.48588312, 0.20803969],
       [0.01057371, 0.02252262, 0.93763118, 0.01305958, 0.0162129 ],
       [0.0083341 , 0.05461874, 0.6102305 , 0.06154158, 0.26527508],
       [0.58052074, 0.05431468, 0.20387984, 0.01292526, 0.14835948]]), array([[0.16340087, 0.09156819, 0.47333192, 0.23276066, 0.03893836],
       [0.0243115 , 0.34052716, 0.20522502, 0.02762638, 0.40230994],
       [0.12064771, 0.67861051, 0.0658038 , 0.07749291, 0.05744508],
       [0.00335233, 0.0865317 , 0.38647526, 0.11601253, 0.40762818],
       [0.08613741, 0.29161499, 0.27599653, 0.23777405, 0.10847702]]), array([[0.04553998, 0.22955332, 0.16478467, 0.5269749 , 0.03314712],
       [0.00128748, 0.93462128, 0.00259966, 0.03224909, 0.02924248],
       [0.08731444, 0.66381716, 0.12493884, 0.05631492, 0.06761463],
       [0.21033727, 0.38942997, 0.1122516 , 0.18650321, 0.10147796],
       [0.21495224, 0.64275646, 0.00681378, 0.09856009, 0.03691743]]), array([[2.07974779e-02, 2.83467397e-01, 1.29208990e-01, 4.77909814e-01,
        8.86163205e-02],
       [6.83476999e-01, 6.81633658e-02, 1.41379653e-02, 6.79139408e-02,
        1.66307729e-01],
       [4.25717960e-01, 9.53337333e-02, 4.99603829e-03, 3.80286191e-01,
        9.36660773e-02],
       [1.25931277e-03, 4.49702384e-03, 1.22425025e-03, 9.92797815e-01,
        2.21598556e-04],
       [3.48216191e-01, 1.52742388e-02, 2.95401114e-01, 3.10234860e-01,
        3.08735961e-02]]), array([[0.24306439, 0.07162494, 0.1146651 , 0.54702206, 0.02362352],
       [0.00595225, 0.84001275, 0.00923071, 0.12328108, 0.02152321],
       [0.18077901, 0.69501865, 0.05266656, 0.01912868, 0.0524071 ],
       [0.04224325, 0.75829804, 0.11364698, 0.06501306, 0.02079867],
       [0.05842339, 0.66649231, 0.12665298, 0.09427602, 0.05415529]]), array([[1.29710507e-01, 1.79847134e-01, 3.29052482e-01, 5.85660039e-02,
        3.02823873e-01],
       [9.86152201e-03, 9.87028085e-01, 6.43121030e-04, 2.39380832e-03,
        7.34640243e-05],
       [2.51790453e-02, 4.50992851e-01, 1.69832186e-01, 9.11801847e-02,
        2.62815733e-01],
       [1.95016361e-01, 1.96015721e-01, 1.75438667e-02, 2.71665517e-01,
        3.19758535e-01],
       [4.67111606e-01, 6.62294402e-02, 1.55121807e-01, 2.32912070e-01,
        7.86250762e-02]]), array([[0.74737212, 0.00709683, 0.00309807, 0.23154771, 0.01088526],
       [0.36018658, 0.04021362, 0.02012651, 0.30215521, 0.27731809],
       [0.49567459, 0.0735416 , 0.01743721, 0.23965558, 0.17369102],
       [0.95696855, 0.00936675, 0.00911198, 0.01720168, 0.00735104],
       [0.00122247, 0.72145399, 0.02924434, 0.10060574, 0.14747346]]), array([[0.11903863, 0.05135438, 0.01851755, 0.7814027 , 0.02968674],
       [0.01895922, 0.06997896, 0.72508608, 0.17951962, 0.00645612],
       [0.0050515 , 0.02219086, 0.96481259, 0.00402611, 0.00391894],
       [0.12991531, 0.01859453, 0.51563628, 0.08562925, 0.25022462],
       [0.23304845, 0.07000012, 0.00945171, 0.11720059, 0.57029914]])]
Estimated R: [array([[4.39701409e-03, 2.99772653e-03, 2.49586657e-02, 6.66307238e-04,
        2.04415426e-01],
       [2.19071585e-03, 4.11291342e-03, 9.23910816e-04, 1.33372775e-03,
        2.54322718e-03],
       [1.48212097e-05, 5.16346518e-03, 2.54216823e-04, 5.22183481e-04,
        1.91461612e-04],
       ...,
       [8.41180743e-04, 1.47646964e-04, 5.29205937e-04, 3.97917825e-04,
        1.66972072e-03],
       [2.96003446e-05, 9.11574179e-04, 1.26290539e-04, 1.40777117e-03,
        8.39817664e-04],
       [5.74390102e-04, 2.65874649e-06, 2.10173590e-03, 2.43610913e-03,
        8.24871046e-04]]), array([[2.02630997e-03, 1.14964565e-01, 2.41283700e-02, 1.21256500e-01,
        1.25422526e-02],
       [1.75287216e-03, 4.54589165e-04, 1.72921082e-04, 1.79841793e-04,
        2.41495452e-03],
       [9.02354746e-04, 2.74037722e-06, 1.63101452e-03, 3.77804994e-04,
        3.86651724e-03],
       ...,
       [1.00613333e-03, 1.78111653e-03, 1.13627855e-03, 8.57017774e-04,
        2.22926809e-04],
       [3.47150482e-04, 1.15466050e-03, 2.69772575e-03, 8.08715327e-04,
        3.03253846e-04],
       [1.97229327e-04, 7.47490540e-04, 2.11321874e-03, 1.17978468e-03,
        8.39138678e-04]]), array([[6.55674449e-05, 4.26839296e-03, 1.93942053e-01, 1.28888939e-02,
        1.45004968e-03],
       [4.29051892e-05, 7.70687857e-04, 5.45308353e-04, 3.33487771e-04,
        1.59826448e-04],
       [6.54986268e-04, 1.88277517e-03, 1.85500466e-04, 2.96508122e-03,
        4.40492763e-04],
       ...,
       [1.43540007e-03, 9.78593652e-04, 1.05646758e-04, 5.54122116e-04,
        1.45842830e-03],
       [1.17674816e-03, 1.63780771e-03, 1.21005832e-03, 2.65497123e-03,
        6.07135488e-04],
       [5.23439593e-04, 8.86263553e-04, 8.36285808e-04, 6.39605884e-06,
        7.49124212e-04]]), array([[0.01295319, 0.1228398 , 0.06576954, 0.02536538, 0.07940923],
       [0.00111941, 0.00018866, 0.00017322, 0.00148872, 0.0001247 ],
       [0.00148413, 0.00208846, 0.00043537, 0.00120044, 0.00083118],
       ...,
       [0.00105073, 0.0030566 , 0.0002384 , 0.00259793, 0.00057712],
       [0.00098635, 0.00196769, 0.00017687, 0.0008024 , 0.00275577],
       [0.00159622, 0.00129167, 0.00012698, 0.00059822, 0.00335525]]), array([[3.43747433e-04, 2.27465648e-01, 1.51603163e-03, 9.33974404e-03,
        7.77410069e-03],
       [2.55097558e-03, 4.71392475e-04, 1.31989275e-03, 1.21298063e-03,
        4.97196056e-04],
       [7.22466645e-04, 1.05510874e-03, 8.11971208e-04, 4.86675735e-04,
        4.94342132e-04],
       ...,
       [3.04430447e-03, 9.11805080e-05, 5.03685409e-04, 2.45295839e-04,
        5.30836502e-04],
       [2.04565781e-03, 6.31889295e-04, 8.95263562e-04, 4.08342603e-03,
        7.03927572e-05],
       [5.27347864e-04, 1.29537931e-05, 1.40653377e-03, 3.80951128e-03,
        8.45963959e-04]]), array([[8.64548152e-04, 2.49405218e-04, 2.66437393e-03, 2.53095133e-01,
        5.86986152e-04],
       [2.31601377e-03, 4.26389854e-04, 2.57762214e-04, 8.41897751e-05,
        1.66485409e-04],
       [6.89065528e-04, 5.88061584e-04, 9.02829191e-04, 1.05573789e-03,
        1.33577594e-03],
       ...,
       [4.38933619e-04, 2.98608486e-04, 1.46973450e-03, 1.35147947e-03,
        1.25125784e-03],
       [1.13462860e-03, 1.47942106e-03, 4.00497928e-03, 1.06101262e-03,
        1.71673509e-03],
       [4.89785183e-04, 3.52126240e-03, 3.90802105e-04, 5.94167944e-04,
        1.08674543e-03]]), array([[3.35379816e-03, 1.80706684e-01, 6.93755076e-03, 4.83151185e-02,
        5.25252328e-03],
       [9.09048152e-04, 1.04828412e-04, 3.46922668e-03, 4.88338438e-04,
        1.31439617e-03],
       [1.28455950e-04, 3.56097580e-03, 1.71362381e-03, 8.00578863e-05,
        6.30387128e-03],
       ...,
       [7.30086349e-04, 6.98829719e-04, 6.17775983e-04, 3.47748310e-05,
        4.59645332e-03],
       [2.54271843e-03, 1.24182801e-03, 4.10864271e-04, 3.43981061e-04,
        1.16482586e-03],
       [1.60974880e-03, 2.43386360e-04, 1.25847317e-04, 8.06928918e-04,
        1.03556952e-03]]), array([[8.72841594e-03, 2.47000863e-01, 3.55826568e-03, 4.18687504e-04,
        3.53293238e-03],
       [3.52860199e-03, 2.18999786e-04, 3.56133560e-03, 1.94037611e-04,
        1.15879101e-03],
       [7.28129650e-04, 8.52379545e-04, 6.08795631e-04, 1.95214062e-03,
        1.08278720e-03],
       ...,
       [4.98897053e-03, 4.11538474e-04, 1.09417237e-03, 1.94851718e-03,
        2.98048600e-03],
       [3.90306277e-04, 1.90849765e-04, 1.71570422e-03, 2.45869170e-03,
        2.69867543e-04],
       [7.89683225e-04, 4.67593145e-04, 1.51357732e-03, 1.32490534e-03,
        3.11405632e-04]]), array([[1.96234805e-01, 4.23868557e-03, 1.09899713e-02, 5.92401132e-02,
        7.28534417e-04],
       [5.62714584e-04, 4.86353778e-03, 5.17570308e-04, 3.74405930e-04,
        1.75871370e-03],
       [9.55459581e-04, 2.35517899e-04, 1.08768709e-03, 1.58652070e-03,
        1.12857738e-02],
       ...,
       [1.54001332e-03, 3.15887397e-03, 2.41483306e-03, 3.24415245e-03,
        1.14854352e-04],
       [3.91952531e-04, 3.77007672e-04, 1.32658200e-03, 2.49924524e-03,
        8.66822273e-04],
       [1.06653332e-03, 1.65382106e-03, 1.33942229e-03, 2.77647605e-03,
        1.28386516e-04]]), array([[1.68568628e-03, 1.43806501e-02, 2.10973932e-01, 7.25283521e-03,
        5.37718152e-04],
       [9.88211141e-04, 1.30457700e-03, 1.89662299e-03, 6.79235857e-04,
        3.14245220e-03],
       [2.41318410e-03, 4.86419536e-04, 4.21537303e-04, 1.15935902e-03,
        3.60655062e-04],
       ...,
       [8.22787732e-05, 1.39150768e-03, 2.79596424e-03, 5.30568105e-05,
        1.09789430e-04],
       [4.72616683e-04, 2.46952919e-04, 1.92882801e-03, 6.00156691e-04,
        6.28121915e-04],
       [1.55620572e-03, 2.10515462e-03, 1.69350149e-04, 9.69212905e-04,
        8.28151544e-05]])]

Total NMI: [[0.6515533942552646, 0.6712694853274374, 0.2019643764564272, 0.0, 0.0, 0.16336407391907906, 0.38033214891787165, 0.2019643764564272, 1.0, 0.0, 1.0, 0.0, 0.10098733632389119, 0.10098733632389119, 0.0, 1.0, 1.0, 1.0, 0.0, 0.10098733632389119, 0.0, 1.0, 1.0, 1.0, 0.0, 0.0, 1.0, 1.0, 1.0, 1.0, 1.0, 1.0, 0.0, 0.0, 1.0, 1.0, 1.0, 1.0, 1.0, 1.0, 1.0, 1.0, 1.0, 1.0, 1.0, 1.0, 1.0, 1.0, 1.0, 1.0], [0.6515533942552646, 1.0, 0.7789794173345359, 0.13715115395349545, 0.2869418248409964, 0.2869418248409964, 0.39472833517573314, 0.5981055023708863, 0.3586599605575701, 0.3586599605575701, 0.3586599605575701, 0.13715115395349545, 0.39472833517573314, 0.39472833517573314, 0.0, 0.0, 0.2019643764564272, 0.020570659450692717, 1.0, 0.7789794173345359, 0.4580652856440157, 0.7789794173345359, 0.4580652856440157, 1.0, 0.43253806776631243, 0.6712694853274374, 0.6712694853274374, 0.43253806776631243, 1.0, 0.829198600737597, 0.3063371471741693, 0.3586599605575701, 0.2019643764564272, 0.2019643764564272, 0.43253806776631243, 0.7789794173345359, 0.4580652856440157, 0.020570659450692717, 0.13715115395349545, 0.13715115395349545, 0.7789794173345359, 1.0, 0.7789794173345359, 1.0, 0.43253806776631243, 0.43253806776631243, 0.2019643764564272, 0.2019643764564272, 0.38033214891787165, 0.2019643764564272], [0.16336407391907906, 0.10098733632389119, 1.0, 0.0, 1.0, 1.0, 0.0, 0.0, 1.0, 0.0, 0.0, 1.0, 1.0, 1.0, 1.0, 1.0, 1.0, 1.0, 1.0, 1.0, 1.0, 1.0, 1.0, 1.0, 1.0, 1.0, 1.0, 1.0, 1.0, 1.0, 1.0, 1.0, 1.0, 1.0, 1.0, 1.0, 1.0, 1.0, 1.0, 1.0, 1.0, 1.0, 1.0, 1.0, 1.0, 1.0, 1.0, 1.0, 1.0, 1.0], [0.5897275217561565, 0.7918756684685216, 0.6515533942552646, 0.6712694853274374, 0.6712694853274374, 0.4743509876140318, 0.6515533942552646, 0.6515533942552646, 0.4743509876140318, 0.6515533942552646, 0.7918756684685216, 0.8326760405064335, 0.39472833517573314, 0.39472833517573314, 0.39472833517573314, 0.6515533942552646, 0.5897275217561565, 0.829198600737597, 1.0, 0.39472833517573314, 0.7918756684685216, 0.7918756684685216, 0.7918756684685216, 0.6515533942552646, 0.2869418248409964, 0.2869418248409964, 0.6515533942552646, 0.6515533942552646, 0.4580652856440157, 1.0, 0.39472833517573314, 0.6515533942552646, 0.13715115395349545, 0.3586599605575701, 0.6712694853274374, 0.737175493807016, 0.6712694853274374, 0.6712694853274374, 0.6434709124204981, 0.2019643764564272, 0.6712694853274374, 0.8326760405064335, 0.6898900529340528, 0.16336407391907906, 0.8326760405064335, 0.39472833517573314, 0.43253806776631243, 0.7789794173345359, 0.39472833517573314, 0.5981055023708863], [0.2869418248409964, 1.0, 0.0, 0.0, 0.2019643764564272, 0.38033214891787165, 0.0, 0.0, 0.0, 1.0, 1.0, 1.0, 1.0, 1.0, 0.0, 0.0, 0.0, 0.0, 1.0, 1.0, 1.0, 1.0, 1.0, 1.0, 1.0, 1.0, 1.0, 1.0, 1.0, 1.0, 1.0, 1.0, 1.0, 1.0, 1.0, 0.0, 0.0, 1.0, 1.0, 1.0, 1.0, 1.0, 1.0, 1.0, 1.0, 1.0, 1.0, 1.0, 1.0, 1.0], [0.0, 1.0, 1.0, 1.0, 1.0, 1.0, 1.0, 1.0, 1.0, 1.0, 1.0, 1.0, 1.0, 1.0, 1.0, 1.0, 1.0, 1.0, 1.0, 1.0, 1.0, 1.0, 1.0, 1.0, 1.0, 1.0, 1.0, 1.0, 1.0, 1.0, 1.0, 1.0, 1.0, 1.0, 1.0, 1.0, 1.0, 1.0, 1.0, 1.0, 1.0, 1.0, 1.0, 1.0, 1.0, 1.0, 1.0, 1.0, 1.0, 1.0], [0.6515533942552646, 0.6712694853274374, 0.6898900529340528, 0.6898900529340528, 0.3586599605575701, 0.3586599605575701, 0.3586599605575701, 0.3586599605575701, 0.0, 0.0, 0.38033214891787165, 0.6898900529340528, 0.6898900529340528, 1.0, 0.2019643764564272, 0.0, 0.0, 0.2019643764564272, 1.0, 1.0, 1.0, 0.0, 1.0, 1.0, 1.0, 0.0, 0.0, 0.0, 0.0, 1.0, 1.0, 1.0, 0.0, 0.0, 1.0, 1.0, 1.0, 1.0, 0.0, 0.0, 1.0, 1.0, 0.0, 0.0, 1.0, 0.0, 0.10098733632389119, 0.0, 1.0, 0.0], [0.0, 1.0, 1.0, 1.0, 1.0, 1.0, 1.0, 1.0, 0.0, 0.0, 0.0, 0.0, 1.0, 1.0, 1.0, 1.0, 1.0, 1.0, 1.0, 1.0, 1.0, 1.0, 1.0, 1.0, 1.0, 1.0, 1.0, 1.0, 1.0, 1.0, 1.0, 1.0, 1.0, 1.0, 1.0, 1.0, 1.0, 1.0, 1.0, 1.0, 1.0, 1.0, 1.0, 1.0, 1.0, 1.0, 1.0, 1.0, 1.0, 1.0], [0.3586599605575701, 0.3586599605575701, 0.3586599605575701, 0.5981055023708863, 0.3586599605575701, 0.2019643764564272, 0.38033214891787165, 0.020570659450692717, 0.38033214891787165, 0.38033214891787165, 0.020570659450692717, 0.2019643764564272, 0.0, 0.0, 0.38033214891787165, 0.10098733632389119, 0.10098733632389119, 0.0, 0.0, 0.10098733632389119, 0.0, 0.0, 0.020570659450692717, 0.2019643764564272, 0.0, 0.0, 0.10098733632389119, 0.0, 1.0, 0.0, 0.0, 0.0, 0.16336407391907906, 0.16336407391907906, 0.38033214891787165, 0.38033214891787165, 0.38033214891787165, 0.0, 0.0, 0.0, 0.0, 0.10098733632389119, 1.0, 0.0, 0.0, 0.38033214891787165, 0.0, 0.0, 0.10098733632389119, 0.0], [0.6712694853274374, 0.7918756684685216, 0.546117521580382, 0.6434709124204981, 0.0, 0.0, 0.0, 0.0, 0.0, 1.0, 1.0, 1.0, 0.0, 0.10098733632389119, 0.10098733632389119, 1.0, 0.0, 0.0, 1.0, 0.0, 1.0, 1.0, 1.0, 1.0, 1.0, 1.0, 1.0, 1.0, 1.0, 0.0, 0.0, 1.0, 1.0, 1.0, 1.0, 1.0, 1.0, 1.0, 1.0, 1.0, 1.0, 0.0, 0.0, 1.0, 1.0, 1.0, 1.0, 1.0, 1.0, 1.0]]
Total Percentage: [[60.0, 60.0, 60.0, 80.0, 60.0, 40.0, 80.0, 40.0, 80.0, 80.0, 100.0, 80.0, 60.0, 60.0, 80.0, 100.0, 100.0, 100.0, 80.0, 60.0, 80.0, 100.0, 100.0, 100.0, 80.0, 80.0, 100.0, 100.0, 100.0, 100.0, 100.0, 100.0, 80.0, 80.0, 100.0, 100.0, 100.0, 100.0, 100.0, 100.0, 100.0, 100.0, 100.0, 100.0, 100.0, 100.0, 100.0, 100.0, 100.0, 100.0], [60.0, 80.0, 40.0, 40.0, 60.0, 60.0, 40.0, 60.0, 40.0, 60.0, 40.0, 40.0, 60.0, 60.0, 40.0, 80.0, 60.0, 60.0, 100.0, 80.0, 60.0, 60.0, 60.0, 100.0, 80.0, 40.0, 60.0, 80.0, 100.0, 80.0, 40.0, 60.0, 60.0, 40.0, 20.0, 80.0, 60.0, 60.0, 40.0, 40.0, 80.0, 100.0, 80.0, 100.0, 80.0, 80.0, 60.0, 60.0, 20.0, 60.0], [40.0, 60.0, 80.0, 80.0, 100.0, 100.0, 80.0, 80.0, 100.0, 80.0, 80.0, 100.0, 100.0, 100.0, 100.0, 100.0, 100.0, 100.0, 100.0, 100.0, 100.0, 100.0, 100.0, 100.0, 100.0, 100.0, 100.0, 100.0, 100.0, 100.0, 100.0, 100.0, 100.0, 100.0, 100.0, 100.0, 100.0, 100.0, 100.0, 100.0, 100.0, 100.0, 100.0, 100.0, 100.0, 100.0, 100.0, 100.0, 100.0, 100.0], [40.0, 80.0, 20.0, 0.0, 20.0, 20.0, 20.0, 0.0, 40.0, 0.0, 0.0, 60.0, 20.0, 40.0, 20.0, 40.0, 60.0, 80.0, 60.0, 40.0, 0.0, 80.0, 80.0, 20.0, 40.0, 20.0, 60.0, 0.0, 60.0, 0.0, 40.0, 40.0, 20.0, 20.0, 40.0, 80.0, 20.0, 60.0, 60.0, 40.0, 60.0, 60.0, 80.0, 40.0, 60.0, 20.0, 80.0, 80.0, 40.0, 40.0], [20.0, 80.0, 80.0, 60.0, 40.0, 60.0, 60.0, 80.0, 80.0, 100.0, 100.0, 100.0, 100.0, 100.0, 80.0, 80.0, 80.0, 80.0, 100.0, 100.0, 100.0, 100.0, 100.0, 100.0, 100.0, 100.0, 100.0, 100.0, 100.0, 100.0, 100.0, 100.0, 100.0, 100.0, 100.0, 80.0, 80.0, 100.0, 100.0, 100.0, 100.0, 100.0, 100.0, 100.0, 100.0, 100.0, 100.0, 100.0, 100.0, 100.0], [80.0, 100.0, 100.0, 100.0, 100.0, 100.0, 100.0, 100.0, 100.0, 100.0, 100.0, 100.0, 100.0, 100.0, 100.0, 100.0, 100.0, 100.0, 100.0, 100.0, 100.0, 100.0, 100.0, 100.0, 100.0, 100.0, 100.0, 100.0, 100.0, 100.0, 100.0, 100.0, 100.0, 100.0, 100.0, 100.0, 100.0, 100.0, 100.0, 100.0, 100.0, 100.0, 100.0, 100.0, 100.0, 100.0, 100.0, 100.0, 100.0, 100.0], [40.0, 60.0, 60.0, 20.0, 60.0, 40.0, 40.0, 60.0, 60.0, 60.0, 60.0, 60.0, 60.0, 80.0, 40.0, 60.0, 60.0, 40.0, 80.0, 100.0, 100.0, 80.0, 100.0, 100.0, 100.0, 60.0, 60.0, 80.0, 80.0, 100.0, 100.0, 100.0, 60.0, 60.0, 100.0, 100.0, 100.0, 100.0, 80.0, 80.0, 100.0, 100.0, 80.0, 80.0, 100.0, 80.0, 60.0, 80.0, 100.0, 80.0], [20.0, 100.0, 100.0, 100.0, 100.0, 100.0, 100.0, 100.0, 80.0, 80.0, 80.0, 80.0, 100.0, 100.0, 100.0, 100.0, 100.0, 100.0, 100.0, 100.0, 100.0, 100.0, 100.0, 100.0, 100.0, 100.0, 100.0, 100.0, 100.0, 100.0, 100.0, 100.0, 100.0, 100.0, 100.0, 100.0, 100.0, 100.0, 100.0, 100.0, 100.0, 100.0, 100.0, 100.0, 100.0, 100.0, 100.0, 100.0, 100.0, 100.0], [40.0, 60.0, 60.0, 40.0, 60.0, 40.0, 80.0, 60.0, 80.0, 80.0, 60.0, 40.0, 80.0, 60.0, 80.0, 60.0, 60.0, 80.0, 80.0, 60.0, 80.0, 60.0, 60.0, 40.0, 80.0, 80.0, 60.0, 80.0, 100.0, 60.0, 60.0, 80.0, 40.0, 40.0, 80.0, 80.0, 80.0, 60.0, 80.0, 80.0, 80.0, 60.0, 100.0, 80.0, 80.0, 60.0, 60.0, 80.0, 60.0, 80.0], [40.0, 20.0, 40.0, 40.0, 40.0, 80.0, 80.0, 80.0, 80.0, 100.0, 100.0, 100.0, 80.0, 60.0, 60.0, 100.0, 80.0, 80.0, 100.0, 80.0, 100.0, 100.0, 100.0, 100.0, 100.0, 100.0, 100.0, 100.0, 100.0, 80.0, 80.0, 100.0, 100.0, 100.0, 100.0, 100.0, 100.0, 100.0, 100.0, 100.0, 100.0, 80.0, 80.0, 100.0, 100.0, 100.0, 100.0, 100.0, 100.0, 100.0]]
Total Delta Gamma: [1.44148553 1.62774918 1.27724616 1.22751592 1.27468694 1.07515098
 1.43297049 1.43968731 1.38155156 1.43111517]
Total Delta R: [0.23344513 0.19810975 0.22160067 0.1928497  0.24913506 0.27389976
 0.21622586 0.26796015 0.23031117 0.2369306 ]
