Complexity increased keeping gamma very unbalanced, and increasing K (K=2)
==================================================

N (neurons): 3
K (states): 2
T (time steps): 100000
Seed: None
Number of repetitions: 10

Initialization of parameters for HMM:
Pi: [1 0]
Gamma: [[0.9 0.1]
 [0.1 0.9]]
R: [[0.5 0. ]
 [0.  0.5]
 [0.5 0. ]
 [0.  0.5]]

Generated data:
Generated firings (y): [2 2 0 0 0 0 0 2 2 0 0 0 2 0 1 1 1 1 1 1 0 2 0 0 2 0 0 0 2 2 2 2 0 0 2 2 0
 2 1 3 1 3 1 1 1 1 1 1 1 1 1 1 1 1 3 1 2 2 0 3 1 0 0 0 2 0 2 2 0 0 2 3 1 1
 3 3 2 2 2 0 2 1 2 2 1 3 3 2 2 0 0 2 0 2 2 0 1 1 1 3]... (showing first 100 entries)
Generated states (z): [0 0 0 0 0 0 0 0 0 0 0 0 0 0 1 1 1 1 1 1 0 0 0 0 0 0 0 0 0 0 0 0 0 0 0 0 0
 0 1 1 1 1 1 1 1 1 1 1 1 1 1 1 1 1 1 1 0 0 0 1 1 0 0 0 0 0 0 0 0 0 0 1 1 1
 1 1 0 0 0 0 0 1 0 0 1 1 1 0 0 0 0 0 0 0 0 0 1 1 1 1]... (showing first 100 entries)

Estimated parameters:
Estimated Pi: [array([0.48722393, 0.51277607]), array([0.93649537, 0.06350463]), array([0.1758163, 0.8241837]), array([0.93002767, 0.06997233]), array([0.95575286, 0.04424714]), array([0.6190838, 0.3809162]), array([0.3298363, 0.6701637]), array([0.23707365, 0.76292635]), array([0.93683372, 0.06316628]), array([0.25290711, 0.74709289])]
Estimated Gamma: [array([[0.72298576, 0.27701424],
       [0.50959145, 0.49040855]]), array([[0.901212  , 0.098788  ],
       [0.11719654, 0.88280346]]), array([[0.6331343 , 0.3668657 ],
       [0.27771649, 0.72228351]]), array([[0.88199604, 0.11800396],
       [0.11617224, 0.88382776]]), array([[0.87066913, 0.12933087],
       [0.77408386, 0.22591614]]), array([[0.03837713, 0.96162287],
       [0.19370955, 0.80629045]]), array([[0.88199972, 0.11800028],
       [0.87114039, 0.12885961]]), array([[0.23181675, 0.76818325],
       [0.25737631, 0.74262369]]), array([[0.88841031, 0.11158969],
       [0.26942799, 0.73057201]]), array([[0.37029096, 0.62970904],
       [0.70056377, 0.29943623]])]
Estimated R: [array([[0.25129745, 0.26046982],
       [0.30826918, 0.12925137],
       [0.19985981, 0.34426008],
       [0.24057356, 0.26601873]]), array([[0.45139366, 0.01960716],
       [0.06709433, 0.45616125],
       [0.45802952, 0.00537186],
       [0.0234825 , 0.51885973]]), array([[0.11688557, 0.35851663],
       [0.29108012, 0.2100242 ],
       [0.08623193, 0.37533543],
       [0.50580238, 0.05612375]]), array([[0.50212385, 0.01077574],
       [0.03437909, 0.45228324],
       [0.45866606, 0.04705865],
       [0.004831  , 0.48988236]]), array([[0.16072415, 0.81839572],
       [0.27792657, 0.04434926],
       [0.28830688, 0.02715115],
       [0.2730424 , 0.11010387]]), array([[0.18590321, 0.26786683],
       [0.05118749, 0.28436983],
       [0.28294176, 0.24446345],
       [0.47996755, 0.20329989]]), array([[0.28832143, 0.00135083],
       [0.2742018 , 0.03035949],
       [0.21569371, 0.50870252],
       [0.22178306, 0.45958716]]), array([[0.13607878, 0.29399011],
       [0.33589998, 0.21464057],
       [0.13478248, 0.28987732],
       [0.39323875, 0.201492  ]]), array([[0.35907185, 0.00218963],
       [0.17799558, 0.40722334],
       [0.35185211, 0.00642668],
       [0.11108046, 0.58416036]]), array([[0.16433002, 0.35383159],
       [0.3717721 , 0.10362877],
       [0.31564659, 0.17931305],
       [0.14825129, 0.36322659]])]

