Complexity increased keeping gamma very unbalanced, and increasing K (K=7)
==================================================

N (neurons): 3
K (states): 7
T (time steps): 100000
Seed: None
Number of repetitions: 10

Initialization of parameters for HMM:
Pi: [1 0 0 0 0 0 0]
Gamma: [[0.7  0.05 0.05 0.05 0.05 0.05 0.05]
 [0.05 0.7  0.05 0.05 0.05 0.05 0.05]
 [0.05 0.05 0.7  0.05 0.05 0.05 0.05]
 [0.05 0.05 0.05 0.7  0.05 0.05 0.05]
 [0.05 0.05 0.05 0.05 0.7  0.05 0.05]
 [0.05 0.05 0.05 0.05 0.05 0.7  0.05]
 [0.05 0.05 0.05 0.05 0.05 0.05 0.7 ]]
R: [[0.5        0.         0.5        0.         0.33333333 0.33333333
  0.33333333]
 [0.         0.5        0.5        0.         0.         0.33333333
  0.33333333]
 [0.5        0.         0.         0.5        0.33333333 0.
  0.33333333]
 [0.         0.5        0.         0.5        0.33333333 0.33333333
  0.        ]]

Generated data:
Generated firings (y): [0 1 0 1 1 3 3 1 0 3 1 0 1 0 1 0 1 0 3 2 2 3 0 0 2 2 3 2 0 2 0 0 1 3 3 1 1
 3 3 1 1 3 3 0 1 1 1 1 0 3 3 3 0 0 1 3 1 3 0 1 1 3 1 2 0 2 3 0 3 3 3 0 2 0
 3 1 1 3 3 2 2 2 1 3 1 0 0 0 0 0 1 0 0 1 0 0 0 1 0 0]... (showing first 100 entries)
Generated states (z): [0 5 5 5 5 5 5 5 5 5 2 2 2 2 2 2 2 2 4 4 4 4 4 4 4 4 4 4 4 3 4 4 6 1 1 1 1
 1 1 1 1 1 5 5 2 2 2 2 2 3 3 3 5 5 1 1 1 4 4 1 1 1 1 0 0 0 5 5 5 5 3 4 4 4
 1 1 1 1 1 4 4 4 5 5 2 2 2 2 2 2 2 2 2 2 2 2 2 2 2 2]... (showing first 100 entries)

Estimated parameters:
Estimated Pi: [array([2.12514525e-39, 1.94582398e-19, 7.88623096e-20, 2.26200571e-12,
       9.36978268e-01, 1.59970037e-22, 6.30217322e-02]), array([4.61307454e-35, 5.28605152e-02, 5.94738739e-31, 3.04075745e-13,
       1.13515961e-10, 9.47139485e-01, 1.29785207e-17]), array([3.45543725e-24, 3.51377453e-14, 1.89090328e-04, 4.45912962e-52,
       9.99810910e-01, 4.75453169e-22, 8.75900936e-11]), array([9.99998981e-01, 8.43980848e-44, 4.02263491e-21, 1.02187485e-21,
       1.01906285e-06, 6.59529487e-14, 1.22241694e-43]), array([2.36947662e-36, 1.11075213e-26, 1.00000000e+00, 1.24207599e-33,
       3.13661851e-12, 7.04489157e-21, 7.03832163e-25]), array([7.95947919e-28, 2.31334262e-02, 1.71615851e-36, 2.62548886e-07,
       2.25535453e-20, 9.76866311e-01, 1.74730166e-17]), array([7.51907414e-35, 3.91979096e-14, 1.00000000e+00, 2.01450718e-12,
       1.62084259e-18, 1.48845052e-18, 4.79480901e-25]), array([5.39232380e-12, 5.50616985e-33, 2.63255477e-05, 8.20546252e-01,
       1.79244956e-01, 1.82466266e-04, 5.86334533e-11]), array([4.80070408e-40, 4.07080029e-25, 8.09304143e-12, 1.86370843e-05,
       9.86070239e-10, 4.46849196e-04, 9.99534513e-01]), array([8.12963965e-22, 5.30074715e-24, 9.97071057e-06, 9.99961818e-01,
       2.82702659e-29, 2.82108258e-05, 3.85148376e-48])]
Estimated Gamma: [array([[4.05128598e-01, 3.99985505e-02, 5.36712424e-04, 1.59126423e-01,
        2.09800883e-01, 1.00164202e-02, 3.89952046e-02],
       [1.84123254e-01, 7.62026019e-02, 2.89504317e-01, 8.08149737e-02,
        3.94655996e-02, 3.20507000e-01, 2.86969602e-02],
       [3.43621496e-04, 1.04689666e-01, 4.50783888e-01, 3.02322681e-02,
        2.66879809e-01, 2.51666948e-01, 1.98142436e-02],
       [3.77073728e-01, 9.18172876e-02, 1.42192269e-02, 2.22464558e-01,
        1.58880818e-01, 1.92036223e-02, 4.09219617e-03],
       [1.01279148e-03, 3.22661314e-02, 3.66133518e-02, 2.09365024e-01,
        9.35282032e-02, 1.09075155e-01, 5.06409181e-01],
       [1.76750288e-02, 6.38815517e-01, 1.96385413e-02, 9.22942722e-02,
        5.36676256e-02, 2.81069097e-01, 1.97529759e-03],
       [1.46429782e-02, 1.62102460e-02, 1.88703962e-01, 2.05702482e-01,
        1.77777062e-01, 8.46175764e-03, 4.00016917e-01]]), array([[0.08025348, 0.07484864, 0.5781194 , 0.02946097, 0.10273136,
        0.10880865, 0.02515157],
       [0.0027806 , 0.6313361 , 0.06097117, 0.0107962 , 0.169926  ,
        0.13200469, 0.07863442],
       [0.63743395, 0.0235037 , 0.04079585, 0.02018402, 0.17156412,
        0.08705274, 0.01431836],
       [0.1785932 , 0.04826701, 0.0017728 , 0.05741166, 0.16381983,
        0.00522035, 0.490519  ],
       [0.08260238, 0.08891515, 0.13278827, 0.30041812, 0.01047673,
        0.01281333, 0.31919822],
       [0.00235658, 0.08843523, 0.12257161, 0.04243261, 0.19011397,
        0.61205329, 0.02257121],
       [0.01597981, 0.04469417, 0.06298091, 0.53929642, 0.19136799,
        0.04204695, 0.04960722]]), array([[0.15323408, 0.45466851, 0.00643172, 0.0300554 , 0.01881908,
        0.24066772, 0.03929327],
       [0.14585701, 0.07732279, 0.0930228 , 0.02871784, 0.0758283 ,
        0.49975731, 0.01489812],
       [0.0246351 , 0.30808881, 0.26906883, 0.08844859, 0.06845381,
        0.00827904, 0.2256321 ],
       [0.1157079 , 0.03230751, 0.02314376, 0.47974134, 0.00216148,
        0.00431432, 0.44378618],
       [0.01263018, 0.05276028, 0.48408129, 0.02675337, 0.42828503,
        0.00185698, 0.05252909],
       [0.35141201, 0.02271995, 0.11172918, 0.12441294, 0.00787018,
        0.1791654 , 0.1560811 ],
       [0.19652371, 0.05213216, 0.01252242, 0.22187053, 0.39858212,
        0.06595923, 0.06778015]]), array([[0.3316099 , 0.01917192, 0.05133717, 0.1914998 , 0.14453589,
        0.18507806, 0.03023756],
       [0.00831369, 0.43041643, 0.11843859, 0.23065621, 0.06314864,
        0.01615263, 0.1570111 ],
       [0.17156017, 0.0031622 , 0.58180275, 0.00589665, 0.03223891,
        0.09791402, 0.24679292],
       [0.02504366, 0.08683081, 0.00657743, 0.34587784, 0.43157853,
        0.02917127, 0.02408973],
       [0.2407213 , 0.03196078, 0.01866014, 0.00084169, 0.22467481,
        0.36099803, 0.04074334],
       [0.09215179, 0.36186284, 0.03386837, 0.12688494, 0.09360223,
        0.14686743, 0.11185563],
       [0.13059948, 0.06659502, 0.18931555, 0.09834288, 0.01022098,
        0.16381855, 0.38926972]]), array([[0.14242855, 0.09160534, 0.07895756, 0.0007524 , 0.2814915 ,
        0.01187032, 0.36042565],
       [0.14701537, 0.47834933, 0.01648401, 0.03073673, 0.06659226,
        0.12729266, 0.10884984],
       [0.04255985, 0.00157752, 0.54987015, 0.08676691, 0.2231743 ,
        0.14160518, 0.06149569],
       [0.43070999, 0.03379106, 0.00662502, 0.42031241, 0.0574026 ,
        0.00196165, 0.01684721],
       [0.14747838, 0.22523454, 0.06935113, 0.11289108, 0.10228572,
        0.200717  , 0.10324336],
       [0.00317264, 0.13028588, 0.1885653 , 0.00693856, 0.06820097,
        0.43543389, 0.21209899],
       [0.08663523, 0.03915633, 0.09014684, 0.34160191, 0.20085266,
        0.08111929, 0.13703927]]), array([[3.18453979e-01, 1.58055976e-02, 9.88744060e-02, 3.01734402e-01,
        6.33292607e-02, 1.25059115e-01, 7.52216965e-03],
       [2.38984887e-04, 2.65151460e-01, 1.27204989e-02, 5.13087508e-02,
        1.90120264e-01, 3.37550332e-01, 1.66668714e-01],
       [3.99917145e-01, 3.81813589e-03, 1.70531515e-01, 2.56059616e-02,
        3.53123932e-01, 1.39270573e-02, 3.26691335e-02],
       [2.00252544e-01, 9.32445503e-02, 1.87770097e-02, 1.58838249e-01,
        8.00901206e-02, 3.48331591e-01, 2.95436095e-02],
       [4.73040803e-02, 6.75702458e-02, 5.95518028e-01, 4.57267742e-02,
        1.10561384e-01, 1.40821941e-02, 1.54698942e-01],
       [2.74224689e-02, 2.93642774e-01, 5.84547629e-02, 4.13850253e-01,
        3.20070030e-02, 8.26435114e-02, 4.49175191e-02],
       [6.41079933e-03, 2.60767237e-01, 4.51237795e-02, 2.93560862e-03,
        1.70768035e-01, 7.84061983e-02, 5.63979912e-01]]), array([[0.4219865 , 0.00535741, 0.01613251, 0.01902874, 0.01608797,
        0.17557695, 0.23601617],
       [0.02884098, 0.7879414 , 0.09250796, 0.08103714, 0.01543232,
        0.15432028, 0.1429314 ],
       [0.0298683 , 0.07863962, 0.38688746, 0.32188675, 0.15240401,
        0.04108664, 0.01388439],
       [0.04782645, 0.02548182, 0.35033334, 0.07726651, 0.42480976,
        0.03144945, 0.0198733 ],
       [0.22932664, 0.0382357 , 0.13756831, 0.17020615, 0.1878279 ,
        0.1124423 , 0.06908644],
       [0.08814735, 0.01830562, 0.00536452, 0.15993293, 0.04854696,
        0.3838575 , 0.22421502],
       [0.15400379, 0.04603843, 0.01120591, 0.17064177, 0.15489109,
        0.10126688, 0.29399328]]), array([[5.01355066e-01, 3.73136331e-02, 6.59453707e-02, 4.71467297e-02,
        1.06627332e-01, 3.08756030e-02, 3.48729276e-01],
       [8.05847475e-03, 2.64140777e-01, 2.19011493e-01, 1.86098179e-01,
        4.94664457e-02, 1.39602736e-01, 5.00095976e-02],
       [9.37680662e-03, 4.59857577e-02, 4.79869382e-01, 2.35289663e-01,
        2.89906612e-02, 2.94385452e-04, 8.73211511e-03],
       [9.26744511e-02, 1.06796079e-01, 1.48964936e-01, 1.71799490e-01,
        3.90089450e-01, 2.91658120e-03, 2.87899894e-03],
       [1.61327787e-01, 4.37447696e-01, 4.66523297e-02, 6.86579499e-03,
        1.34614129e-01, 2.68031443e-02, 1.26336534e-01],
       [2.72550247e-02, 7.32899034e-02, 5.16394687e-03, 1.35464497e-01,
        5.90740695e-03, 5.67364848e-01, 4.26693659e-01],
       [1.99952389e-01, 3.50261540e-02, 3.43925407e-02, 2.17335647e-01,
        2.84304575e-01, 2.32142703e-01, 3.66198189e-02]]), array([[0.47055154, 0.37181584, 0.02047934, 0.03809028, 0.07390747,
        0.06366509, 0.01336007],
       [0.25744441, 0.08018444, 0.08338512, 0.02220482, 0.28356816,
        0.02347912, 0.20885285],
       [0.02503188, 0.09158239, 0.52940538, 0.02150611, 0.0120264 ,
        0.01738155, 0.10323574],
       [0.06343393, 0.0010457 , 0.00738099, 0.34808324, 0.10830202,
        0.52398693, 0.11600086],
       [0.00688074, 0.31072132, 0.25719781, 0.03391364, 0.18506632,
        0.03803166, 0.05996767],
       [0.15232492, 0.11458235, 0.02627625, 0.2900463 , 0.01640777,
        0.22068304, 0.28597157],
       [0.02433259, 0.03006797, 0.07587511, 0.24615561, 0.32072187,
        0.11277261, 0.21261124]]), array([[0.2087423 , 0.08948328, 0.01775819, 0.01261343, 0.01018027,
        0.0527808 , 0.62491003],
       [0.07948783, 0.41022041, 0.0308113 , 0.04298114, 0.00286404,
        0.22221072, 0.09494502],
       [0.20598938, 0.00127177, 0.3627569 , 0.28889444, 0.19298912,
        0.03795837, 0.02355446],
       [0.02591792, 0.00788275, 0.01352249, 0.37259866, 0.02035409,
        0.47018652, 0.007719  ],
       [0.35007199, 0.02093422, 0.34909821, 0.00945782, 0.38783632,
        0.03576352, 0.00139705],
       [0.01743562, 0.28385502, 0.03691718, 0.25561871, 0.11302982,
        0.08573969, 0.11878321],
       [0.11235495, 0.18635254, 0.18913573, 0.01783579, 0.27274634,
        0.09536038, 0.12869123]])]
Estimated R: [array([[6.04295964e-03, 1.63666802e-01, 2.46490438e-01, 1.55144157e-01,
        5.75143087e-01, 1.59332991e-01, 5.92931252e-01],
       [5.08438271e-01, 3.91313878e-04, 8.42222920e-03, 5.35799578e-01,
        2.40724434e-01, 1.18897960e-02, 3.06060449e-01],
       [7.89749163e-03, 3.37393345e-01, 7.27509199e-01, 3.45935686e-02,
        1.38903419e-01, 3.55492312e-01, 1.00724981e-01],
       [4.77621278e-01, 4.98548538e-01, 1.75781336e-02, 2.74462697e-01,
        4.52290596e-02, 4.73284901e-01, 2.83318462e-04]]), array([[0.02271734, 0.47874029, 0.02176362, 0.3967605 , 0.3248495 ,
        0.37351457, 0.37518949],
       [0.23693122, 0.46807684, 0.26888967, 0.00309978, 0.10045251,
        0.55752338, 0.01894741],
       [0.18455771, 0.03005323, 0.09189892, 0.47793444, 0.31040233,
        0.00170722, 0.58926965],
       [0.55579373, 0.02312965, 0.61744779, 0.12220528, 0.26429566,
        0.06725483, 0.01659344]]), array([[0.21452616, 0.38072709, 0.49982404, 0.00150145, 0.45187945,
        0.30629348, 0.1910517 ],
       [0.00146346, 0.01559697, 0.43413061, 0.31690443, 0.52799665,
        0.00564163, 0.39303341],
       [0.49442536, 0.52288845, 0.05480519, 0.03220944, 0.01673762,
        0.50880603, 0.03547743],
       [0.28958503, 0.0807875 , 0.01124015, 0.64938468, 0.00338629,
        0.17925886, 0.38043747]]), array([[8.09431446e-01, 2.18541758e-02, 3.71322880e-01, 1.06778516e-01,
        3.96033394e-01, 2.81430549e-01, 2.03523241e-02],
       [7.39896190e-02, 1.35463104e-01, 3.14247764e-05, 6.81712066e-01,
        5.32915176e-01, 3.24329225e-01, 2.58412760e-02],
       [8.29137707e-02, 1.28250917e-02, 6.19880326e-01, 2.27302039e-02,
        2.12300819e-02, 3.50847955e-01, 4.63842001e-01],
       [3.36651648e-02, 8.29857628e-01, 8.76536919e-03, 1.88779215e-01,
        4.98213480e-02, 4.33922703e-02, 4.89964399e-01]]), array([[0.12638123, 0.05131989, 0.72520089, 0.36716517, 0.44916098,
        0.06212487, 0.22089517],
       [0.00205071, 0.14672787, 0.24464712, 0.00539883, 0.17306653,
        0.82135815, 0.16238843],
       [0.70464579, 0.02933513, 0.02662203, 0.56049927, 0.10858122,
        0.00606264, 0.35484828],
       [0.16692227, 0.77261712, 0.00352996, 0.06693673, 0.26919127,
        0.11045434, 0.26186811]]), array([[0.18077143, 0.3729388 , 0.06916002, 0.48983978, 0.10660586,
        0.64794362, 0.05229774],
       [0.03017956, 0.53662974, 0.0324085 , 0.07420904, 0.04412375,
        0.19810882, 0.60320883],
       [0.65550345, 0.02937035, 0.37842553, 0.42289133, 0.17416694,
        0.13986889, 0.00258113],
       [0.13354556, 0.06106111, 0.52000595, 0.01305985, 0.67510345,
        0.01407867, 0.3419123 ]]), array([[2.98164823e-02, 4.96160002e-01, 5.16305360e-01, 2.71308806e-01,
        1.41903554e-01, 3.76577419e-01, 1.09210578e-01],
       [2.06473627e-02, 2.23728195e-02, 3.48326009e-01, 6.17922385e-01,
        5.81794154e-01, 1.67827142e-02, 3.33508506e-02],
       [4.27970976e-01, 4.81446080e-01, 2.70464093e-03, 6.19023502e-03,
        8.42366620e-02, 1.59428548e-01, 5.23320797e-01],
       [5.21565179e-01, 2.10985884e-05, 1.32663991e-01, 1.04578574e-01,
        1.92065630e-01, 4.47211319e-01, 3.34117774e-01]]), array([[8.68714825e-02, 4.61172866e-02, 1.44688827e-01, 4.60480234e-01,
        4.64360808e-01, 5.51258302e-01, 2.75576898e-01],
       [2.12373731e-02, 7.62544004e-01, 4.95818608e-01, 1.91873367e-01,
        1.77035193e-01, 2.87463780e-03, 5.44379756e-02],
       [4.47539560e-01, 8.05362429e-02, 3.20079849e-04, 5.86660517e-02,
        6.72077749e-02, 4.34574353e-01, 5.82660632e-01],
       [4.44351584e-01, 1.10802467e-01, 3.59172485e-01, 2.88980348e-01,
        2.91396224e-01, 1.12927064e-02, 8.73244935e-02]]), array([[3.60284840e-03, 8.90034141e-02, 4.54829549e-01, 2.38077931e-01,
        3.53941515e-01, 2.64849910e-01, 5.71814818e-01],
       [5.88185615e-02, 1.36775829e-01, 9.75549772e-04, 5.08843100e-01,
        6.23473428e-02, 6.50327907e-01, 2.44943454e-01],
       [1.52361125e-01, 4.64815006e-01, 5.44134990e-01, 3.71220801e-04,
        3.54551874e-01, 1.36978464e-02, 1.40738242e-01],
       [7.85217466e-01, 3.09405750e-01, 5.99112582e-05, 2.52707747e-01,
        2.29159268e-01, 7.11243365e-02, 4.25034866e-02]]), array([[0.17603142, 0.02601761, 0.79709861, 0.42936313, 0.26588873,
        0.34833008, 0.02749846],
       [0.00405322, 0.31962515, 0.04083838, 0.54939174, 0.05546577,
        0.49700323, 0.10801029],
       [0.45668531, 0.0174966 , 0.1297998 , 0.01277073, 0.66768149,
        0.01771134, 0.4513596 ],
       [0.36323005, 0.63686064, 0.03226322, 0.00847441, 0.010964  ,
        0.13695535, 0.41313164]])]

Total NMI: [[np.float64(0.14698012131602944), np.float64(0.2363487853408799), np.float64(0.22752700987805466), np.float64(0.23721935991973636), np.float64(0.23287484941017753), np.float64(0.23424710372618504), np.float64(0.2355815045192519), np.float64(0.23572758796000343), np.float64(0.23660306781592774), np.float64(0.23519099710894786), np.float64(0.2375984530041791), np.float64(0.23774080568467326), np.float64(0.2390816302888684), np.float64(0.24027238414391797), np.float64(0.24155441715959655), np.float64(0.2434030572402692), np.float64(0.24293475703148754), np.float64(0.24591442181297962), np.float64(0.24472230513470494), np.float64(0.2473086481758179), np.float64(0.2457222873833375), np.float64(0.24886866590085846), np.float64(0.24630095842708744), np.float64(0.2502498248612656), np.float64(0.24743330973160965)], [np.float64(0.1681900347203842), np.float64(0.1911890975504566), np.float64(0.18155883575818046), np.float64(0.19761367942378974), np.float64(0.19260914290415723), np.float64(0.2106330250787452), np.float64(0.20710075435560704), np.float64(0.21824212101693632), np.float64(0.21950176451085382), np.float64(0.22259093327677493), np.float64(0.22175517757226615), np.float64(0.22275207657850368), np.float64(0.22154639188301212), np.float64(0.22114630884000372), np.float64(0.21860956846480978), np.float64(0.21840259949616112), np.float64(0.2163466096194278), np.float64(0.2173713224729379), np.float64(0.21532836639587738), np.float64(0.21683670893049087), np.float64(0.21572237446926026), np.float64(0.21680368424613758), np.float64(0.21548584586857011), np.float64(0.21679197396586905), np.float64(0.21517880971430686)], [np.float64(0.19533296764541913), np.float64(0.22035316959898474), np.float64(0.2202344396255601), np.float64(0.22425291780741288), np.float64(0.22026627844669494), np.float64(0.22284081647544857), np.float64(0.2214862238189835), np.float64(0.22536905813588679), np.float64(0.2240554550204255), np.float64(0.22705607644889497), np.float64(0.2254781111726266), np.float64(0.2290705548962344), np.float64(0.22418198594728425), np.float64(0.22573143856304434), np.float64(0.22355051389850852), np.float64(0.22526763227489457), np.float64(0.22427037808360817), np.float64(0.22573623431321965), np.float64(0.2249261252102228), np.float64(0.2262059469181925), np.float64(0.22608242731543102), np.float64(0.227412143795045), np.float64(0.22715751259613565), np.float64(0.2279414628939934), np.float64(0.22762250862254016)], [np.float64(0.22264114927265158), np.float64(0.21340028742161085), np.float64(0.23360874578653681), np.float64(0.2266447727399307), np.float64(0.22889890588402043), np.float64(0.22934431815737616), np.float64(0.22768991048290801), np.float64(0.22993558539900802), np.float64(0.22735311476484954), np.float64(0.2294488840057797), np.float64(0.22690402820482017), np.float64(0.23036197526930188), np.float64(0.22741760367337768), np.float64(0.23255626646521926), np.float64(0.23082109909722884), np.float64(0.2356524319859597), np.float64(0.23403439107359342), np.float64(0.23920662146503954), np.float64(0.23765299540766918), np.float64(0.2430484837024178), np.float64(0.2412254811496172), np.float64(0.24675735517982594), np.float64(0.24580411072712077), np.float64(0.25116071152257213), np.float64(0.24945878140487973)], [np.float64(0.2531572837279597), np.float64(0.2783015744227681), np.float64(0.27211948456185814), np.float64(0.2742974724927836), np.float64(0.27305973166332287), np.float64(0.2703748369187717), np.float64(0.272219574938186), np.float64(0.26931595952011056), np.float64(0.2705037843425716), np.float64(0.2675780221121452), np.float64(0.268013248734708), np.float64(0.2665076936096868), np.float64(0.26597346264485505), np.float64(0.26574956425469914), np.float64(0.2654020034087048), np.float64(0.2654408666857639), np.float64(0.2666175082199381), np.float64(0.2647708323739644), np.float64(0.2649217933771038), np.float64(0.2623973270276064), np.float64(0.26198880106975164), np.float64(0.26035757758785666), np.float64(0.25906551712124093), np.float64(0.2585218614126354), np.float64(0.25730865217333315)], [np.float64(0.13583294930320644), np.float64(0.20750525905481762), np.float64(0.17998257189693298), np.float64(0.2147410443689834), np.float64(0.21358235714558965), np.float64(0.23166477169315627), np.float64(0.2345065408122868), np.float64(0.2401371509684278), np.float64(0.24104139090619706), np.float64(0.24339636400237735), np.float64(0.2477233008163633), np.float64(0.2491306042602659), np.float64(0.25135046135424494), np.float64(0.2526397162326769), np.float64(0.253267151413822), np.float64(0.25379736631440375), np.float64(0.2536242932509923), np.float64(0.25492576810921835), np.float64(0.2548046544797959), np.float64(0.25637956574267495), np.float64(0.2564379234056937), np.float64(0.2574780051090482), np.float64(0.25718114870326836), np.float64(0.25896857236354237), np.float64(0.25890902581457315)], [np.float64(0.1033074524308879), np.float64(0.18287047494255798), np.float64(0.17626630539479585), np.float64(0.20084820930379177), np.float64(0.20321030085672562), np.float64(0.21404725801723978), np.float64(0.21572703443609673), np.float64(0.22288495856126223), np.float64(0.22254922812428274), np.float64(0.22606132897114384), np.float64(0.2257344985250353), np.float64(0.22820408214006882), np.float64(0.2277062603745857), np.float64(0.2295396780163693), np.float64(0.2286150675083084), np.float64(0.2307272891923775), np.float64(0.22995516065407764), np.float64(0.23210252868198267), np.float64(0.23162944990054815), np.float64(0.23373186551740466), np.float64(0.23299229036091731), np.float64(0.2348958214626294), np.float64(0.23363265690368876), np.float64(0.23672947160036584), np.float64(0.2346767665301123)], [np.float64(0.0929847006647242), np.float64(0.12060083325598328), np.float64(0.15386724030518137), np.float64(0.17061250035911815), np.float64(0.18289829110060216), np.float64(0.19415395324142823), np.float64(0.19515441000438286), np.float64(0.19654674677443962), np.float64(0.19921571234587526), np.float64(0.1973953226687595), np.float64(0.1983054646874909), np.float64(0.20335805589429246), np.float64(0.2029193255213832), np.float64(0.2088546280829838), np.float64(0.20640637721507038), np.float64(0.21635047303057245), np.float64(0.2140581910176867), np.float64(0.22638817901837607), np.float64(0.22560004467417233), np.float64(0.23707955227763433), np.float64(0.23641367227147486), np.float64(0.2449704541228907), np.float64(0.2454661121187334), np.float64(0.2515812609834475), np.float64(0.253570035749237)], [np.float64(0.2328411848631454), np.float64(0.23169794658454906), np.float64(0.24003784633304692), np.float64(0.23864513148137528), np.float64(0.2349354402959623), np.float64(0.23299040220982778), np.float64(0.23142878977573417), np.float64(0.23313161237822075), np.float64(0.2363533213813153), np.float64(0.23828633816861872), np.float64(0.24023621112263138), np.float64(0.2405709762757894), np.float64(0.2405477566082388), np.float64(0.24264702147638403), np.float64(0.24128896395351354), np.float64(0.2442722186946215), np.float64(0.2427917005204678), np.float64(0.2461192420059695), np.float64(0.24373722078856594), np.float64(0.2468063370971629), np.float64(0.24411195781606299), np.float64(0.2467791022099278), np.float64(0.24489301251285167), np.float64(0.24786765936239022), np.float64(0.24583139071029822)], [np.float64(0.16084809164703354), np.float64(0.14947224615051885), np.float64(0.17890818972828837), np.float64(0.18155521288583104), np.float64(0.1944623805663351), np.float64(0.2015014599000654), np.float64(0.21445127698312844), np.float64(0.2226703105854421), np.float64(0.22897764384074562), np.float64(0.2352178912306126), np.float64(0.23850656728517144), np.float64(0.24226418450024115), np.float64(0.2424239544018893), np.float64(0.2443422485206382), np.float64(0.24454195101682644), np.float64(0.2456303532251564), np.float64(0.24765526449421071), np.float64(0.24821492746696275), np.float64(0.24995261775580097), np.float64(0.25029349279699914), np.float64(0.25319381270928154), np.float64(0.25231643915331176), np.float64(0.2553105613540364), np.float64(0.2546586603000246), np.float64(0.2574128637477287)]]
Total Percentage: [[np.float64(21.512999999999998), np.float64(12.019), np.float64(15.643), np.float64(11.713), np.float64(10.889), np.float64(9.325999999999999), np.float64(9.311), np.float64(8.6), np.float64(8.974), np.float64(8.481), np.float64(8.955), np.float64(8.611), np.float64(8.953), np.float64(8.789), np.float64(8.878), np.float64(8.945), np.float64(8.896999999999998), np.float64(9.112), np.float64(8.873000000000001), np.float64(9.202), np.float64(8.865), np.float64(9.235), np.float64(8.813), np.float64(9.277000000000001), np.float64(8.773)], [np.float64(16.287), np.float64(16.686), np.float64(16.301), np.float64(16.038), np.float64(15.22), np.float64(14.81), np.float64(14.194999999999999), np.float64(14.177000000000001), np.float64(13.972999999999999), np.float64(14.207), np.float64(14.222999999999999), np.float64(14.427999999999999), np.float64(14.405999999999999), np.float64(14.285), np.float64(14.179), np.float64(13.797999999999998), np.float64(13.805), np.float64(13.303999999999998), np.float64(13.303), np.float64(12.898000000000001), np.float64(12.917000000000002), np.float64(12.727), np.float64(12.649), np.float64(12.574), np.float64(12.487)], [np.float64(15.645000000000001), np.float64(11.927999999999999), np.float64(12.344), np.float64(11.556), np.float64(11.402), np.float64(11.326), np.float64(11.298), np.float64(11.927999999999999), np.float64(11.927), np.float64(12.675), np.float64(12.403), np.float64(12.728), np.float64(12.447999999999999), np.float64(12.598999999999998), np.float64(12.620000000000001), np.float64(12.506999999999998), np.float64(12.787), np.float64(12.589), np.float64(12.770000000000001), np.float64(12.559000000000001), np.float64(12.690999999999999), np.float64(12.43), np.float64(12.474), np.float64(12.348), np.float64(12.266)], [np.float64(13.275), np.float64(16.361), np.float64(13.13), np.float64(13.544), np.float64(13.568), np.float64(13.472999999999999), np.float64(13.644), np.float64(13.389999999999999), np.float64(13.539000000000001), np.float64(13.181999999999999), np.float64(13.370999999999999), np.float64(13.043), np.float64(13.251), np.float64(12.867), np.float64(13.177), np.float64(12.745000000000001), np.float64(13.169), np.float64(12.720999999999998), np.float64(13.217), np.float64(12.705), np.float64(13.305), np.float64(12.767000000000001), np.float64(13.450999999999999), np.float64(12.9), np.float64(13.591000000000001)], [np.float64(24.114), np.float64(27.256999999999998), np.float64(27.572999999999997), np.float64(27.860000000000003), np.float64(28.091), np.float64(28.309), np.float64(28.284), np.float64(28.384999999999998), np.float64(28.355000000000004), np.float64(28.000999999999998), np.float64(27.913), np.float64(27.472), np.float64(27.429), np.float64(27.133000000000003), np.float64(27.063), np.float64(26.888), np.float64(26.627000000000002), np.float64(27.136), np.float64(26.747), np.float64(27.249000000000002), np.float64(27.032), np.float64(27.395000000000003), np.float64(27.107), np.float64(27.392), np.float64(27.056)], [np.float64(11.927999999999999), np.float64(16.124), np.float64(13.403), np.float64(14.124999999999998), np.float64(14.208000000000002), np.float64(14.083000000000002), np.float64(13.999), np.float64(13.98), np.float64(13.991999999999999), np.float64(14.177000000000001), np.float64(13.864), np.float64(13.936000000000002), np.float64(13.542000000000002), np.float64(13.625000000000002), np.float64(13.136999999999999), np.float64(13.275), np.float64(12.815999999999999), np.float64(12.983), np.float64(12.681999999999999), np.float64(12.802), np.float64(12.645999999999999), np.float64(12.747), np.float64(12.683), np.float64(12.717999999999998), np.float64(12.687000000000001)], [np.float64(13.938), np.float64(12.598), np.float64(12.116), np.float64(10.095), np.float64(10.662), np.float64(9.89), np.float64(10.59), np.float64(10.087), np.float64(10.803), np.float64(10.381), np.float64(10.931000000000001), np.float64(10.520999999999999), np.float64(11.065), np.float64(10.530000000000001), np.float64(11.096), np.float64(10.503), np.float64(11.046), np.float64(10.449), np.float64(10.999), np.float64(10.334999999999999), np.float64(11.01), np.float64(10.25), np.float64(11.099), np.float64(10.219000000000001), np.float64(11.31)], [np.float64(13.294), np.float64(13.172), np.float64(12.789), np.float64(11.463), np.float64(11.232000000000001), np.float64(10.360999999999999), np.float64(10.567), np.float64(10.293), np.float64(10.977), np.float64(10.668999999999999), np.float64(11.206000000000001), np.float64(11.038), np.float64(11.505), np.float64(11.411999999999999), np.float64(11.836), np.float64(11.385000000000002), np.float64(11.684), np.float64(10.696), np.float64(11.087), np.float64(10.287), np.float64(10.674999999999999), np.float64(10.159), np.float64(10.549999999999999), np.float64(10.133000000000001), np.float64(10.566)], [np.float64(13.004999999999999), np.float64(12.020999999999999), np.float64(12.516), np.float64(11.686), np.float64(11.817), np.float64(10.827), np.float64(10.724), np.float64(10.317), np.float64(10.145), np.float64(9.857000000000001), np.float64(9.854000000000001), np.float64(9.397), np.float64(9.892), np.float64(9.152000000000001), np.float64(9.892), np.float64(9.571), np.float64(10.111), np.float64(9.823), np.float64(10.315000000000001), np.float64(10.008000000000001), np.float64(10.581999999999999), np.float64(10.202), np.float64(10.784), np.float64(10.411), np.float64(10.99)], [np.float64(14.32), np.float64(14.557999999999998), np.float64(14.666), np.float64(13.486999999999998), np.float64(14.315), np.float64(14.23), np.float64(15.308), np.float64(15.121), np.float64(16.036), np.float64(15.786), np.float64(16.952), np.float64(16.453), np.float64(17.94), np.float64(17.349), np.float64(18.436), np.float64(17.939), np.float64(18.942999999999998), np.float64(18.406), np.float64(19.205), np.float64(18.687), np.float64(19.436), np.float64(18.923000000000002), np.float64(19.618), np.float64(19.054), np.float64(19.729)]]
Total Delta Gamma: [1.79687205 1.95002768 1.84341562 1.57053662 1.79677012 1.87599709
 1.51682851 1.68931672 1.74995785 1.83271174]
Total Delta R: [1.579673   1.45993879 1.47839372 1.56500704 1.05386629 1.53586929
 1.66354205 1.17752206 1.40966276 1.48983895]
