Complexity increased keeping gamma very unbalanced, and increasing K (K=2)
==================================================

N (neurons): 3
K (states): 2
T (time steps): 50000
Seed: 1234
Number of repetitions: 10
Number of iterations: 100

Initialization of parameters for HMM:
Pi: [1 0]
Gamma: [[0.9 0.1]
 [0.1 0.9]]
R: [[0.5 0. ]
 [0.  0.5]
 [0.5 0. ]
 [0.  0.5]]

Generated data:
Generated firings (y): [0 2 2 2 2 0 2 2 3 1 3 1 1 1 1 1 3 1 1 3 1 3 1 3 3 1 1 1 3 1 2 1 3 3 3 1 3
 3 1 0 2 0 0 2 2 1 1 1 2 0 2 2 2 3 1 1 1 1 1 3 1 3 3 0 0 0 2 0 2 0 2 2 0 2
 3 3 1 3 3 0 2 2 0 0 2 2 2 0 0 2 2 2 2 2 2 3 3 1 1 3]... (showing first 100 entries)
Generated states (z): [0 0 0 0 0 0 0 0 1 1 1 1 1 1 1 1 1 1 1 1 1 1 1 1 1 1 1 1 1 1 0 1 1 1 1 1 1
 1 1 0 0 0 0 0 0 1 1 1 0 0 0 0 0 1 1 1 1 1 1 1 1 1 1 0 0 0 0 0 0 0 0 0 0 0
 1 1 1 1 1 0 0 0 0 0 0 0 0 0 0 0 0 0 0 0 0 1 1 1 1 1]... (showing first 100 entries)

Estimated parameters:
Estimated Pi: [array([0.4267944, 0.5732056]), array([0.29832904, 0.70167096]), array([0.9931948, 0.0068052]), array([0.99820178, 0.00179822]), array([0.65431096, 0.34568904]), array([0.14295222, 0.85704778]), array([0.19380001, 0.80619999]), array([0.65687028, 0.34312972]), array([0.21255226, 0.78744774]), array([0.16853653, 0.83146347])]
Estimated Gamma: [array([[0.4476068 , 0.5523932 ],
       [0.68875272, 0.31124728]]), array([[0.45128411, 0.54871589],
       [0.99331693, 0.00668307]]), array([[0.91145792, 0.08854208],
       [0.10891007, 0.89108993]]), array([[0.90740868, 0.09259132],
       [0.09878376, 0.90121624]]), array([[0.16739418, 0.83260582],
       [0.36240654, 0.63759346]]), array([[0.47332152, 0.52667848],
       [0.61552661, 0.38447339]]), array([[0.01776429, 0.98223571],
       [0.41218934, 0.58781066]]), array([[0.40221031, 0.59778969],
       [0.89955199, 0.10044801]]), array([[0.85680279, 0.14319721],
       [0.20692043, 0.79307957]]), array([[0.05913168, 0.94086832],
       [0.25212   , 0.74788   ]])]
Estimated R: [array([[0.27444003, 0.21763067],
       [0.37226136, 0.10260761],
       [0.20290383, 0.30030468],
       [0.15039478, 0.37945704]]), array([[0.20055122, 0.33723704],
       [0.26710266, 0.22598579],
       [0.29443504, 0.15830082],
       [0.23791108, 0.27847634]]), array([[0.44789605, 0.00472983],
       [0.08440544, 0.45912801],
       [0.44096369, 0.00614674],
       [0.02673482, 0.52999542]]), array([[0.46428142, 0.01977657],
       [0.01974895, 0.50031165],
       [0.47520673, 0.00171847],
       [0.0407629 , 0.47819331]]), array([[0.385598  , 0.19004998],
       [0.00132918, 0.36166913],
       [0.15754796, 0.2843555 ],
       [0.45552485, 0.1639254 ]]), array([[0.11771583, 0.40340067],
       [0.24803194, 0.25715113],
       [0.36554261, 0.10689313],
       [0.26870961, 0.23255507]]), array([[0.10439393, 0.30982395],
       [0.1556262 , 0.29281203],
       [0.3802122 , 0.1899243 ],
       [0.35976767, 0.20743972]]), array([[0.30814405, 0.1606227 ],
       [0.17576165, 0.36667863],
       [0.18553668, 0.33856643],
       [0.33055762, 0.13413224]]), array([[0.14013225, 0.40679728],
       [0.34055084, 0.12476144],
       [0.09736078, 0.46128013],
       [0.42195613, 0.00716116]]), array([[0.0748801 , 0.29635659],
       [0.1760289 , 0.27282039],
       [0.44108277, 0.19359696],
       [0.30800823, 0.23722606]])]

Total NMI: [[0.05904632598581489, 0.05187220228514297, 0.04934100691692076, 0.048496033312821575, 0.046757532565076, 0.047675321661183524, 0.043417235943390316, 0.04402893107952899, 0.04400601901215541, 0.040811594506170626, 0.041806808616820526, 0.042689373142613146, 0.0434971511661443, 0.03886320567071448, 0.0439652170465013, 0.040547383969315, 0.03945201758130829, 0.039849314105453906, 0.03924582434329287, 0.036831752281102005, 0.03692795407773312, 0.039155148449361, 0.03920602861869869, 0.040645898986018864, 0.03831051718465824, 0.04067078315653876, 0.03700657472458517, 0.037409265480243314, 0.0362495357792328, 0.041223360817756544, 0.0382343896660249, 0.037011005632451424, 0.0386143121939905, 0.039268017685702906, 0.040707404631572804, 0.04099933704147109, 0.0365511293805332, 0.03956878014269341, 0.03898503899379862, 0.03478100695708918, 0.03363017588431034, 0.03943903961789641, 0.03821353827743997, 0.03569905336421599, 0.037261827529403456, 0.03582648697135691, 0.03610142963615253, 0.03885904155640767, 0.03890377672823135, 0.036645096237755095, 0.036422435556043305, 0.033066545999016934, 0.03452727490654378, 0.03773502772679635, 0.035269505950198204, 0.03834446172833592, 0.03709649655461283, 0.03459773648284782, 0.03448857386810333, 0.033794946229881495, 0.03501832035843062, 0.03581147845795849, 0.03650091742092485, 0.038391433888379733, 0.03767404803534058, 0.036450017149686126, 0.03611735437383722, 0.03682405005479957, 0.03619627320832851, 0.034126272512695933, 0.036780979980143506, 0.03562565063405837, 0.03546524004253688, 0.03533810091608628, 0.03717049291381066, 0.03741319647995892, 0.0367283916849074, 0.03522409042761259, 0.0351492240145058, 0.036105498260238116, 0.035797532574183444, 0.03703057511084231, 0.035017092172665513, 0.03555483910804169, 0.03757892724770216, 0.035861532090382627, 0.0332626306619256, 0.034842368663741005, 0.03443801434955068, 0.038073552912069916, 0.03609645730570217, 0.03353418417559315, 0.03615683845285772, 0.034840035138199006, 0.03128203704683878, 0.03425761089953499, 0.03425792913194695, 0.0344842536551776, 0.03489484580753245, 0.03387605246206266], [0.27722498562443526, 0.2703477328280859, 0.2651706939113955, 0.270922140227495, 0.2665783011390684, 0.2634620258516914, 0.26996662024051366, 0.26222345059708463, 0.26982622403157774, 0.26690886011581344, 0.2631497116166689, 0.2635796219968727, 0.26642545754802893, 0.26578364800357523, 0.2554121838593068, 0.2652020327860529, 0.26162925654503166, 0.26792073214705314, 0.2680574776512906, 0.26297029423647844, 0.26035671379905756, 0.2541692352636949, 0.2581011410373849, 0.25782615075386534, 0.2597153984681286, 0.2623042405106516, 0.2613640281022633, 0.2577716388425855, 0.2656568578787991, 0.2657918815280274, 0.2536697627843799, 0.253176648532078, 0.26458707139714316, 0.26262975866945626, 0.2646973843484859, 0.25949381543283895, 0.26352366994085447, 0.26690253632795363, 0.2655804103525736, 0.2650320405835406, 0.26471076593665016, 0.2663998859747033, 0.26425980327460785, 0.26187614997423053, 0.2598488204762222, 0.26073072633727346, 0.2574255681297004, 0.2525035943216619, 0.2523389110253668, 0.26483149245464366, 0.2634952120958301, 0.26953831074781276, 0.2674856984768026, 0.2635168340863531, 0.26272138766512965, 0.2639653044885973, 0.2669131250625106, 0.26247644805682774, 0.2624627812913285, 0.2593165092042568, 0.2636698552738205, 0.2657451981018114, 0.261216926325081, 0.2501897320687801, 0.26158252582037833, 0.2564944683585473, 0.25412915426352495, 0.25961909610183054, 0.2580695191692775, 0.2654068255384008, 0.2568945173099708, 0.258125976682146, 0.25814400100673424, 0.2637969532147478, 0.26832692646134104, 0.25959524180232235, 0.25904353655264756, 0.2684008623180264, 0.2591685280262531, 0.2584121015148034, 0.2566714798810753, 0.26193668946602594, 0.2579826559277211, 0.25611911289897693, 0.26154410901133673, 0.26542204181407375, 0.26497064512032964, 0.2596931940249516, 0.2601704380193434, 0.2573736856745403, 0.25200232469328826, 0.255344541786441, 0.260803284292248, 0.2613804638997606, 0.2641089380033428, 0.26057742480291435, 0.25703807011541785, 0.25786215376105315, 0.25999276000695426, 0.25805714207119357], [0.23073343578166183, 0.26392393889664223, 0.2951435199922321, 0.31404249923322197, 0.34120882088801835, 0.3701292963194243, 0.3929618964296418, 0.4061268066133529, 0.4367331518433005, 0.46080746994898414, 0.4811308560103539, 0.5129563255183118, 0.5348219277316499, 0.5556108681839425, 0.5764522987756335, 0.5956685935099618, 0.604779112067836, 0.6157443119266719, 0.6397481405664317, 0.6493081894253547, 0.6582564103644507, 0.6739337831053458, 0.6766129814204294, 0.6834712318140058, 0.6943569436383651, 0.7146370463938396, 0.7172386551272937, 0.7193530618027307, 0.7254402227534518, 0.7251606046802086, 0.7413941392736203, 0.7438396173949164, 0.7407070510873024, 0.7479062683836496, 0.7596045192320395, 0.765256192319244, 0.7652119496641194, 0.7653038016872351, 0.761045992799191, 0.7703068667209483, 0.7791231594861883, 0.7726742209685412, 0.783066682545894, 0.7758844955442625, 0.7834411708634424, 0.783200505357873, 0.781359934958365, 0.7853082958345436, 0.7869271204625762, 0.7915886939072675, 0.7946630500345427, 0.7919225236651494, 0.8008966117696399, 0.7954434405946788, 0.7983069977974426, 0.7954957351726712, 0.7945131406188037, 0.8092854310458649, 0.8118185758925058, 0.8118185758925057, 0.8127558114502236, 0.8095938068605605, 0.8112172058830083, 0.8090897709002803, 0.8111314319195103, 0.8155075824923522, 0.8174739117449529, 0.8136057987922198, 0.8145860283552033, 0.8168377477589415, 0.8196181803013541, 0.8220966411410425, 0.8232074644028247, 0.8247390457452275, 0.8277636089848889, 0.827446666256777, 0.8282871188961108, 0.827566618774353, 0.832845286318041, 0.8309660275418423, 0.8308416097196416, 0.8262270432605321, 0.8273537062691951, 0.8311690073878548, 0.8372789176904745, 0.836039979607549, 0.8337216721494067, 0.8350942632549767, 0.8355400036716722, 0.8263295464915502, 0.8353102254354268, 0.8327709054211492, 0.8369143375791761, 0.8334986444660804, 0.8326491200635302, 0.8438338904852183, 0.846256748238509, 0.8413156339919776, 0.8394828410883489, 0.8426345254149689], [0.1496862414151527, 0.19678564497732265, 0.23967441414648313, 0.29558787074028026, 0.3519564099312901, 0.396056634002996, 0.45792591571641406, 0.5098249013148007, 0.5488609515496146, 0.5905872034120174, 0.6084015110189628, 0.6369676278312659, 0.6591655867617229, 0.6787799270468076, 0.6981005576815797, 0.7099764724508872, 0.7240334872029911, 0.7222727276771098, 0.730513219774838, 0.7432576774513129, 0.7542175173662211, 0.7650707442120548, 0.7661026064402129, 0.7637052105612974, 0.765577749977238, 0.7734506564377562, 0.7835589481046039, 0.7838716935456732, 0.7897770032969843, 0.7939860188905769, 0.792775198865844, 0.7948500063906629, 0.799872066470427, 0.7998269662324164, 0.8036790464662565, 0.8099121867352747, 0.8097072808627043, 0.8128531960653015, 0.8158269371762146, 0.8176621175714044, 0.8186016281129783, 0.8149015174126387, 0.8237688297396843, 0.8282696786019719, 0.8359278564805878, 0.8360042262004349, 0.8299944240041456, 0.8274622553638835, 0.8306384286517432, 0.8352698773599108, 0.8395516997117116, 0.8372973046965341, 0.8464873862293981, 0.8469109792599424, 0.843879860862051, 0.8465866073894768, 0.8452812763033241, 0.8477924316236546, 0.8458260242466662, 0.8457173722999951, 0.848564319668305, 0.8528714437201758, 0.855340585147279, 0.8552303873410543, 0.8550862904743805, 0.8499914204053806, 0.854867572920246, 0.8554380112402431, 0.853451355259559, 0.8604812284211203, 0.857127895164457, 0.860138433143887, 0.860408140049152, 0.8671872689696407, 0.8638962178838294, 0.8619375102807972, 0.8596852256057167, 0.863303867753434, 0.8652066334695951, 0.8660779441493547, 0.8566776750511612, 0.8588947877603115, 0.8635421139390056, 0.8646635941998244, 0.8638682832953689, 0.8655787083198699, 0.8742335368395314, 0.8728160912895265, 0.8684852966053497, 0.8693814560070343, 0.869939639823459, 0.875400276242776, 0.8749401088614526, 0.8691449586806194, 0.8724914261172486, 0.8730743364071332, 0.8761095626495875, 0.877058929337711, 0.8714420231016172, 0.8784972230053375], [0.09574140212335301, 0.08657878687080552, 0.08582910033051483, 0.0891927773997335, 0.08701636656624202, 0.08174381399656268, 0.07758975837554032, 0.07657903237632971, 0.07820612707341389, 0.08034373157529483, 0.07288992664134471, 0.07421129759240663, 0.07638256723860325, 0.07411739047089909, 0.07334022737950699, 0.07852698619497303, 0.07367223305305509, 0.07159382904926868, 0.07421874846248822, 0.07703307768394924, 0.07409749312855472, 0.07684430791191545, 0.07337466865804064, 0.0711569519573708, 0.07528436600283515, 0.07315164307343427, 0.06979606712673445, 0.0748825650903511, 0.07640871494335509, 0.070301249157787, 0.07379524783216007, 0.07136955600834782, 0.06867874712161291, 0.07237307271237606, 0.07148949868667553, 0.06799970994030184, 0.07429464206715433, 0.07306198060641408, 0.07352858731973104, 0.06970265003117818, 0.070896097168585, 0.07164661393251147, 0.07344286008803348, 0.06917078957571307, 0.07190170234332817, 0.06775512986324574, 0.06913539240878398, 0.06989440598826466, 0.07338909277611408, 0.07010624517931241, 0.06671254059119287, 0.06807155765246171, 0.07066843771195155, 0.06930033285831363, 0.07089390387627442, 0.07123930617790804, 0.0722597989287639, 0.07350134626265437, 0.06782554113209437, 0.06773203541453722, 0.07302059523013114, 0.06560952007194756, 0.0677421166828457, 0.06686691857539269, 0.06694338467944551, 0.06988287174243911, 0.06732712989396043, 0.06944377233596599, 0.06619805763474879, 0.06783751384493662, 0.06740201221392358, 0.0690628059104163, 0.06820580327364077, 0.06895891214949558, 0.06712691113038882, 0.07176232112507865, 0.0680637900094524, 0.07092436718648294, 0.06777665694758413, 0.07202893684559161, 0.07125020556058835, 0.06436122620453351, 0.06931503697232226, 0.0686193808914307, 0.0669876070089708, 0.06728300855289561, 0.06959821672976566, 0.0664610726925625, 0.07005600008950537, 0.06931453368216126, 0.06755142746583105, 0.06824167812243376, 0.06728247276021461, 0.06698499358565771, 0.07071124434293348, 0.07076903747971873, 0.06588079745034234, 0.0685463848193641, 0.06696988286787384, 0.06568470475103837], [0.030904197475565744, 0.028368867633055544, 0.02757858175723301, 0.028456747395723615, 0.03002716793856612, 0.026598544996426707, 0.026220708467673246, 0.026319040135925936, 0.024437942193960355, 0.023151528514183322, 0.02402681821982943, 0.025110212391344037, 0.025570057518307144, 0.026492331700681573, 0.025405371572620183, 0.025723127881708854, 0.028017962881382735, 0.02610961259757886, 0.027039525710579937, 0.027137460948544287, 0.025766486396411777, 0.025208143530427485, 0.026399816236353204, 0.025155556180469107, 0.02559008222116032, 0.024577781972630174, 0.02557895031254906, 0.02550586227133364, 0.02456649680770009, 0.02316191514775446, 0.02570421082901915, 0.024718495734859194, 0.023645282540874925, 0.023032277483099998, 0.02314067604622579, 0.027060200005558737, 0.023961818580857264, 0.024583661026302998, 0.025575610717329354, 0.026036412320529254, 0.026002388458087153, 0.02576276048818438, 0.02465187637285723, 0.023679278407681425, 0.024271723466118184, 0.021810547615328264, 0.02311505745304355, 0.0227286917804371, 0.025373527070903533, 0.025032245579952504, 0.024086551698329385, 0.02317516611438042, 0.023139271562526847, 0.023317641939962178, 0.022116154560573083, 0.02406152312796171, 0.021881939521235436, 0.022832231623342348, 0.021263872555582347, 0.020889651855708447, 0.0227707843812957, 0.022541927657654354, 0.02313372748402689, 0.02240131422674231, 0.02232913998882759, 0.023005803284325662, 0.023794908725956864, 0.022636362886470685, 0.024108778048901658, 0.022881687788188727, 0.02456576880006737, 0.025020657453495503, 0.020932499818548788, 0.02463396277036515, 0.023392648402461892, 0.02492169476042407, 0.023585367801747876, 0.02250089264792154, 0.0218581012107644, 0.024550175688652868, 0.0217475238249287, 0.022343815605848017, 0.02373310204003423, 0.02312282408120975, 0.02227597038825348, 0.023724025260411702, 0.021798666059908177, 0.021491590693384254, 0.023223977375963222, 0.02211745809546303, 0.020764940499828903, 0.02562995097653187, 0.022828109363526684, 0.026116296014445525, 0.022043083694200934, 0.023628589027246186, 0.023132858713094787, 0.02401827328655036, 0.02315087259535949, 0.025056595848238074], [0.1601556687927804, 0.15501807389849534, 0.1523576755837797, 0.14478014866923497, 0.14318608346563771, 0.14022384729224785, 0.1408020961151149, 0.1429654823624283, 0.1408944417367829, 0.1381019713816172, 0.13580978716905193, 0.13330938320649746, 0.12896712310667863, 0.13547161122678483, 0.1373382321556975, 0.1351329845357402, 0.13556104907396208, 0.13194412183430024, 0.1336549776351715, 0.13732701359803193, 0.13660744249009157, 0.13055098865853723, 0.13343745272683688, 0.13212684932768698, 0.12840027271347432, 0.12770002138650863, 0.13379143475758262, 0.12779552818852288, 0.13332022558034512, 0.1342321333379456, 0.1297195902214759, 0.13411303529581048, 0.13349634627139828, 0.13708574210173782, 0.12903804033194774, 0.12470138021220958, 0.13495889074336168, 0.1283236725173998, 0.13385292888559328, 0.12934245734517136, 0.1300538022776944, 0.12729208760366076, 0.1285194000338037, 0.12691084473035405, 0.12939032317675728, 0.12901302074326207, 0.12748297553264346, 0.12802927517166776, 0.12579082032945285, 0.12876969819077536, 0.1284860312700037, 0.12759093249110495, 0.12924073117782856, 0.12725299420769864, 0.13107654825187084, 0.12900958561525494, 0.12955411243035114, 0.13155645236209637, 0.13158290571263176, 0.13173222427518974, 0.12580401549477488, 0.12914610022011855, 0.12930522394748686, 0.12476588674220221, 0.1285423689292075, 0.12828840100463693, 0.12905721437843198, 0.1235063222488794, 0.12365742362621865, 0.12329969899759219, 0.12701164550449806, 0.1240516791771392, 0.1267793742292145, 0.1264068920870207, 0.1262649477528477, 0.1277553549872381, 0.12162443926291361, 0.12597041866078298, 0.12094709949580422, 0.12770466083416393, 0.12677984339962126, 0.12760742088034444, 0.1241928122215804, 0.12417385155518358, 0.1283440388979884, 0.12470675177290673, 0.12567234011705328, 0.1237618887018331, 0.12386891322608178, 0.1241644574717913, 0.12294300634174936, 0.12455084074412347, 0.12396276756349262, 0.12966758173223195, 0.1308981690638421, 0.12604285450784414, 0.13128068837999263, 0.1240499010104798, 0.1290935736842291, 0.12333634025940132], [0.231810057224491, 0.22168619215140858, 0.22011581736137714, 0.2122111229702093, 0.20419766520996868, 0.20141152984410418, 0.2011678629609028, 0.20421563527385064, 0.19626626998310295, 0.19592031161583542, 0.1954076017914039, 0.19294801402707062, 0.18923521498288992, 0.1858118773719635, 0.18659351742005995, 0.18370180134881386, 0.18752914426397072, 0.18797623757331303, 0.18431098781333977, 0.1852269362845821, 0.17868505768532406, 0.1855180677261603, 0.18990146387006843, 0.18026598723254636, 0.1802540511083888, 0.1758753224295731, 0.18255647888642842, 0.18552222271849803, 0.17840875714754606, 0.18043018727231772, 0.18494301773813074, 0.17853106109851838, 0.17339167430483876, 0.1838928318790909, 0.17589025133626338, 0.1775227533217161, 0.18496055114687668, 0.17592993347234318, 0.17375180506971086, 0.1762323599871903, 0.17821155739157987, 0.17706923205424435, 0.18225575261588312, 0.1855048509321061, 0.1766070708196941, 0.17811603089664668, 0.1719523062520377, 0.175199309333524, 0.1821309838833653, 0.1770559689580641, 0.17463019714117312, 0.17405545499760935, 0.17804409144645517, 0.175932206024066, 0.17885665345283738, 0.17648407364162866, 0.1761571463503086, 0.17483187997960328, 0.1750822742119535, 0.16579228004963945, 0.17294709393513685, 0.1780187397798224, 0.17645640605064575, 0.17253061810318643, 0.1705606297958583, 0.1736393627133214, 0.16521660060007862, 0.16752100406189432, 0.17384947489010863, 0.17429312220458795, 0.17285278719752398, 0.17012177911225035, 0.17178185792094533, 0.17136052315223346, 0.1740134479944477, 0.17050130109482461, 0.1711863912522892, 0.1731872078415794, 0.17039199403584507, 0.17280272201152194, 0.17173471477925273, 0.17312957094575987, 0.17178061879146464, 0.16741139341878383, 0.16971066603794452, 0.17309103516392874, 0.17085841379048253, 0.16972323837743525, 0.17058928463621054, 0.17429773404863802, 0.17669273419966527, 0.1723895778805253, 0.174734245319157, 0.17073403698847603, 0.1646433939155408, 0.16485154144972908, 0.1695269469592254, 0.1658700255415254, 0.16763572757979817, 0.16704009388008598], [0.14904699865196896, 0.13524628695446508, 0.12014996742447108, 0.11466326114956843, 0.11995335144480063, 0.11721430564532344, 0.1174151416976406, 0.11486393656613107, 0.11433535667935357, 0.12134518016869925, 0.12667395877364246, 0.12884597459056035, 0.12700826437516421, 0.13062832281406012, 0.1301257901992536, 0.1391763561802316, 0.13911399880479297, 0.14757607742967532, 0.14972015216021983, 0.1567570098828013, 0.1678957204519468, 0.16470204993600635, 0.17501561829821463, 0.1789334856432242, 0.1812137530127632, 0.18781020275403973, 0.1974349555133653, 0.20882334314455642, 0.21341818117421313, 0.21754673165203967, 0.22218018655937852, 0.2295683700436571, 0.24585730006528764, 0.2517729899872576, 0.2601547880118897, 0.26221318466578863, 0.2732599048639289, 0.2835695196965141, 0.2871759491142292, 0.2986136382090368, 0.3030128703826421, 0.3156338897397195, 0.32005344979420186, 0.32597456416422116, 0.33081198747144597, 0.34627814919551014, 0.3524036905764334, 0.36232644302586825, 0.3660401545131152, 0.3749793332518793, 0.3825272772018642, 0.3921817719343817, 0.3954907739642577, 0.3985788813654668, 0.40680084414720236, 0.4141309713600179, 0.42329847874661375, 0.4378256745608029, 0.4401632567096533, 0.4423103558546789, 0.4484621277440734, 0.4517337791209637, 0.46172070771264084, 0.45883561929364064, 0.466127681554784, 0.48337373720831767, 0.4885542132400113, 0.48927316269621257, 0.4913126793449688, 0.5038852279725828, 0.5060372116863008, 0.5031801532208955, 0.5120337407275716, 0.5208463005923762, 0.5239233431733229, 0.5292151123669582, 0.5385032316290504, 0.5433287658715856, 0.5482778957327199, 0.5513464795345754, 0.5526183786361316, 0.5614507463278342, 0.5573947351246236, 0.5739921114048483, 0.5687816585590417, 0.5768143666138348, 0.5834044433497161, 0.5846667467293176, 0.5905921544003669, 0.5835644469981708, 0.5930398095470601, 0.5994696802739052, 0.5927611042573782, 0.5981325981348128, 0.601573269619781, 0.6143467099025816, 0.6113345307512773, 0.6174430259934435, 0.6194513717562169, 0.6189071502832147], [0.03357520200139339, 0.029738791031707287, 0.0265504457562663, 0.0321363863649392, 0.027186393853732005, 0.02641567624413651, 0.027443012805526325, 0.027093311581104677, 0.025518597247384738, 0.027976268341232523, 0.024952677527072684, 0.02310737143437705, 0.02582544046785229, 0.028329413590691074, 0.024364403896395187, 0.023897444420392024, 0.022565899000257565, 0.024592226643273995, 0.025502648631350572, 0.024815050669036647, 0.02416020843005015, 0.026288111563431145, 0.021160184373074258, 0.02373824158780452, 0.02309921078826307, 0.024221108435310258, 0.025294065292159773, 0.025285259020367424, 0.02462492649914641, 0.024459697781110946, 0.023789794042592547, 0.023415365238321426, 0.024768774133589508, 0.025884267195409566, 0.02540569054466818, 0.024318267695193664, 0.023606322983019068, 0.023758573657453076, 0.0276810897738511, 0.023759750969480666, 0.024645480132654433, 0.024538294064607558, 0.025844195826420103, 0.024257489424949742, 0.02536325270001312, 0.024343876574632238, 0.024765310261084986, 0.02210176051571896, 0.021975696817119438, 0.023205241468499938, 0.024627237120998555, 0.0265950985517849, 0.02651825490571845, 0.025112021255043162, 0.024750310145690662, 0.02629398723766813, 0.023736867687959472, 0.0227383336899072, 0.024651825575789772, 0.02299881178921092, 0.021932020597261428, 0.02374913566337554, 0.02410968387226511, 0.025388741076992422, 0.023213480910971772, 0.026774750786879846, 0.021974349010025342, 0.02507711080993781, 0.023282854367819378, 0.025312094719037725, 0.025987207107137165, 0.021318657952477588, 0.022533101885974745, 0.02306216484773639, 0.02523090624973481, 0.022560765835469353, 0.0245442355107172, 0.021469907512916296, 0.022694671514183477, 0.024175001276931493, 0.02461890522228318, 0.022227543504840033, 0.022235573932964412, 0.021458824770626522, 0.024876386023674344, 0.025462742643948558, 0.026319511716443186, 0.024635435213067228, 0.022739999576702075, 0.026934197145435955, 0.023284658156595132, 0.024194493327023885, 0.021617290476650366, 0.02388563940425973, 0.024383258123007845, 0.02390346628353364, 0.02595293487903777, 0.02144257790840665, 0.024811717576289402, 0.024185505416795924]]
Total Percentage: [[64.50399999999999, 63.678000000000004, 63.361999999999995, 63.288, 63.04, 63.17, 62.612, 62.69, 62.708, 62.275999999999996, 62.436, 62.524, 62.608, 61.970000000000006, 62.692, 62.204, 62.072, 62.144, 62.034, 61.67, 61.696, 62.028000000000006, 62.044, 62.23, 61.882000000000005, 62.244, 61.73, 61.79599999999999, 61.604000000000006, 62.322, 61.907999999999994, 61.739999999999995, 61.948, 62.046, 62.258, 62.273999999999994, 61.638000000000005, 62.098, 62.014, 61.37200000000001, 61.204, 62.09, 61.906000000000006, 61.53999999999999, 61.782000000000004, 61.565999999999995, 61.588, 61.992000000000004, 61.986, 61.66199999999999, 61.656, 61.12800000000001, 61.342, 61.812, 61.434, 61.895999999999994, 61.73, 61.37200000000001, 61.332, 61.228, 61.458, 61.536, 61.634, 61.92999999999999, 61.80799999999999, 61.634, 61.59, 61.71, 61.634, 61.328, 61.68599999999999, 61.507999999999996, 61.495999999999995, 61.456, 61.748000000000005, 61.78399999999999, 61.648, 61.438, 61.448, 61.602000000000004, 61.556, 61.71, 61.402, 61.486, 61.785999999999994, 61.53999999999999, 61.151999999999994, 61.392, 61.358000000000004, 61.894000000000005, 61.588, 61.208, 61.614000000000004, 61.404, 60.809999999999995, 61.312, 61.334, 61.332, 61.38400000000001, 61.256], [81.34599999999999, 81.062, 80.83200000000001, 81.07799999999999, 80.852, 80.714, 81.06400000000001, 80.69800000000001, 81.03, 80.904, 80.726, 80.752, 80.878, 80.84599999999999, 80.35799999999999, 80.828, 80.654, 80.92, 80.92200000000001, 80.69800000000001, 80.594, 80.336, 80.52, 80.47800000000001, 80.568, 80.694, 80.638, 80.452, 80.82000000000001, 80.83200000000001, 80.274, 80.242, 80.778, 80.69, 80.78800000000001, 80.542, 80.732, 80.894, 80.838, 80.814, 80.796, 80.878, 80.792, 80.67999999999999, 80.568, 80.612, 80.47800000000001, 80.244, 80.22, 80.798, 80.714, 80.97999999999999, 80.882, 80.728, 80.676, 80.732, 80.896, 80.69, 80.708, 80.56400000000001, 80.746, 80.848, 80.64, 80.10199999999999, 80.656, 80.388, 80.28999999999999, 80.57600000000001, 80.474, 80.814, 80.446, 80.516, 80.498, 80.758, 80.96, 80.562, 80.542, 80.97800000000001, 80.54, 80.516, 80.446, 80.682, 80.49, 80.404, 80.642, 80.828, 80.826, 80.57, 80.584, 80.45400000000001, 80.212, 80.386, 80.62, 80.652, 80.804, 80.634, 80.438, 80.47999999999999, 80.598, 80.502], [83.204, 84.356, 85.188, 85.436, 86.00999999999999, 86.68, 87.138, 87.28399999999999, 88.08399999999999, 88.656, 89.14999999999999, 90.03, 90.566, 91.12400000000001, 91.644, 92.142, 92.372, 92.642, 93.264, 93.486, 93.71000000000001, 94.096, 94.158, 94.316, 94.57799999999999, 95.05799999999999, 95.114, 95.16, 95.296, 95.288, 95.65599999999999, 95.71, 95.64, 95.796, 96.052, 96.174, 96.172, 96.174, 96.082, 96.28, 96.466, 96.33, 96.548, 96.398, 96.556, 96.55, 96.512, 96.59400000000001, 96.626, 96.722, 96.784, 96.72800000000001, 96.91, 96.8, 96.858, 96.8, 96.78, 97.076, 97.126, 97.126, 97.14399999999999, 97.08200000000001, 97.114, 97.072, 97.112, 97.198, 97.236, 97.16, 97.18, 97.224, 97.27799999999999, 97.32600000000001, 97.346, 97.37599999999999, 97.434, 97.428, 97.444, 97.43, 97.53, 97.494, 97.492, 97.404, 97.426, 97.49799999999999, 97.612, 97.588, 97.54599999999999, 97.572, 97.58, 97.406, 97.576, 97.528, 97.60600000000001, 97.542, 97.526, 97.734, 97.77799999999999, 97.688, 97.654, 97.712], [74.33800000000001, 76.98, 79.056, 81.572, 83.884, 85.53, 87.71600000000001, 89.412, 90.61399999999999, 91.83, 92.32000000000001, 93.094, 93.672, 94.162, 94.638, 94.916, 95.248, 95.206, 95.396, 95.684, 95.926, 96.162, 96.184, 96.13199999999999, 96.172, 96.34, 96.552, 96.55799999999999, 96.67999999999999, 96.76599999999999, 96.74199999999999, 96.784, 96.88600000000001, 96.884, 96.962, 97.086, 97.08200000000001, 97.14399999999999, 97.202, 97.238, 97.256, 97.184, 97.356, 97.442, 97.586, 97.588, 97.474, 97.426, 97.48599999999999, 97.57000000000001, 97.654, 97.612, 97.782, 97.78999999999999, 97.734, 97.784, 97.76, 97.806, 97.77, 97.768, 97.82, 97.898, 97.942, 97.94, 97.938, 97.846, 97.934, 97.944, 97.908, 98.03399999999999, 97.974, 98.028, 98.032, 98.152, 98.09400000000001, 98.06, 98.02, 98.084, 98.116, 98.13199999999999, 97.966, 98.006, 98.088, 98.10799999999999, 98.09400000000001, 98.124, 98.274, 98.248, 98.17399999999999, 98.19, 98.2, 98.294, 98.286, 98.18599999999999, 98.244, 98.25399999999999, 98.30600000000001, 98.322, 98.226, 98.346], [71.74199999999999, 71.244, 71.31, 71.638, 71.5, 71.054, 70.726, 70.74000000000001, 70.88799999999999, 71.066, 70.498, 70.65, 70.806, 70.596, 70.584, 70.96000000000001, 70.462, 70.406, 70.682, 70.918, 70.726, 70.968, 70.624, 70.41199999999999, 70.796, 70.556, 70.23, 70.714, 70.87599999999999, 70.38799999999999, 70.676, 70.464, 70.28, 70.616, 70.504, 70.202, 70.726, 70.694, 70.818, 70.35, 70.39800000000001, 70.464, 70.636, 70.326, 70.592, 70.244, 70.382, 70.382, 70.712, 70.428, 70.208, 70.294, 70.416, 70.364, 70.512, 70.56400000000001, 70.65599999999999, 70.712, 70.268, 70.18799999999999, 70.622, 70.062, 70.318, 70.27, 70.24000000000001, 70.52000000000001, 70.296, 70.438, 70.122, 70.284, 70.258, 70.404, 70.30999999999999, 70.372, 70.246, 70.654, 70.258, 70.528, 70.322, 70.646, 70.52199999999999, 70.048, 70.498, 70.36200000000001, 70.282, 70.34, 70.464, 70.244, 70.6, 70.43599999999999, 70.268, 70.30199999999999, 70.232, 70.216, 70.568, 70.586, 70.12, 70.26400000000001, 70.148, 70.194], [60.574, 60.118, 59.976, 60.136, 60.378, 59.814, 59.758, 59.748000000000005, 59.394000000000005, 59.17, 59.354, 59.53000000000001, 59.618, 59.794000000000004, 59.618, 59.694, 60.06, 59.702, 59.888, 59.914, 59.67, 59.56399999999999, 59.748000000000005, 59.544, 59.646, 59.446, 59.628, 59.589999999999996, 59.422, 59.17, 59.660000000000004, 59.506, 59.27, 59.136, 59.175999999999995, 59.897999999999996, 59.30800000000001, 59.41, 59.616, 59.733999999999995, 59.730000000000004, 59.662000000000006, 59.448, 59.258, 59.366, 58.897999999999996, 59.152, 59.082, 59.58599999999999, 59.526, 59.346, 59.175999999999995, 59.17, 59.208000000000006, 58.964000000000006, 59.34199999999999, 58.914, 59.092, 58.797999999999995, 58.716, 59.082, 59.016000000000005, 59.146, 59.040000000000006, 58.988, 59.114, 59.304, 59.08, 59.336, 59.106, 59.40800000000001, 59.506, 58.757999999999996, 59.477999999999994, 59.236, 59.494, 59.248, 59.026, 58.912, 59.438, 58.897999999999996, 59.008, 59.278, 59.168, 58.967999999999996, 59.248, 58.904, 58.85399999999999, 59.19799999999999, 58.986000000000004, 58.716, 59.616, 59.092, 59.732, 58.958, 59.256, 59.153999999999996, 59.30800000000001, 59.160000000000004, 59.519999999999996], [76.844, 76.548, 76.472, 76.12400000000001, 76.034, 75.812, 75.846, 76.02600000000001, 75.876, 75.728, 75.608, 75.39, 75.17, 75.644, 75.71600000000001, 75.512, 75.64, 75.402, 75.458, 75.722, 75.67, 75.29599999999999, 75.5, 75.396, 75.12, 75.116, 75.506, 75.056, 75.428, 75.52, 75.212, 75.534, 75.516, 75.68, 75.236, 75.006, 75.58200000000001, 75.158, 75.522, 75.236, 75.306, 75.12, 75.2, 75.088, 75.262, 75.278, 75.14, 75.128, 75.02600000000001, 75.188, 75.128, 75.062, 75.14800000000001, 75.086, 75.368, 75.244, 75.306, 75.38, 75.33800000000001, 75.37, 74.96000000000001, 75.212, 75.264, 74.958, 75.212, 75.19200000000001, 75.238, 74.868, 74.954, 74.934, 75.128, 74.928, 75.104, 75.156, 75.144, 75.188, 74.81, 75.088, 74.732, 75.16000000000001, 75.076, 75.124, 74.954, 74.97, 75.2, 74.978, 75.054, 74.91600000000001, 74.91600000000001, 74.94, 74.83800000000001, 74.942, 74.958, 75.29400000000001, 75.33, 75.068, 75.41799999999999, 74.96199999999999, 75.29, 74.89], [78.236, 77.72200000000001, 77.64, 77.198, 76.75, 76.596, 76.594, 76.778, 76.31, 76.266, 76.252, 76.118, 75.898, 75.7, 75.75, 75.55199999999999, 75.78, 75.81599999999999, 75.606, 75.676, 75.254, 75.688, 75.952, 75.356, 75.362, 75.064, 75.47399999999999, 75.69200000000001, 75.256, 75.38, 75.656, 75.25, 74.94800000000001, 75.602, 75.09, 75.178, 75.632, 75.092, 74.966, 75.09, 75.2, 75.17, 75.52, 75.702, 75.13, 75.21799999999999, 74.854, 75.07000000000001, 75.488, 75.196, 75.032, 74.988, 75.25, 75.092, 75.286, 75.132, 75.09599999999999, 75.02799999999999, 75.05199999999999, 74.458, 74.928, 75.266, 75.182, 74.892, 74.738, 74.96000000000001, 74.424, 74.57000000000001, 74.97200000000001, 74.988, 74.888, 74.712, 74.822, 74.812, 74.99, 74.774, 74.81400000000001, 74.922, 74.736, 74.912, 74.85000000000001, 74.922, 74.846, 74.568, 74.70400000000001, 74.922, 74.79, 74.724, 74.78, 74.978, 75.126, 74.89, 75.058, 74.788, 74.38, 74.404, 74.72, 74.508, 74.59400000000001, 74.562], [75.646, 74.83999999999999, 73.836, 73.42, 73.856, 73.682, 73.574, 73.288, 73.142, 73.54, 73.844, 73.79599999999999, 73.612, 73.92, 73.80600000000001, 74.324, 74.18, 74.598, 74.65, 74.996, 75.568, 75.298, 75.82799999999999, 75.97, 76.064, 76.398, 76.91799999999999, 77.53, 77.73, 77.914, 78.152, 78.468, 79.212, 79.448, 79.828, 79.892, 80.43400000000001, 80.94, 81.05799999999999, 81.56, 81.718, 82.26599999999999, 82.466, 82.724, 82.928, 83.576, 83.798, 84.174, 84.306, 84.652, 84.95, 85.322, 85.442, 85.56, 85.87599999999999, 86.136, 86.464, 86.992, 87.064, 87.138, 87.36, 87.47399999999999, 87.82, 87.70599999999999, 87.944, 88.532, 88.712, 88.738, 88.79599999999999, 89.206, 89.278, 89.188, 89.46600000000001, 89.744, 89.842, 90.008, 90.294, 90.44200000000001, 90.594, 90.688, 90.724, 90.986, 90.862, 91.354, 91.202, 91.438, 91.628, 91.664, 91.834, 91.632, 91.902, 92.084, 91.896, 92.044, 92.13799999999999, 92.49000000000001, 92.404, 92.572, 92.628, 92.616], [72.96000000000001, 72.674, 72.368, 72.936, 72.49, 72.322, 72.346, 72.54599999999999, 72.352, 72.54, 72.292, 71.952, 72.11, 72.524, 72.166, 72.206, 71.904, 72.048, 72.28999999999999, 72.152, 72.146, 72.45, 71.792, 72.276, 72.212, 72.18599999999999, 72.36399999999999, 72.466, 72.436, 72.30199999999999, 72.10600000000001, 71.96000000000001, 72.162, 72.31, 72.26, 72.382, 72.332, 72.212, 72.682, 72.226, 72.25, 72.16, 72.232, 72.188, 72.236, 72.05799999999999, 72.296, 72.026, 71.976, 71.978, 72.262, 72.512, 72.48, 72.332, 72.212, 72.408, 72.19, 71.99600000000001, 72.25, 72.064, 71.866, 72.128, 72.098, 72.21, 71.91199999999999, 72.286, 71.8, 72.184, 71.988, 72.304, 72.348, 71.86, 72.016, 71.91199999999999, 72.15, 71.858, 72.14399999999999, 71.784, 71.922, 72.112, 72.28, 72.1, 71.928, 71.73, 72.028, 72.238, 72.384, 72.116, 71.994, 72.31400000000001, 71.926, 72.316, 72.02, 72.16799999999999, 72.292, 72.16, 72.31400000000001, 71.92399999999999, 72.244, 72.104]]
Total Delta Gamma: [1.13882323 1.40374916 0.79813536 0.41165828 1.18994705 1.00115558
 1.5060846  1.6237213  0.7065756  1.21933187]
Total Delta R: [0.99674762 0.9217719  0.64387523 0.65914401 0.77948253 0.95111287
 0.67957757 1.05915635 0.83695063 0.71627829]
