Complexity increased keeping gamma very unbalanced, and increasing K (K=8)
==================================================

N (neurons): 3
K (states): 8
T (time steps): 50000
Seed: None
Number of repetitions: 10
Number of iterations: 100

Initialization of parameters for HMM:
Pi: [1 0 0 0 0 0 0 0]
Gamma: [[0.72 0.04 0.04 0.04 0.04 0.04 0.04 0.04]
 [0.04 0.72 0.04 0.04 0.04 0.04 0.04 0.04]
 [0.04 0.04 0.72 0.04 0.04 0.04 0.04 0.04]
 [0.04 0.04 0.04 0.72 0.04 0.04 0.04 0.04]
 [0.04 0.04 0.04 0.04 0.72 0.04 0.04 0.04]
 [0.04 0.04 0.04 0.04 0.04 0.72 0.04 0.04]
 [0.04 0.04 0.04 0.04 0.04 0.04 0.72 0.04]
 [0.04 0.04 0.04 0.04 0.04 0.04 0.04 0.72]]
R: [[0.5        0.         0.5        0.         0.33333333 0.33333333
  0.33333333 0.        ]
 [0.         0.5        0.5        0.         0.         0.33333333
  0.33333333 0.33333333]
 [0.5        0.         0.         0.5        0.33333333 0.
  0.33333333 0.33333333]
 [0.         0.5        0.         0.5        0.33333333 0.33333333
  0.         0.33333333]]

Generated data:
Generated firings (y): [0 2 2 2 2 2 2 0 2 2 2 2 1 3 0 1 2 1 2 3 1 2 3 0 2 2 0 0 2 3 1 1 1 2 2 3 3
 1 1 3 0 2 0 1 1 1 1 2 1 3 3 0 0 3 3 3 3 1 1 3 3 1 1 1 1 0 0 1 0 0 1 0 3 3
 3 0 2 1 3 2 3 3 3 1 1 0 0 3 0 0 0 3 3 3 0 3 0 0 1 1]... (showing first 100 entries)
Generated states (z): [0 0 0 0 0 0 0 0 0 4 4 7 5 5 2 7 7 7 7 7 7 3 3 6 6 6 0 0 0 1 6 6 7 7 7 7 7
 7 6 5 5 7 5 6 6 2 2 3 5 5 5 6 6 3 3 3 3 6 6 5 5 2 2 2 2 2 2 2 2 2 5 4 4 4
 4 4 7 7 7 7 7 5 5 5 5 2 0 3 6 6 5 5 5 4 4 4 4 4 6 6]... (showing first 100 entries)

Estimated parameters:
Estimated Pi: [array([0.18997886, 0.04388379, 0.19742954, 0.03485256, 0.07593705,
       0.20913453, 0.04335632, 0.20542735]), array([0.27333924, 0.01558817, 0.10979183, 0.16517314, 0.05794661,
       0.036306  , 0.17104236, 0.17081265]), array([0.1109076 , 0.00812708, 0.03849874, 0.16582089, 0.20248781,
       0.22687526, 0.01551787, 0.23176476]), array([0.00110916, 0.1704242 , 0.11880233, 0.06227289, 0.01106716,
       0.08175478, 0.17622584, 0.37834364]), array([0.23775992, 0.04327943, 0.19819119, 0.10760245, 0.14360696,
       0.13961378, 0.02929507, 0.10065119]), array([0.07706673, 0.08982429, 0.29966448, 0.00984809, 0.04442802,
       0.34677147, 0.00469178, 0.12770513]), array([0.23616373, 0.26538282, 0.00879906, 0.27014486, 0.0138864 ,
       0.01022149, 0.13615983, 0.0592418 ]), array([2.33627890e-01, 1.80620164e-01, 3.28184356e-05, 1.81184234e-01,
       2.72032174e-01, 3.93687950e-02, 4.09612376e-02, 5.21726873e-02]), array([0.23912171, 0.08473962, 0.33569998, 0.04345949, 0.01894682,
       0.10070051, 0.08342889, 0.09390297]), array([0.00890213, 0.01074851, 0.10157233, 0.23796698, 0.0818871 ,
       0.36816969, 0.12368576, 0.06706751])]
Estimated Gamma: [array([[0.0250207 , 0.17058565, 0.04186815, 0.0121971 , 0.43066216,
        0.13034632, 0.00084691, 0.18847302],
       [0.04847277, 0.39061679, 0.02725321, 0.27607736, 0.07035863,
        0.0027715 , 0.05515257, 0.12929716],
       [0.08992501, 0.26768702, 0.12903491, 0.00995961, 0.06681426,
        0.25019993, 0.02942812, 0.15695114],
       [0.04172127, 0.52062043, 0.05038226, 0.24275838, 0.02151617,
        0.01783229, 0.01113856, 0.09403065],
       [0.05048519, 0.1133627 , 0.01847393, 0.06444793, 0.03502273,
        0.09050873, 0.294907  , 0.33279177],
       [0.22138461, 0.19821622, 0.47151066, 0.00856761, 0.03531453,
        0.04422262, 0.00535521, 0.01542853],
       [0.12533669, 0.29196714, 0.06349596, 0.05415612, 0.23333278,
        0.01713732, 0.01301442, 0.20155958],
       [0.07526498, 0.01865798, 0.20899334, 0.02208493, 0.18404213,
        0.06305076, 0.16464832, 0.26325757]]), array([[0.0073697 , 0.07770488, 0.24826284, 0.07415993, 0.03766364,
        0.27876972, 0.12471898, 0.15135033],
       [0.24007853, 0.04977421, 0.07766436, 0.28866856, 0.13812438,
        0.06129821, 0.05190937, 0.09248239],
       [0.1433805 , 0.01090877, 0.17065768, 0.17146807, 0.0897747 ,
        0.02022142, 0.0798094 , 0.31377946],
       [0.07316952, 0.05754834, 0.00205217, 0.13209532, 0.20382449,
        0.07191854, 0.20986826, 0.24952337],
       [0.15719412, 0.02590692, 0.06296072, 0.08812892, 0.0548581 ,
        0.08026791, 0.02793351, 0.50274981],
       [0.19872572, 0.23352148, 0.02300164, 0.24788285, 0.03796893,
        0.11848284, 0.08267489, 0.05774165],
       [0.25189637, 0.17278962, 0.01566672, 0.08473576, 0.00858623,
        0.17460221, 0.0993664 , 0.19235669],
       [0.09505735, 0.1459966 , 0.09161514, 0.20563746, 0.22921435,
        0.06816902, 0.0629998 , 0.10131027]]), array([[0.24896588, 0.11337612, 0.04258394, 0.06272597, 0.11157785,
        0.34862162, 0.05696231, 0.01518632],
       [0.11196129, 0.39069387, 0.09607089, 0.05280448, 0.05720283,
        0.03820071, 0.23915062, 0.0139153 ],
       [0.02563745, 0.18565518, 0.54308657, 0.0082488 , 0.01776018,
        0.01417346, 0.03070687, 0.17473148],
       [0.05188376, 0.02286552, 0.08280174, 0.27958409, 0.2666553 ,
        0.11376676, 0.04986342, 0.13257942],
       [0.13041407, 0.1820202 , 0.25323765, 0.19653594, 0.08453087,
        0.06528682, 0.01405254, 0.0739219 ],
       [0.26218598, 0.10441029, 0.00888461, 0.04265312, 0.08542199,
        0.34444506, 0.0061927 , 0.14580625],
       [0.00806737, 0.10645265, 0.4206002 , 0.07676549, 0.13549077,
        0.07202704, 0.15839415, 0.02220233],
       [0.1477065 , 0.00234058, 0.25546104, 0.03241492, 0.323443  ,
        0.05680599, 0.03582707, 0.1460009 ]]), array([[0.60805852, 0.0670122 , 0.04178207, 0.04575926, 0.12722057,
        0.03519644, 0.05516216, 0.01980878],
       [0.0666148 , 0.07764882, 0.08265463, 0.04496253, 0.22109168,
        0.16633822, 0.23716281, 0.1035265 ],
       [0.02327605, 0.23313096, 0.08463774, 0.35343232, 0.03060513,
        0.02426627, 0.23360658, 0.01704495],
       [0.07747481, 0.11846768, 0.11956962, 0.11604068, 0.18306673,
        0.03533462, 0.176227  , 0.17381884],
       [0.28840867, 0.00891905, 0.01973748, 0.0766254 , 0.38087678,
        0.18338235, 0.01118435, 0.03086592],
       [0.04964038, 0.0682827 , 0.09618402, 0.04672081, 0.29162584,
        0.35075918, 0.0583986 , 0.03838847],
       [0.1048843 , 0.28580828, 0.00171779, 0.01723045, 0.00655993,
        0.34547734, 0.05895951, 0.17936239],
       [0.0807486 , 0.11718165, 0.14704066, 0.02646182, 0.05278942,
        0.10349067, 0.36473409, 0.10755309]]), array([[0.01403943, 0.06609814, 0.05638897, 0.233898  , 0.10075562,
        0.05065801, 0.35985186, 0.11830997],
       [0.13379415, 0.38060448, 0.26439861, 0.02007465, 0.02873726,
        0.09493817, 0.05329284, 0.02415983],
       [0.25274974, 0.1249293 , 0.05914451, 0.02609904, 0.22412086,
        0.11798575, 0.16225751, 0.03271328],
       [0.15348129, 0.04344794, 0.12862188, 0.0179074 , 0.02052447,
        0.38122604, 0.06028901, 0.19450197],
       [0.10385966, 0.05900152, 0.1705722 , 0.06378004, 0.25248426,
        0.07761166, 0.26037163, 0.01231902],
       [0.12174714, 0.37674353, 0.07467027, 0.01357051, 0.15257014,
        0.1247129 , 0.084018  , 0.0519675 ],
       [0.19903831, 0.03570932, 0.02029727, 0.00527253, 0.42380115,
        0.07362957, 0.16968773, 0.07256411],
       [0.08083563, 0.00182741, 0.55440522, 0.01984473, 0.03266171,
        0.09267666, 0.14259607, 0.07515257]]), array([[1.09003229e-01, 7.59840617e-03, 3.65383902e-02, 1.31614364e-01,
        1.30793994e-01, 7.16298072e-02, 3.23188059e-01, 1.89633752e-01],
       [5.27325469e-02, 2.70523045e-02, 6.10109851e-01, 4.19243108e-04,
        5.66218323e-02, 3.45120034e-02, 2.44571844e-03, 2.16106500e-01],
       [1.51954361e-01, 3.44944434e-02, 8.73164210e-03, 8.33059947e-02,
        1.08798540e-01, 4.59112105e-01, 1.23799424e-01, 2.98034890e-02],
       [4.63358454e-01, 7.09193234e-02, 1.00276864e-02, 2.38470264e-01,
        4.01803741e-02, 4.23583723e-02, 1.08267743e-01, 2.64177827e-02],
       [9.60948744e-02, 1.49584768e-02, 3.34735208e-01, 3.50332763e-02,
        1.56608181e-01, 2.69997836e-02, 1.05930487e-02, 3.24977151e-01],
       [4.67270651e-03, 4.32844714e-02, 2.01683833e-01, 1.07493285e-01,
        2.32575800e-01, 3.99876339e-01, 2.13628728e-03, 8.27727788e-03],
       [4.32943606e-01, 2.87103986e-02, 1.54539789e-01, 1.76449772e-02,
        1.11121261e-02, 2.55690986e-02, 4.96601673e-02, 2.79819837e-01],
       [1.84459316e-01, 2.44474019e-02, 1.88660625e-01, 1.42673794e-01,
        1.32623534e-01, 7.17593159e-02, 1.22498019e-01, 1.32877995e-01]]), array([[0.23633308, 0.31968328, 0.01220869, 0.11764107, 0.14610076,
        0.03399275, 0.02464979, 0.10939059],
       [0.13729819, 0.16059234, 0.06554042, 0.03311814, 0.17064664,
        0.19465742, 0.22016096, 0.01798589],
       [0.01224929, 0.0651198 , 0.07691904, 0.23100881, 0.35034301,
        0.0883168 , 0.04718426, 0.128859  ],
       [0.22345549, 0.0464523 , 0.1436017 , 0.14795898, 0.15961235,
        0.08882335, 0.11514354, 0.07495227],
       [0.09599471, 0.04217486, 0.42020885, 0.00574267, 0.22995871,
        0.01266665, 0.01123844, 0.1820151 ],
       [0.09982416, 0.23097019, 0.10222063, 0.04046271, 0.01898778,
        0.03365382, 0.07414828, 0.39973242],
       [0.17477433, 0.29063769, 0.0213079 , 0.03330601, 0.04269717,
        0.20411067, 0.12591874, 0.10724749],
       [0.04307435, 0.03583772, 0.04174859, 0.05789991, 0.1507199 ,
        0.21965251, 0.14766015, 0.30340688]]), array([[0.05479679, 0.09475407, 0.31450052, 0.03396935, 0.38061728,
        0.02468111, 0.04042527, 0.05625561],
       [0.19722548, 0.19092271, 0.16909264, 0.16812451, 0.01886793,
        0.04610514, 0.12835486, 0.08130674],
       [0.08882671, 0.20711823, 0.18514456, 0.08607229, 0.06372155,
        0.06794638, 0.11466357, 0.18650671],
       [0.02540872, 0.08246916, 0.04468436, 0.03914108, 0.28831403,
        0.1334905 , 0.13881294, 0.24767921],
       [0.09356293, 0.31605342, 0.02762333, 0.08622688, 0.18100393,
        0.18874839, 0.06316235, 0.04361876],
       [0.07797117, 0.00240815, 0.14616142, 0.00346211, 0.20793768,
        0.38213592, 0.11879881, 0.06112474],
       [0.01260919, 0.22654393, 0.01785339, 0.24447836, 0.01457363,
        0.24818334, 0.05653531, 0.17922285],
       [0.01016737, 0.0488892 , 0.36869202, 0.03302025, 0.11106534,
        0.12273367, 0.29716772, 0.00826442]]), array([[2.84160730e-01, 4.87156983e-02, 8.28936811e-02, 1.05422733e-02,
        3.55640927e-02, 3.52643380e-03, 4.60897745e-01, 7.36993460e-02],
       [6.26411889e-02, 2.40974414e-01, 1.84551520e-02, 6.31277020e-02,
        2.59848062e-02, 6.33215867e-02, 5.09442982e-01, 1.60521680e-02],
       [4.09775170e-01, 1.58581577e-02, 2.74377818e-01, 1.39533936e-02,
        3.04559315e-03, 3.84680634e-02, 2.08391030e-02, 2.23682701e-01],
       [3.93845459e-02, 2.11569877e-01, 4.45552635e-02, 2.29933270e-01,
        1.47437182e-02, 2.20472201e-01, 1.77966842e-01, 6.13742824e-02],
       [1.39098454e-01, 9.01452488e-04, 1.81515932e-03, 8.49770561e-05,
        2.10991020e-01, 1.02287002e-01, 1.43106020e-01, 4.01715915e-01],
       [2.84637983e-02, 3.67197060e-01, 3.22203977e-03, 4.17823790e-02,
        7.16921881e-02, 1.49050130e-01, 7.92899137e-02, 2.59302492e-01],
       [5.45220834e-02, 3.52371028e-01, 3.41916451e-02, 1.11852190e-02,
        1.48618550e-01, 9.26648851e-02, 4.85843429e-02, 2.57862246e-01],
       [2.64670398e-01, 1.50415595e-01, 7.56426681e-02, 1.83834048e-01,
        1.70092279e-01, 1.80125210e-02, 1.08409582e-01, 2.89229089e-02]]), array([[3.32312199e-02, 6.78029505e-01, 4.24209397e-03, 2.96235421e-02,
        6.15602711e-02, 1.16204139e-01, 3.69130450e-02, 4.01961847e-02],
       [1.28256635e-01, 5.13163898e-02, 9.05942600e-02, 2.46826449e-02,
        1.76577670e-01, 3.83150025e-04, 2.93440147e-02, 4.98845235e-01],
       [7.97354278e-02, 1.37291443e-02, 1.23706347e-01, 6.86474484e-02,
        3.19243851e-01, 1.51748472e-01, 1.97686154e-01, 4.55031553e-02],
       [1.34326700e-01, 8.40052504e-03, 4.71982036e-02, 1.60039958e-01,
        7.60498630e-03, 3.92392454e-01, 1.11920548e-01, 1.38116625e-01],
       [1.29262798e-02, 1.27031839e-01, 6.79285822e-02, 2.47525058e-01,
        7.79476580e-03, 1.53193741e-01, 1.53719168e-01, 2.29880567e-01],
       [4.50114400e-02, 8.11607673e-02, 2.03983796e-01, 3.69059916e-02,
        6.06728672e-02, 3.48756379e-01, 7.01619540e-02, 1.53346806e-01],
       [4.82263938e-03, 1.34425910e-01, 5.09531066e-02, 1.56443898e-02,
        4.99759956e-02, 4.31736846e-01, 7.81302925e-02, 2.34310820e-01],
       [3.26607732e-01, 2.56904714e-01, 3.44517074e-02, 1.04323710e-01,
        1.05335030e-01, 4.75577759e-02, 3.61660373e-02, 8.86532939e-02]])]
Estimated R: [array([[0.21924316, 0.27031725, 0.35708734, 0.22213039, 0.14592602,
        0.09502269, 0.09996288, 0.37483104],
       [0.19083876, 0.44729204, 0.03940995, 0.66677638, 0.02809431,
        0.05556986, 0.07069434, 0.14884393],
       [0.54549458, 0.0609216 , 0.39511573, 0.02181212, 0.51561454,
        0.81305394, 0.23754016, 0.07876901],
       [0.0444235 , 0.22146911, 0.20838698, 0.08928111, 0.31036513,
        0.03635351, 0.59180262, 0.39755602]]), array([[0.45629886, 0.07671637, 0.40749732, 0.29414978, 0.06944088,
        0.01521279, 0.22728815, 0.33286734],
       [0.10020881, 0.16527683, 0.45893607, 0.05169877, 0.77298977,
        0.1733595 , 0.03203181, 0.31099595],
       [0.31515087, 0.68424445, 0.06218553, 0.0270045 , 0.06853623,
        0.57142769, 0.39582126, 0.09769729],
       [0.12834145, 0.07376235, 0.07138108, 0.62714695, 0.08903312,
        0.24000002, 0.34485879, 0.25843942]]), array([[9.00550141e-02, 2.19168285e-02, 1.71143814e-01, 6.95584811e-01,
        4.63246163e-01, 2.62946443e-01, 4.56405750e-03, 6.07492697e-01],
       [5.73496696e-02, 1.61381008e-02, 6.09732507e-01, 7.41268291e-02,
        2.27620974e-01, 3.72191414e-02, 3.82005724e-01, 2.99501272e-01],
       [7.41922814e-01, 1.22471829e-01, 7.88855867e-02, 1.55907615e-01,
        2.03084650e-01, 5.52107078e-01, 1.77024552e-01, 9.23767133e-02],
       [1.10672502e-01, 8.39473242e-01, 1.40238093e-01, 7.43807446e-02,
        1.06048214e-01, 1.47727337e-01, 4.36405666e-01, 6.29317639e-04]]), array([[0.0376364 , 0.17001303, 0.44233035, 0.54891993, 0.05422637,
        0.22077704, 0.47545799, 0.8752386 ],
       [0.14712978, 0.30551662, 0.34259741, 0.15148151, 0.69030114,
        0.06538188, 0.05462159, 0.07030533],
       [0.16667351, 0.45913987, 0.17518861, 0.16070342, 0.06305526,
        0.52771079, 0.36382589, 0.0486621 ],
       [0.64856032, 0.06533048, 0.03988364, 0.13889514, 0.19241723,
        0.1861303 , 0.10609454, 0.00579397]]), array([[0.27610531, 0.20071585, 0.39684016, 0.4998802 , 0.19896832,
        0.46458558, 0.01289406, 0.20700424],
       [0.31747804, 0.71073924, 0.16540762, 0.16883644, 0.01001104,
        0.36394837, 0.1619165 , 0.15376987],
       [0.00848576, 0.07302922, 0.15812519, 0.02900012, 0.58078453,
        0.1620976 , 0.39403265, 0.24463706],
       [0.3979309 , 0.01551569, 0.27962703, 0.30228323, 0.2102361 ,
        0.00936844, 0.43115679, 0.39458883]]), array([[0.2001664 , 0.24510617, 0.41879535, 0.07359862, 0.24754158,
        0.42845153, 0.00902155, 0.23499545],
       [0.25699774, 0.53838922, 0.20863181, 0.76945652, 0.03844498,
        0.10719266, 0.27430251, 0.1789511 ],
       [0.16705638, 0.1532628 , 0.3453346 , 0.09140255, 0.65802099,
        0.36335735, 0.03331965, 0.05347838],
       [0.37577949, 0.06324181, 0.02723823, 0.06554231, 0.05599245,
        0.10099846, 0.68335629, 0.53257508]]), array([[0.79085702, 0.26094595, 0.20003988, 0.50157742, 0.14075184,
        0.02820993, 0.15838278, 0.09199683],
       [0.08576133, 0.18790219, 0.47575742, 0.23424007, 0.72234356,
        0.02537547, 0.03502952, 0.0746239 ],
       [0.12031079, 0.45468946, 0.03187384, 0.07379447, 0.06444833,
        0.64418001, 0.56866358, 0.14209292],
       [0.00307086, 0.09646239, 0.29232886, 0.19038804, 0.07245627,
        0.30223459, 0.23792412, 0.69128634]]), array([[0.43648288, 0.23368592, 0.01749952, 0.41615611, 0.77925902,
        0.02607773, 0.0595723 , 0.16100411],
       [0.41023048, 0.4468292 , 0.63107897, 0.13434221, 0.10271607,
        0.02365626, 0.1900568 , 0.02285793],
       [0.05480373, 0.16873202, 0.01375511, 0.18801299, 0.10776434,
        0.80866091, 0.35089522, 0.09962358],
       [0.0984829 , 0.15075286, 0.33766641, 0.26148869, 0.01026057,
        0.14160509, 0.39947568, 0.71651438]]), array([[0.52234054, 0.11886183, 0.8330838 , 0.15350345, 0.05541521,
        0.08521006, 0.19408636, 0.27187462],
       [0.18776911, 0.09061163, 0.02747037, 0.19996385, 0.75511688,
        0.20522013, 0.20318735, 0.39764949],
       [0.26276201, 0.23906259, 0.12796004, 0.11145443, 0.1107065 ,
        0.14571292, 0.45201124, 0.17217912],
       [0.02712834, 0.55146395, 0.01148579, 0.53507827, 0.07876141,
        0.56385689, 0.15071505, 0.15829677]]), array([[0.11681285, 0.01213552, 0.23017168, 0.60330935, 0.14545175,
        0.56872735, 0.21798149, 0.18046488],
       [0.3148716 , 0.27009131, 0.08301731, 0.16702894, 0.55853915,
        0.04851829, 0.17633731, 0.35627044],
       [0.16044675, 0.00574566, 0.66452957, 0.2009563 , 0.16932679,
        0.36320103, 0.42275922, 0.22611939],
       [0.4078688 , 0.71202751, 0.02228144, 0.02870541, 0.12668231,
        0.01955333, 0.18292198, 0.23714529]])]

Total NMI: [[0.10683435880023354, 0.1165668781254736, 0.12067171670015402, 0.1268341456431428, 0.1309400314489302, 0.13437364592247159, 0.13155671834528646, 0.13745867923370067, 0.13527011855173876, 0.1382775049237966, 0.14069631927518475, 0.14176656950933575, 0.14317442377668507, 0.14520868159610195, 0.14462210049885293, 0.14340192977565672, 0.14490564538814804, 0.14929976642442633, 0.14964602406445968, 0.1516173012353259, 0.14941046320748982, 0.15418578065342683, 0.15310874491046578, 0.15463188451063786, 0.1518564486580696, 0.15039582355400588, 0.15107915691005527, 0.15260543912720276, 0.15591423499192678, 0.1554981289563169, 0.15548241065548735, 0.15521723354090433, 0.15573854409091653, 0.1576887525123581, 0.16230450388342696, 0.15660127333156132, 0.15774622132499277, 0.15542187112709688, 0.1561240843665336, 0.16054716996621957, 0.15987403605263392, 0.15798500043141087, 0.1594185236999071, 0.15832942229441813, 0.15957665161548035, 0.16182332397316584, 0.16046147427306437, 0.16426684489764162, 0.16125286174360176, 0.16461559351049151, 0.15987952153748994, 0.16056664492859093, 0.15856928584117044, 0.16260861119607178, 0.16181359269106757, 0.16442441626913384, 0.16672373377366914, 0.16392047697298168, 0.1617473940630804, 0.16775620308387074, 0.16561106754264268, 0.1668625988074337, 0.1665329847171573, 0.16753947682921094, 0.170290501426733, 0.17007289934436906, 0.1661404033919119, 0.1685659229874882, 0.16855337842288642, 0.1661795074213795, 0.1649963734442084, 0.16503986146029007, 0.16430489227557457, 0.16859265386844205, 0.16699926735884113, 0.16747724396182254, 0.16834840270082815, 0.1665970159282006, 0.16861733403065302, 0.1666021898795775, 0.16621264230053506, 0.16796882530495877, 0.16847072178455313, 0.17060150213881858, 0.16862898516135474, 0.17083742640668745, 0.17230008443186312, 0.1664018087786276, 0.16842564917427413, 0.1677398485437304, 0.17003503131023845, 0.16936692464526237, 0.1664255633130634, 0.16923308053611433, 0.17211335514198714, 0.1692251004562701, 0.1693281251587678, 0.171256778477421, 0.17449423293508315, 0.17203404721256765], [0.09798484170283309, 0.09625810705527817, 0.0966925261357315, 0.09554156435793908, 0.09343812629520545, 0.09222674741618661, 0.09230890419898524, 0.09104580396625438, 0.09212953954525674, 0.09162280500192212, 0.09254769510507983, 0.09333756733654136, 0.09080157074815066, 0.09187696716974676, 0.09244864815899981, 0.08954520391425813, 0.09385895368926887, 0.09109683393521818, 0.09294761627556639, 0.09273686276405883, 0.09257102533612298, 0.0957656037525755, 0.09669364846588534, 0.09319030640273912, 0.09585308035433565, 0.09382772194271917, 0.09193437605363804, 0.09510169277167953, 0.09649057670978967, 0.09364653285854026, 0.09382114261019606, 0.095607081698757, 0.0934362034937132, 0.096198942786321, 0.09678417965417058, 0.0983854631199498, 0.10010401427194406, 0.09615506950640716, 0.09447329859801695, 0.0957923118890681, 0.09324811883436174, 0.09948259982073546, 0.09582467556683943, 0.09638769279616807, 0.09781890151358884, 0.09748123928862666, 0.09713007488606411, 0.09767199075321727, 0.09725583735649414, 0.09877574633623322, 0.09801924031383469, 0.09466287941256425, 0.09841741331657955, 0.09850682496283346, 0.09924783419962219, 0.09857900709621749, 0.09725567982527034, 0.09846919936667704, 0.0994433879778137, 0.09672923079246869, 0.09738713720805124, 0.09674574379065307, 0.10095844141726149, 0.09954016100331077, 0.09681806093123001, 0.09675094540647645, 0.0996232998223396, 0.09982008095865187, 0.09756618190552153, 0.09822176129477675, 0.09843888303471568, 0.10191598742233426, 0.09813245673408622, 0.09880240047674828, 0.09819032630921197, 0.09923217152168812, 0.10159105549437125, 0.10190166481425719, 0.0999160455563737, 0.10191298512487174, 0.10038420718268767, 0.10252484875574992, 0.103824456159696, 0.09947450391936616, 0.10021813239442436, 0.10139815291563106, 0.10123267149665986, 0.10222227160618796, 0.10082895802183346, 0.10074154159558266, 0.10121337551940619, 0.0997152238157306, 0.10038004206014224, 0.09946386971818613, 0.10133048846565831, 0.10004087753105634, 0.10320253489497241, 0.10351024204364666, 0.10090022462631766, 0.1042163975417983], [0.15295997984046794, 0.16781039653452534, 0.17585051641839394, 0.1795545689185914, 0.1839757071559642, 0.189073881338563, 0.19303941514620687, 0.1934213065669129, 0.19812647399428893, 0.19417558897655313, 0.19791653423411412, 0.19946207874072044, 0.20134611185827622, 0.19880011560910427, 0.20331010897775365, 0.20450122544052668, 0.20613844693268496, 0.20584481701086743, 0.20684675900862365, 0.207859420906255, 0.20712317448822923, 0.20886043814999813, 0.2099712589373633, 0.21213264695540765, 0.21417186894559645, 0.21337784639066604, 0.2110870458345946, 0.21176531317808384, 0.2140120568214917, 0.21345384251307645, 0.2147696193831124, 0.21128986487501122, 0.21576304418671163, 0.2162571055930071, 0.2182656190650727, 0.21631387566144805, 0.21650994786452457, 0.219032778433791, 0.21733073954576693, 0.21480643038262542, 0.21869061100066794, 0.2172272170515163, 0.2160335098022964, 0.21859263005250434, 0.21930587718572173, 0.2171330163742003, 0.2189664713109757, 0.22077738234786268, 0.22213051996485747, 0.22165616230903123, 0.21811775892924185, 0.22001096775960516, 0.22109976524599256, 0.22142842868330856, 0.22140447073158862, 0.22131288157812254, 0.22164357807687607, 0.22054601925175452, 0.22203781437677617, 0.22392201384522828, 0.22219848840468825, 0.22105438112752393, 0.2251200350723708, 0.22332097928876105, 0.22185883855582467, 0.22591507470951017, 0.22518349661659448, 0.2223194844400062, 0.22538573114551821, 0.22211399531109607, 0.2246084219516044, 0.22355297989216494, 0.22684127486443456, 0.22536081454194523, 0.22856121003112898, 0.2283745814628045, 0.22248035074946376, 0.2245477750615465, 0.22808216925950572, 0.22727994325612727, 0.22801097155156783, 0.2283836143581764, 0.22570389799044024, 0.22528768831687745, 0.22673609030969913, 0.227117612473086, 0.22606325697809643, 0.22877421490134472, 0.22730968422512407, 0.2283722840799658, 0.22711980194890571, 0.22800449223014846, 0.2318147285698614, 0.22727116321634103, 0.22956495855679668, 0.22902489338778426, 0.22976951883870206, 0.2289229812752565, 0.22668261399076517, 0.23167480879109253], [0.14661553541462563, 0.1569969242299977, 0.1558773467332878, 0.15877467997026015, 0.16043187956242114, 0.16473260963228425, 0.16496681451587414, 0.16669973229271615, 0.16525192686364787, 0.1662271532508959, 0.16718730841800084, 0.1671874823083689, 0.17125319401114786, 0.17241164185369653, 0.1729084366305443, 0.1732680243700695, 0.17265214737416223, 0.17641691089674819, 0.17129813640020453, 0.1751554752888003, 0.17510594367351232, 0.1744874049998218, 0.17936035799969857, 0.17536826461095725, 0.1783536663190897, 0.17739869638452663, 0.18179557827318865, 0.18079196682210064, 0.18090331442018076, 0.18012798412997272, 0.17933312103229002, 0.17949005391753572, 0.18104280682770518, 0.18036348560744603, 0.17905786350511724, 0.17938547646266195, 0.17967835205467927, 0.1807058473337122, 0.18582773402821656, 0.18465667322237236, 0.18835900042229836, 0.18304645019729748, 0.18212040375766297, 0.18483040105513213, 0.18271140403711292, 0.18504181559811084, 0.18404513103921386, 0.18303394945179635, 0.18124306640242158, 0.18511172023134986, 0.1856211530143683, 0.18569824109664734, 0.183597956574634, 0.18444385933826632, 0.1863197118198661, 0.19055153343705938, 0.18566054856568487, 0.18546280061067336, 0.1846997505756606, 0.1860896920285384, 0.18868251579252793, 0.18555367673923215, 0.18592176648760403, 0.18337408499833255, 0.18699697026517084, 0.18716764345736997, 0.18780208736015644, 0.18712482789198734, 0.18715253675606897, 0.18995571302527184, 0.18865395747910088, 0.1855047870938902, 0.18833784319473193, 0.1883508712410672, 0.1878260482563975, 0.18976380717750008, 0.18593302032030612, 0.18509072208906624, 0.1873218509633919, 0.18994838626904192, 0.1843383179275969, 0.18866056107629772, 0.18746244592680464, 0.19051881416353536, 0.19132812682508488, 0.19227980644181739, 0.18998849070953486, 0.18931864742868032, 0.1924486499130213, 0.1933835984375751, 0.19343549754160613, 0.19184039660821958, 0.19436324044959224, 0.19105314576724627, 0.1910165132619017, 0.1897079311228688, 0.19221854009114586, 0.1924204103720676, 0.19059473589606088, 0.1945448130143759], [0.10005615858369259, 0.10527807099573105, 0.10764218653335515, 0.1102148916704063, 0.10874953957435558, 0.11122238023291758, 0.11214136625347018, 0.11532128456249331, 0.11328847008337367, 0.11713917079299858, 0.1171293105414221, 0.11899425995573185, 0.11712165039329708, 0.12092070702996133, 0.12120319625480613, 0.12147061919537347, 0.12188489427899353, 0.1208875993592165, 0.12417899882026406, 0.1285522754297401, 0.12471908941527167, 0.1275947814992885, 0.12561123826025336, 0.12435019659472944, 0.12594833532016447, 0.1245122191808107, 0.1232698463778835, 0.12256049187056102, 0.12745990114140032, 0.12331905858666606, 0.12503879542586427, 0.12439831954286995, 0.12763198818282756, 0.12972970781902568, 0.1288140707572681, 0.1298737236371296, 0.13089905990336986, 0.1272305485490517, 0.13152333678831696, 0.12933953662935535, 0.129905304095269, 0.12968745094491585, 0.1292058955925104, 0.12925765763322092, 0.1313356553242463, 0.1329118351679949, 0.12949567198884626, 0.12931787473477255, 0.1296000212628972, 0.12963920616192112, 0.12973973194095348, 0.13075307221192567, 0.13162129088681593, 0.1298181288079666, 0.13012647899608476, 0.13494827160574885, 0.13393451938335765, 0.1351849076670188, 0.13495220758601026, 0.12955968768566198, 0.133389727689522, 0.13198889739786243, 0.13075298169084637, 0.1308532866037893, 0.13333391118468527, 0.132810683287867, 0.13187285104271199, 0.13167432830643044, 0.13309399597739, 0.13406939149191416, 0.13761089419096353, 0.13258198433746501, 0.1354052030741657, 0.13438912938043843, 0.1337717370395881, 0.1338887442818227, 0.1347615948601776, 0.13255808741417244, 0.1315398830919655, 0.1306312009777717, 0.13067808346625895, 0.13529560728778278, 0.13696552607542928, 0.1370532009693955, 0.13825811765482607, 0.13556149680734492, 0.1368307429711033, 0.135412904056103, 0.1346536376280124, 0.13422340285163306, 0.13502310180376975, 0.1358075972465696, 0.13692775996849588, 0.1332807000223516, 0.13993973352941524, 0.13456171090803762, 0.13825058436593285, 0.13760849217030371, 0.13680710804285778, 0.1361215152037194], [0.14106237651819165, 0.14557435044648392, 0.14901015362862696, 0.1524409185320446, 0.15374992609151117, 0.15216158872850608, 0.15441783424253366, 0.15926199394970975, 0.1609955417295171, 0.16250215891392075, 0.16409822110449648, 0.1686046723041385, 0.1625851352361652, 0.16301389031210972, 0.16460344240080596, 0.16658316218094768, 0.169440721433336, 0.1666060099327229, 0.1679193287142996, 0.17001476273187588, 0.17240669012467902, 0.170420838757345, 0.1713699535036608, 0.17079945882163486, 0.17207695540925133, 0.17183726234494043, 0.1742238160269554, 0.17785788126397573, 0.1752600191065027, 0.17486988223753044, 0.17693279710082985, 0.17562090423296062, 0.17855636372567008, 0.18067877610806934, 0.1794276026021819, 0.18162082787688555, 0.18004037041556797, 0.1807077562641519, 0.18190976138097334, 0.18075740536964738, 0.18317615103993326, 0.18198093005259325, 0.18363640992665453, 0.18260965614566255, 0.18164057798049843, 0.18291711955067172, 0.18564377465852097, 0.18254728719235166, 0.18216728454819542, 0.1826445264549423, 0.18247921610815168, 0.18411175848781858, 0.18766108313993188, 0.18668595079844422, 0.18609245866525093, 0.1867419528692504, 0.18590555034594722, 0.1855016745179356, 0.18889752031956591, 0.18650476811195255, 0.18679118784011953, 0.1884302320782456, 0.18819700661611707, 0.18669800422245825, 0.18827770430925744, 0.1891177143547819, 0.18853644183373652, 0.19046780572465535, 0.19122839615117257, 0.19141115705001183, 0.19048931315866732, 0.1883504338778878, 0.18742541867416382, 0.19171029438510914, 0.18910092649147278, 0.1882039616526913, 0.19042866757225418, 0.19453725778834877, 0.19268304008456558, 0.19054694175168863, 0.18896189688444484, 0.1926432663754373, 0.19286613125657878, 0.19073153945448376, 0.1906816394446538, 0.1953255802062394, 0.190499109996853, 0.19183367502248985, 0.19253953672371432, 0.19476795859040696, 0.19505467621379446, 0.19577590446472468, 0.1967808964318626, 0.19527825882789643, 0.19562238283738975, 0.19648925654081514, 0.19441776931924254, 0.196236516271914, 0.19633194923489025, 0.1937700341875642], [0.1016185317372572, 0.10750449838592699, 0.11316693041949635, 0.11556684651122537, 0.11983360819270501, 0.12364741365695897, 0.12543697192786604, 0.12246983512282796, 0.12686418203211655, 0.12921292495861028, 0.1314349284640174, 0.13093031255767723, 0.13276840358064348, 0.13531617317483574, 0.13634016051525583, 0.13880930715972398, 0.1409972497291723, 0.13989510384909246, 0.1379866552507498, 0.14433992908377316, 0.14396489171250834, 0.14446035076669037, 0.1449776565461791, 0.14537883227689816, 0.14774184419415726, 0.14794670508024063, 0.1487944797684285, 0.1474174306755834, 0.14699230682441905, 0.15025721220151347, 0.14913637610358607, 0.14933662351672572, 0.15112443649499452, 0.15636837424445213, 0.15426335442541408, 0.15328642525326197, 0.1516634345185525, 0.15512213391554153, 0.154454564808538, 0.15429457257053744, 0.15572014626008804, 0.15642591774028508, 0.15697562410092722, 0.1579981207406995, 0.15945802683302718, 0.15682249769856632, 0.1593425038763034, 0.16057744241757338, 0.16151731027796717, 0.1607974300456056, 0.15945218056642219, 0.16000128771514405, 0.1627886488167283, 0.1616203594347995, 0.1629041088661342, 0.1615670938082468, 0.16092451467235458, 0.16145391491945826, 0.16025189846750423, 0.16186359060283315, 0.1626816078502843, 0.16396038842837513, 0.1601970812854155, 0.16614025105659924, 0.16710770725377605, 0.16651616248137097, 0.1643919163439484, 0.16586998613854803, 0.1693840691467937, 0.16782089455846982, 0.1689822417626456, 0.16548282639786951, 0.1654814584108821, 0.16805687260684798, 0.16535203794908465, 0.17067549932108328, 0.16672208499826333, 0.17036532798614723, 0.1692166209441556, 0.17106166404529421, 0.16906826869124386, 0.17203491510415034, 0.17394375553230368, 0.17067550459070874, 0.17178043038103658, 0.16871585850995452, 0.16842093506599704, 0.17179619604121754, 0.17071528788206472, 0.1677159326822823, 0.1698876377851956, 0.1714812762299758, 0.16798310804851022, 0.1703695575049426, 0.17076364346899398, 0.17203690840986288, 0.17335443772312153, 0.1718617246145372, 0.17343199763076073, 0.17088724321679913], [0.122003222898545, 0.12193651463322634, 0.1248239758934401, 0.1284826299478249, 0.12493735901247387, 0.126898582439141, 0.13006805707646918, 0.13209633202981874, 0.13404391514867786, 0.13734110957257648, 0.1359776596105837, 0.13702393628772358, 0.13918377081377517, 0.14232319023026369, 0.14092594407863346, 0.1457625930353835, 0.1450581352340145, 0.14339003584568752, 0.14442216433347024, 0.14606679915862672, 0.1519925448546116, 0.14739741372100662, 0.15340268251754072, 0.1514048105230723, 0.15051063196942183, 0.14902236122667364, 0.14838185662431802, 0.1534436918728961, 0.15216498575665122, 0.1527509274600855, 0.15351568261116952, 0.15158781716005318, 0.15325608974137464, 0.1557842509509103, 0.15127559362111556, 0.15498015703944876, 0.15388813897461684, 0.1572448140431308, 0.1584777484378707, 0.1583902853546904, 0.16163754580138504, 0.15847768703856588, 0.16082598835666578, 0.15888615646600207, 0.15761274637455444, 0.1570335532603579, 0.1601395821324174, 0.163289824472826, 0.16277436442745752, 0.16230217707512748, 0.16151789466298472, 0.1603605244517245, 0.16143101158647152, 0.15984166292985225, 0.1578002349487758, 0.16159730068417796, 0.16402306012530002, 0.16264272844316197, 0.16348239417971902, 0.16671726140171877, 0.1671158641907376, 0.16795203898998057, 0.16416842685191416, 0.16680428355917185, 0.16731249730603606, 0.16822006836979778, 0.16683943186069922, 0.16555669911554155, 0.1662373337027298, 0.16739239322880167, 0.16739198119144721, 0.1686222669948592, 0.17048530848721094, 0.1709392624456139, 0.1674949266688611, 0.16712484214813425, 0.16746141065314327, 0.1690742171680602, 0.17021143431299604, 0.1699646048323475, 0.17438612231384082, 0.17021605066152712, 0.17325643347032535, 0.17537426447393384, 0.1709867376147382, 0.173212012501027, 0.17348691020486331, 0.16938728591076646, 0.16877010929764988, 0.1703707173052209, 0.1736446410299711, 0.1739067528702829, 0.17362950753381012, 0.17568189699648637, 0.1737095262380869, 0.17371245977474306, 0.1719959222576966, 0.1723151858469989, 0.17453487591759698, 0.17818670838522568], [0.12563767603346526, 0.13012983597690383, 0.13275157940300505, 0.14096058466656383, 0.13632307030005908, 0.13796807491186264, 0.14062402909624797, 0.13930118776473577, 0.14126014604888273, 0.1393198736182865, 0.13993504183306668, 0.14368053200038053, 0.14245929186050352, 0.14347768737054928, 0.14620170638933846, 0.14560678877154243, 0.15119667041634227, 0.14883092228423628, 0.14916354702249787, 0.14925183001404638, 0.1503111337487401, 0.15104444681686208, 0.14866043375056787, 0.15241041040141776, 0.15187535667161992, 0.14820391764001764, 0.1534971063071741, 0.1534103374390436, 0.15293423513933416, 0.15359891212522175, 0.15796379070240546, 0.1577147169772097, 0.15659888197515348, 0.15699660822748251, 0.1593123465536531, 0.15666177098164732, 0.15675361619756337, 0.15831985423320685, 0.15794819581774439, 0.15983542016287436, 0.16000475228264843, 0.1603994283586899, 0.1611630276262855, 0.1625091146001214, 0.16159951093533875, 0.16331031478732397, 0.1623849093243345, 0.1614389586604968, 0.16463901015279617, 0.1614971547083095, 0.16575348149970337, 0.15991249405120048, 0.15959496883544294, 0.16227948040649898, 0.16380417487006355, 0.16269992362577992, 0.16323110393400392, 0.16045535758897558, 0.16513658806832196, 0.1665658024432222, 0.16423549370502874, 0.16189081341625713, 0.1607279311282155, 0.16416261147775033, 0.16755289283082497, 0.16444991595127897, 0.165710770469937, 0.1616448730996857, 0.1723382579420853, 0.16962273018330168, 0.16814835545649115, 0.1644462788422488, 0.1728927534404375, 0.16375974868880958, 0.17054846421664815, 0.16854506198413996, 0.168646651903181, 0.1656454228590114, 0.16484513310969598, 0.16405971625567245, 0.1700711103777265, 0.16756788116091031, 0.1682097199574677, 0.16866067388939177, 0.17102405861758554, 0.1685115389061566, 0.16937850141622968, 0.1745926480844328, 0.1745106869183066, 0.1673869608147514, 0.16933780269489102, 0.17103175093172068, 0.17054930539895546, 0.16912614573550536, 0.16637325234208375, 0.16858971348545973, 0.1688879944902592, 0.1694612527890042, 0.17168213974686092, 0.1759151618831433], [0.1705573835867107, 0.1745289105635495, 0.17338768487107978, 0.17541536633029445, 0.17852371039087347, 0.1758101615383542, 0.17961962529415954, 0.179502015604584, 0.17931134268597063, 0.18176226047406152, 0.18142308656911452, 0.1841328753070805, 0.18352257204918493, 0.1863220201684276, 0.1854296550457003, 0.18621203874728565, 0.18540004936403834, 0.1853778108604319, 0.1866461471149353, 0.18923904493629762, 0.18848656262955377, 0.18810033527899658, 0.18783812364427915, 0.1865310628954797, 0.1859735724331551, 0.18993102241439172, 0.18578044694785237, 0.18967280162608638, 0.18856741890125123, 0.1887663354114986, 0.18673316374375856, 0.1914185650073402, 0.19338687073578426, 0.195261423020142, 0.19096103949466497, 0.1890236436432088, 0.1947768318496775, 0.19134759231351414, 0.19069951584113493, 0.19392163285090452, 0.19556028116517904, 0.19584842638252534, 0.1921620878799843, 0.19457627931843732, 0.19707427538848493, 0.1949827438346595, 0.19750772012909945, 0.19564164709752074, 0.19289747114061, 0.1925531127301075, 0.19395446717998216, 0.19481631173339378, 0.19342806955942649, 0.19427785003074433, 0.1975941276260905, 0.19453000363833983, 0.1927713188801056, 0.19676669053219595, 0.19487219956802332, 0.1963381549950255, 0.19765032888465353, 0.19515035030081615, 0.19534060549014695, 0.19814020882790292, 0.193602446110994, 0.1927046088640311, 0.19466196128259494, 0.19700879794168938, 0.1981548679738043, 0.19494180149464216, 0.19526104746081913, 0.1948266499612127, 0.19454272419863236, 0.19720665612130286, 0.20058285951739901, 0.19770419766730013, 0.196408048912975, 0.19695784916496434, 0.1998967286497271, 0.20065477071474289, 0.19785995951967958, 0.19593464284133058, 0.19428420464570553, 0.19485472623348735, 0.19759286492559494, 0.1972670310757918, 0.1975900231623542, 0.19797307935253033, 0.19700945952122711, 0.19927503324312726, 0.19988701369682402, 0.19800838320413852, 0.1972990602739474, 0.1969253978973732, 0.19662384489459764, 0.1994866110647496, 0.20192311074408778, 0.20044662105551428, 0.19936503657979754, 0.19568763148758306]]
Total Percentage: [[37.334, 38.128, 38.208, 38.641999999999996, 39.112, 39.28, 38.918, 39.652, 39.234, 39.292, 39.629999999999995, 39.486, 39.452, 39.902, 39.507999999999996, 39.694, 39.958, 40.308, 40.184, 40.292, 39.906000000000006, 40.477999999999994, 40.684, 40.611999999999995, 40.238, 40.142, 40.298, 40.122, 40.492, 40.692, 40.455999999999996, 40.372, 40.8, 40.598, 41.172, 40.708, 40.698, 40.464, 40.392, 40.792, 40.764, 40.504, 40.748, 40.586, 40.75, 41.08, 40.949999999999996, 41.192, 40.824, 41.142, 40.586, 40.71, 40.482, 40.674, 40.996, 41.214, 41.21, 41.05, 40.71, 41.554, 41.010000000000005, 41.160000000000004, 41.314, 40.952, 41.662, 41.524, 41.071999999999996, 41.252, 41.208, 40.974, 41.168, 40.97, 41.062, 41.038000000000004, 41.016000000000005, 41.29, 41.272, 41.208, 41.216, 41.046, 41.193999999999996, 41.092, 41.102, 41.698, 40.998000000000005, 41.288000000000004, 41.792, 40.896, 41.122, 41.11, 41.356, 41.565999999999995, 41.204, 41.352, 41.354, 40.996, 41.410000000000004, 41.242000000000004, 41.618, 41.565999999999995], [35.326, 35.38, 35.333999999999996, 35.224, 34.874, 34.928, 34.858, 34.733999999999995, 34.904, 34.96, 34.984, 34.992000000000004, 34.726, 34.727999999999994, 34.778, 34.5, 35.112, 34.778, 34.784, 34.998000000000005, 34.870000000000005, 35.074, 35.414, 34.798, 35.014, 34.898, 34.552, 34.848, 35.144, 34.812, 35.076, 35.162, 34.855999999999995, 35.238, 35.339999999999996, 35.652, 35.622, 35.288000000000004, 34.955999999999996, 35.022, 34.788000000000004, 35.674, 35.23, 35.064, 35.274, 35.186, 35.29, 35.128, 35.168, 35.54, 35.36, 34.934, 35.437999999999995, 35.312, 35.52, 35.321999999999996, 35.136, 35.446, 35.478, 35.114000000000004, 35.054, 35.378, 35.766, 35.608000000000004, 35.138000000000005, 35.07, 35.54, 35.728, 35.244, 35.142, 35.35, 35.832, 35.226, 35.586, 35.343999999999994, 35.406, 35.622, 35.662, 35.424, 35.646, 35.612, 35.778, 35.924, 35.366, 35.398, 35.52, 35.548, 35.6, 35.693999999999996, 35.3, 35.534, 35.326, 35.488, 35.199999999999996, 35.592, 35.260000000000005, 35.839999999999996, 35.872, 35.376000000000005, 35.738], [42.236000000000004, 43.204, 43.784, 43.998, 44.36, 44.688, 44.97, 44.832, 45.474, 45.013999999999996, 45.262, 45.382, 45.61, 45.25, 45.65, 45.93, 45.944, 45.954, 45.989999999999995, 46.058, 46.45, 46.214, 46.266, 46.556, 46.733999999999995, 46.367999999999995, 46.35, 46.278000000000006, 46.461999999999996, 46.268, 46.418, 46.208, 46.542, 46.588, 46.766000000000005, 46.804, 46.504, 46.792, 46.776, 46.512, 46.974, 46.92, 46.598, 46.796, 46.772000000000006, 46.361999999999995, 46.666000000000004, 46.9, 46.92, 47.04, 46.692, 46.739999999999995, 47.164, 47.288000000000004, 46.800000000000004, 46.910000000000004, 47.076, 46.964, 46.986, 47.296, 47.17, 46.886, 47.312, 47.244, 47.034, 47.264, 47.076, 46.574, 47.349999999999994, 46.748, 47.083999999999996, 47.162, 47.8, 47.298, 47.364, 47.616, 47.010000000000005, 47.03, 46.961999999999996, 47.354, 47.448, 47.31, 47.083999999999996, 47.436, 47.43, 47.208, 47.260000000000005, 47.546, 47.346, 47.548, 47.298, 47.276, 47.932, 47.276, 47.586, 47.583999999999996, 47.664, 47.534, 47.06, 47.833999999999996], [43.91, 44.972, 44.65, 44.83, 44.885999999999996, 45.298, 45.184000000000005, 45.434000000000005, 45.147999999999996, 45.242, 45.528, 45.278, 45.85, 45.894, 45.956, 46.102, 46.122, 46.410000000000004, 45.6, 46.184, 46.078, 46.096, 46.784, 46.144, 46.239999999999995, 46.288000000000004, 46.71, 46.758, 46.566, 46.574, 46.495999999999995, 46.426, 46.602, 46.542, 46.402, 46.476, 46.352, 46.622, 47.076, 46.876, 47.294000000000004, 46.800000000000004, 46.73, 47.172, 46.833999999999996, 47.13, 46.844, 46.800000000000004, 46.67, 47.082, 47.04, 47.026, 46.798, 46.854, 47.199999999999996, 47.589999999999996, 47.05, 47.148, 46.924, 46.983999999999995, 47.374, 47.06, 47.152, 46.77, 47.246, 47.198, 47.205999999999996, 47.260000000000005, 47.264, 47.583999999999996, 47.518, 47.018, 47.352, 47.38, 47.214, 47.408, 47.122, 47.166000000000004, 47.348, 47.692, 47.07, 47.467999999999996, 47.546, 47.686, 47.538000000000004, 47.842, 47.724, 47.458, 47.89, 47.806, 47.97, 47.656, 47.888, 47.606, 47.604, 47.548, 47.724, 47.728, 47.592, 47.808], [37.596000000000004, 37.980000000000004, 38.344, 38.566, 38.076, 38.602, 38.440000000000005, 39.022, 38.566, 38.98, 38.9, 39.228, 38.903999999999996, 39.404, 39.442, 39.236, 39.452, 39.269999999999996, 39.724, 39.966, 39.802, 39.966, 39.65, 39.474, 39.648, 39.482, 39.222, 39.294000000000004, 39.78, 39.222, 39.396, 39.274, 39.684000000000005, 39.96, 39.910000000000004, 39.936, 40.03, 39.744, 40.089999999999996, 39.982, 39.93, 39.844, 39.956, 39.856, 40.166000000000004, 40.402, 39.73, 39.751999999999995, 39.882, 39.838, 40.036, 39.964, 40.0, 39.844, 39.932, 40.605999999999995, 40.292, 40.306, 40.174, 39.656000000000006, 40.342, 40.160000000000004, 39.986, 40.054, 40.373999999999995, 40.036, 39.989999999999995, 39.946, 40.18, 40.129999999999995, 40.486, 39.885999999999996, 40.328, 40.082, 40.154, 40.164, 40.306, 40.036, 39.738, 39.739999999999995, 39.876, 40.306, 40.512, 40.69, 40.694, 40.248, 40.508, 40.502, 40.123999999999995, 40.106, 40.192, 40.352, 40.302, 39.908, 40.64, 40.066, 40.582, 40.398, 40.352, 40.328], [42.094, 42.42, 42.714, 42.844, 43.028, 42.71, 42.968, 43.46, 43.614000000000004, 43.57, 43.686, 44.314, 43.674, 43.588, 43.62, 43.862, 43.978, 43.663999999999994, 43.763999999999996, 44.2, 44.458, 44.308, 44.214, 43.976, 44.062, 44.122, 44.348, 44.824000000000005, 44.504, 44.428, 44.504, 44.379999999999995, 44.885999999999996, 45.094, 44.946000000000005, 45.122, 44.87, 45.034, 45.044000000000004, 44.862, 45.244, 45.22, 45.272, 45.123999999999995, 44.852, 45.122, 45.492, 45.086, 44.944, 45.128, 45.166000000000004, 45.184000000000005, 45.76, 45.332, 45.056000000000004, 45.314, 45.282, 45.2, 45.69, 45.558, 45.322, 45.394, 45.373999999999995, 45.272, 45.396, 45.528, 45.434000000000005, 45.62, 45.632, 45.702, 45.872, 45.304, 45.39, 45.818, 45.308, 45.342, 45.652, 46.114, 45.824, 45.65, 45.5, 45.814, 45.838, 45.562000000000005, 45.572, 46.144, 45.676, 45.828, 45.794000000000004, 46.076, 46.12, 46.274, 46.142, 46.028000000000006, 46.254, 46.184, 46.01, 46.086, 46.074, 46.056000000000004], [35.370000000000005, 35.866, 36.620000000000005, 36.706, 37.194, 37.64, 38.028, 37.724000000000004, 38.1, 38.202000000000005, 38.635999999999996, 38.422, 38.684000000000005, 38.86, 39.048, 39.322, 39.348, 39.326, 39.14, 39.832, 39.664, 39.844, 39.776, 39.64, 40.046, 40.154, 40.264, 40.204, 39.954, 40.174, 40.026, 40.088, 40.436, 40.967999999999996, 40.660000000000004, 40.694, 40.448, 40.652, 40.455999999999996, 40.711999999999996, 40.926, 40.854, 41.058, 40.934, 41.358, 40.776, 41.244, 41.36, 41.292, 41.526, 41.154, 41.062, 41.6, 41.266000000000005, 41.394, 41.29, 41.262, 41.092, 41.174, 41.536, 41.396, 41.782000000000004, 41.262, 41.796, 42.104, 42.026, 41.666, 41.626000000000005, 41.844, 42.156, 42.064, 41.554, 41.728, 41.937999999999995, 41.410000000000004, 42.208, 41.64, 42.414, 42.144, 42.324, 42.18, 42.434, 42.32, 42.14, 42.156, 41.852000000000004, 41.862, 42.224000000000004, 42.282, 42.034, 41.982, 42.27, 41.926, 42.28, 42.162, 42.374, 42.642, 42.315999999999995, 42.508, 42.065999999999995], [38.95, 38.884, 39.198, 39.57, 39.114, 39.308, 39.734, 40.088, 40.186, 40.550000000000004, 40.396, 40.418, 40.878, 41.23, 41.186, 41.674, 41.52, 41.308, 41.358, 41.638, 42.276, 41.728, 42.354, 42.006, 42.071999999999996, 41.874, 41.606, 42.35, 42.315999999999995, 42.314, 42.431999999999995, 41.976, 42.29, 42.588, 42.181999999999995, 42.57, 42.516, 42.576, 43.004, 42.962, 43.278, 42.952, 43.058, 42.828, 42.836, 42.674, 43.124, 43.49, 43.362, 43.318, 43.172, 42.936, 43.128, 43.03, 42.728, 43.126, 43.47, 43.382, 43.312, 43.774, 43.708000000000006, 43.802, 43.464000000000006, 43.74, 43.9, 43.769999999999996, 43.738, 43.574, 43.634, 43.872, 43.674, 43.878, 44.074000000000005, 44.134, 43.708000000000006, 43.632, 43.706, 43.974000000000004, 44.118, 43.958000000000006, 44.388, 44.07, 44.268, 44.572, 44.004, 44.21, 44.236, 43.838, 43.66, 43.996, 44.294, 44.478, 44.308, 44.528, 44.407999999999994, 44.296, 44.382, 44.252, 44.372, 44.882], [43.09, 43.332, 43.578, 44.498, 43.81, 43.576, 43.934, 43.808, 43.956, 43.78, 43.54, 43.948, 43.588, 43.913999999999994, 44.041999999999994, 44.09, 44.554, 44.342, 44.324000000000005, 44.275999999999996, 44.506, 44.502, 44.135999999999996, 44.394, 44.362, 44.041999999999994, 44.524, 44.274, 44.402, 44.428, 44.822, 44.854, 44.712, 44.822, 44.748, 44.49, 44.629999999999995, 44.716, 44.644, 44.856, 44.868, 44.86, 44.769999999999996, 44.968, 44.908, 45.024, 44.962, 44.906, 45.422000000000004, 44.838, 45.346, 44.688, 44.734, 44.91, 44.944, 44.792, 44.888, 44.51, 45.050000000000004, 45.242, 45.050000000000004, 44.647999999999996, 44.472, 44.96, 45.348, 45.0, 44.988, 44.568000000000005, 45.964, 45.641999999999996, 45.504, 44.848, 45.762, 44.879999999999995, 45.512, 45.172000000000004, 45.262, 44.918, 44.91, 44.769999999999996, 45.504, 45.302, 44.952, 45.36, 45.568, 45.214, 45.292, 45.696, 45.644, 45.034, 45.368, 45.525999999999996, 45.328, 45.224, 44.994, 45.116, 45.338, 45.288000000000004, 45.546, 46.0], [44.072, 44.416, 44.178, 44.48, 44.672, 44.336, 44.682, 44.552, 44.58, 44.896, 44.754, 45.018, 44.946000000000005, 45.28, 45.019999999999996, 45.428000000000004, 44.97, 44.879999999999995, 45.0, 45.428000000000004, 45.26, 45.286, 45.172000000000004, 44.924, 45.064, 45.464, 44.862, 45.495999999999995, 45.204, 45.306000000000004, 44.888, 45.534, 45.744, 45.967999999999996, 45.518, 45.162, 45.722, 45.428000000000004, 45.36, 45.71, 45.792, 45.858, 45.506, 45.696, 45.948, 45.64, 46.316, 45.839999999999996, 45.518, 45.586, 45.516, 45.528, 45.578, 45.588, 46.042, 45.714, 45.58, 46.062, 45.844, 46.03, 45.974, 45.614, 45.556000000000004, 45.724, 45.42, 45.406, 45.714, 45.662000000000006, 46.034000000000006, 45.668, 45.61, 45.879999999999995, 45.495999999999995, 45.96, 46.21, 45.938, 45.748, 45.912, 46.1, 46.082, 45.798, 45.522, 45.396, 45.598, 45.838, 45.754, 46.0, 45.924, 45.87, 46.06, 46.036, 46.0, 45.566, 45.818, 45.724, 46.078, 46.232, 46.126, 46.058, 45.524]]
Total Delta Gamma: [2.07337097 2.13294495 1.69610377 1.95689948 2.09866404 2.11288887
 1.97972394 2.14119614 2.04051886 2.18057163]
Total Delta R: [1.69086796 1.82458411 1.50884322 1.84015898 1.57792391 1.56423838
 1.67826634 1.8012     1.30599648 1.77344664]
