Complexity increased keeping gamma very unbalanced, and increasing K (K=7)
==================================================

N (neurons): 3
K (states): 7
T (time steps): 50000
Seed: None
Number of repetitions: 10
Number of iterations: 100

Initialization of parameters for HMM:
Pi: [1 0 0 0 0 0 0]
Gamma: [[0.7  0.05 0.05 0.05 0.05 0.05 0.05]
 [0.05 0.7  0.05 0.05 0.05 0.05 0.05]
 [0.05 0.05 0.7  0.05 0.05 0.05 0.05]
 [0.05 0.05 0.05 0.7  0.05 0.05 0.05]
 [0.05 0.05 0.05 0.05 0.7  0.05 0.05]
 [0.05 0.05 0.05 0.05 0.05 0.7  0.05]
 [0.05 0.05 0.05 0.05 0.05 0.05 0.7 ]]
R: [[0.5        0.         0.5        0.         0.33333333 0.33333333
  0.33333333]
 [0.         0.5        0.5        0.         0.         0.33333333
  0.33333333]
 [0.5        0.         0.         0.5        0.33333333 0.
  0.33333333]
 [0.         0.5        0.         0.5        0.33333333 0.33333333
  0.        ]]

Generated data:
Generated firings (y): [0 0 1 1 0 1 0 0 0 1 1 2 2 3 3 3 1 0 0 0 1 1 1 1 3 2 1 0 0 2 2 3 1 0 2 0 1
 1 0 0 1 1 3 1 2 0 0 3 3 3 1 0 0 3 3 2 3 2 3 1 3 1 1 0 0 0 1 0 2 2 2 0 0 2
 1 2 2 2 0 1 1 1 3 1 1 0 1 1 2 2 1 3 1 0 1 0 0 0 0 1]... (showing first 100 entries)
Generated states (z): [0 0 2 2 2 2 2 2 2 2 1 4 3 3 3 3 2 2 2 2 1 1 6 1 1 4 2 2 2 3 3 3 1 4 4 4 6
 6 6 6 1 1 1 1 0 0 0 4 5 5 1 4 5 5 3 3 3 3 1 1 1 1 1 2 2 2 2 0 0 0 0 0 0 6
 1 6 6 6 6 6 6 6 3 2 2 2 2 2 3 3 1 1 1 0 2 2 2 2 2 2]... (showing first 100 entries)

Estimated parameters:
Estimated Pi: [array([0.0866557 , 0.06375493, 0.25990863, 0.09850748, 0.20747464,
       0.16606628, 0.11763233]), array([0.04024276, 0.1655195 , 0.09947074, 0.1913176 , 0.22668081,
       0.05514143, 0.22162716]), array([0.03362785, 0.12170421, 0.14255053, 0.19765073, 0.20416792,
       0.24032738, 0.05997138]), array([0.25402626, 0.09154981, 0.02775217, 0.22569953, 0.06254993,
       0.18458375, 0.15383855]), array([0.1292889 , 0.20165846, 0.2835323 , 0.02768533, 0.20578524,
       0.1487096 , 0.00334018]), array([0.1254634 , 0.1240137 , 0.102147  , 0.15966015, 0.09224328,
       0.25521673, 0.14125574]), array([0.01109629, 0.17858756, 0.20035758, 0.10443182, 0.27796018,
       0.09262381, 0.13494274]), array([0.23311671, 0.01046572, 0.08010342, 0.04268524, 0.33551488,
       0.22153359, 0.07658043]), array([0.32722794, 0.14522614, 0.10226447, 0.13988602, 0.15665438,
       0.05407444, 0.07466661]), array([0.13708058, 0.46799962, 0.04262875, 0.01147637, 0.00385398,
       0.32528086, 0.01167983])]
Estimated Gamma: [array([[0.3847817 , 0.02940611, 0.0256642 , 0.14705924, 0.25788776,
        0.10772064, 0.04748036],
       [0.23726908, 0.05214903, 0.00245269, 0.04602619, 0.22005727,
        0.18422928, 0.25781645],
       [0.35866303, 0.040641  , 0.11235751, 0.15950677, 0.25635242,
        0.07107582, 0.00140345],
       [0.19983421, 0.02755429, 0.01862021, 0.12019965, 0.02169898,
        0.11967321, 0.49241944],
       [0.06611456, 0.08608625, 0.05623763, 0.0434492 , 0.04274883,
        0.45579913, 0.24956441],
       [0.05566799, 0.32637168, 0.20271579, 0.04313337, 0.03160003,
        0.27584316, 0.06466799],
       [0.30195759, 0.03710167, 0.01994078, 0.3908483 , 0.10665765,
        0.00340179, 0.14009222]]), array([[0.15256691, 0.18101776, 0.00957125, 0.10127253, 0.08793193,
        0.45089043, 0.01674919],
       [0.03911396, 0.27466312, 0.26992351, 0.05732618, 0.03917324,
        0.16636565, 0.15343435],
       [0.00251651, 0.36218525, 0.11897042, 0.21349549, 0.16896626,
        0.0753621 , 0.05850397],
       [0.08239069, 0.00726765, 0.00704512, 0.03791757, 0.19769046,
        0.51348324, 0.15420528],
       [0.08865342, 0.08212349, 0.18456126, 0.03753936, 0.30725318,
        0.20188618, 0.09798312],
       [0.18180047, 0.2534353 , 0.12545716, 0.12648232, 0.0355452 ,
        0.17458357, 0.10269599],
       [0.07815755, 0.08656894, 0.32560028, 0.03086257, 0.08961875,
        0.33200385, 0.05718806]]), array([[4.09971865e-01, 8.26657866e-02, 5.09271473e-02, 6.73968380e-04,
        7.57820565e-02, 1.66923138e-01, 2.13056038e-01],
       [1.42084056e-01, 1.32098979e-01, 6.93455885e-02, 5.17761316e-02,
        5.31964639e-03, 8.38757727e-02, 5.15499826e-01],
       [2.19741572e-02, 1.19083016e-01, 5.50414075e-01, 2.25235949e-01,
        2.46825893e-02, 4.74940508e-02, 1.11161628e-02],
       [4.55279958e-04, 2.69760666e-01, 2.22544223e-01, 1.87903334e-01,
        4.95458375e-02, 6.39679044e-02, 2.05822755e-01],
       [1.96122190e-01, 7.72181533e-02, 1.90283726e-01, 1.42529378e-01,
        2.31572880e-02, 2.75037693e-01, 9.56515722e-02],
       [5.12417362e-02, 1.56707010e-01, 9.54199145e-02, 2.18865030e-01,
        4.48970472e-01, 1.17116114e-02, 1.70842257e-02],
       [2.73488901e-01, 2.73341963e-01, 1.13310041e-01, 3.35583094e-02,
        6.84628786e-02, 3.28270994e-02, 2.05010808e-01]]), array([[0.27453735, 0.05396845, 0.23319321, 0.19434175, 0.02878356,
        0.04488273, 0.17029296],
       [0.26923853, 0.01617057, 0.0462682 , 0.03870067, 0.00062194,
        0.51345622, 0.11554387],
       [0.07908586, 0.06529067, 0.22042576, 0.0574221 , 0.07807807,
        0.22564018, 0.27405737],
       [0.18819769, 0.1367389 , 0.15380672, 0.16919322, 0.17521097,
        0.10121967, 0.07563283],
       [0.01995569, 0.03572964, 0.21050309, 0.01079179, 0.16294394,
        0.52319652, 0.03687933],
       [0.04126774, 0.09458548, 0.03873815, 0.21507524, 0.27252883,
        0.11748297, 0.2203216 ],
       [0.36262476, 0.00631072, 0.05208956, 0.18082107, 0.14678382,
        0.0372637 , 0.21410637]]), array([[0.02220824, 0.19247415, 0.05378826, 0.49464311, 0.21039226,
        0.00844783, 0.01804615],
       [0.05530992, 0.59610487, 0.00326505, 0.20527756, 0.02782848,
        0.02569191, 0.0865222 ],
       [0.11736129, 0.47191465, 0.03514651, 0.01255763, 0.0897398 ,
        0.00865569, 0.26462442],
       [0.12585319, 0.10983843, 0.05803973, 0.36359188, 0.12293991,
        0.10532629, 0.11441057],
       [0.12741451, 0.0604211 , 0.10031787, 0.02929728, 0.24589044,
        0.218033  , 0.21862581],
       [0.37098485, 0.07554606, 0.18675358, 0.2364332 , 0.07621611,
        0.00602352, 0.04804268],
       [0.10445603, 0.03919179, 0.02729627, 0.0167283 , 0.21046552,
        0.00433288, 0.59752922]]), array([[0.5657307 , 0.09595627, 0.06123165, 0.11162083, 0.06468232,
        0.05144836, 0.04932986],
       [0.11636842, 0.21503208, 0.02503542, 0.08101321, 0.04041192,
        0.13973397, 0.38240498],
       [0.08757924, 0.32847618, 0.13068664, 0.16534812, 0.19756823,
        0.06405645, 0.02628515],
       [0.14899491, 0.04076565, 0.18728114, 0.06583704, 0.31867067,
        0.08612884, 0.15232175],
       [0.07701585, 0.04756443, 0.49740956, 0.04248898, 0.15734128,
        0.01825657, 0.15992332],
       [0.20604046, 0.1202176 , 0.01251138, 0.07645206, 0.15705064,
        0.07919502, 0.34853283],
       [0.12404201, 0.07473781, 0.2080789 , 0.06004962, 0.25915608,
        0.08707734, 0.18685824]]), array([[5.53914538e-01, 1.82801294e-01, 2.15271275e-02, 9.56719095e-02,
        5.29410098e-05, 1.19224781e-01, 2.68074096e-02],
       [3.69850684e-02, 2.93666053e-01, 5.89683287e-02, 1.94348663e-01,
        2.30767573e-01, 2.16655916e-04, 1.85047658e-01],
       [1.38551907e-01, 1.73868733e-01, 1.44766436e-01, 2.41105016e-01,
        2.53532292e-01, 2.55251455e-02, 2.26504694e-02],
       [4.39940197e-01, 1.11855455e-01, 9.08729743e-02, 5.03164196e-02,
        1.42751840e-02, 2.45855783e-01, 4.68839865e-02],
       [1.21743284e-02, 2.91430022e-01, 6.27602603e-02, 1.71939118e-01,
        2.41659477e-01, 1.26814441e-02, 2.07355349e-01],
       [2.29055022e-03, 4.32407239e-02, 1.85747625e-01, 2.06010596e-01,
        1.10946684e-01, 6.41551033e-02, 3.87608717e-01],
       [1.04782606e-01, 7.61420641e-02, 9.75767399e-03, 1.35954640e-01,
        3.01048312e-01, 7.87857483e-03, 3.64436129e-01]]), array([[0.22465477, 0.15631579, 0.06541523, 0.07678227, 0.08758159,
        0.09219453, 0.29705582],
       [0.05836299, 0.38969971, 0.10261746, 0.12990006, 0.03644454,
        0.26179905, 0.02117618],
       [0.18867872, 0.00322138, 0.16845926, 0.17287774, 0.1133436 ,
        0.04730253, 0.30611676],
       [0.02073881, 0.15594632, 0.09056121, 0.57794604, 0.0578496 ,
        0.07614815, 0.02080987],
       [0.23703696, 0.06179301, 0.17908095, 0.16820578, 0.08601689,
        0.16519248, 0.10267393],
       [0.27259015, 0.03517796, 0.0140649 , 0.16647977, 0.10590076,
        0.30188736, 0.1038991 ],
       [0.30495938, 0.05742583, 0.17602788, 0.18659344, 0.09073291,
        0.04224796, 0.14201259]]), array([[0.13620106, 0.18865143, 0.35915945, 0.04009774, 0.05955404,
        0.1246204 , 0.09171588],
       [0.08898311, 0.24835382, 0.07332117, 0.00951432, 0.31596575,
        0.11271082, 0.151151  ],
       [0.0720862 , 0.02846252, 0.44450274, 0.06605174, 0.22982183,
        0.05641881, 0.10265616],
       [0.05160087, 0.11589559, 0.26512781, 0.11388672, 0.03536398,
        0.02473331, 0.39339173],
       [0.04365178, 0.26769895, 0.24768878, 0.15590157, 0.11452047,
        0.10897489, 0.06156356],
       [0.14840246, 0.07742981, 0.12053444, 0.26251934, 0.02656285,
        0.12600053, 0.23855056],
       [0.02403494, 0.01530393, 0.05456581, 0.335849  , 0.01953552,
        0.07097517, 0.47973563]]), array([[2.06364988e-01, 2.61342842e-01, 2.54485268e-01, 7.10150984e-02,
        6.73133438e-02, 1.01934605e-01, 3.75438546e-02],
       [8.68514591e-02, 4.87462112e-01, 1.52888373e-01, 9.60028578e-02,
        1.57608687e-01, 1.87974630e-02, 3.89048021e-04],
       [3.84371370e-02, 1.62158076e-01, 3.41776622e-01, 3.56858765e-01,
        6.07853908e-03, 5.39170943e-02, 4.07737664e-02],
       [8.25409633e-02, 1.28079094e-03, 1.00650751e-01, 1.29492660e-02,
        5.05333742e-01, 1.80630966e-01, 1.16613521e-01],
       [8.19915111e-02, 7.68565580e-02, 1.00693470e-03, 1.67227863e-01,
        4.66717794e-01, 1.32499196e-01, 7.37001438e-02],
       [1.69138778e-01, 4.13319513e-01, 1.58096721e-01, 1.00231269e-01,
        4.12993749e-02, 1.11011084e-01, 6.90325918e-03],
       [5.45586030e-02, 2.53875050e-01, 1.29166805e-01, 2.47980281e-01,
        2.05199657e-01, 8.28989849e-02, 2.63206196e-02]])]
Estimated R: [array([[0.37822541, 0.37124868, 0.43183343, 0.31344014, 0.31606121,
        0.16492642, 0.15468151],
       [0.13905693, 0.07147012, 0.07638738, 0.46524041, 0.00633553,
        0.13831005, 0.60398886],
       [0.05442728, 0.52979532, 0.19439341, 0.04974205, 0.18054618,
        0.62365403, 0.1494873 ],
       [0.42829038, 0.02748589, 0.29738578, 0.1715774 , 0.49705708,
        0.0731095 , 0.09184233]]), array([[0.08146985, 0.28487606, 0.12894614, 0.20257423, 0.53416801,
        0.31550787, 0.4785699 ],
       [0.73761051, 0.02628391, 0.08564324, 0.17415466, 0.23318822,
        0.43296796, 0.1064178 ],
       [0.0417536 , 0.23914978, 0.58377354, 0.21610385, 0.22015797,
        0.13269157, 0.10944259],
       [0.13916604, 0.44969025, 0.20163708, 0.40716727, 0.01248581,
        0.1188326 , 0.3055697 ]]), array([[0.18864245, 0.27080585, 0.22991737, 0.46592164, 0.404615  ,
        0.3594435 , 0.26949265],
       [0.01434059, 0.2634109 , 0.62697105, 0.30968491, 0.222271  ,
        0.08317343, 0.05729463],
       [0.70786228, 0.14774977, 0.00326858, 0.07327196, 0.35663671,
        0.45648161, 0.07309089],
       [0.08915467, 0.31803347, 0.139843  , 0.15112149, 0.01647729,
        0.10090145, 0.60012182]]), array([[0.49692187, 0.14697682, 0.10121303, 0.31959056, 0.17364125,
        0.26243438, 0.3800346 ],
       [0.15921591, 0.49653848, 0.16992602, 0.54908136, 0.10456075,
        0.24058617, 0.14466986],
       [0.22738727, 0.23619414, 0.72410191, 0.08952664, 0.05532069,
        0.02210297, 0.33358885],
       [0.11647496, 0.12029057, 0.00475904, 0.04180144, 0.66647731,
        0.47487648, 0.14170669]]), array([[0.2311822 , 0.60801813, 0.62946722, 0.02490453, 0.52717074,
        0.27454532, 0.00365304],
       [0.15803783, 0.21643412, 0.11956674, 0.05818197, 0.04673169,
        0.08773561, 0.65191815],
       [0.37802971, 0.16905618, 0.11815428, 0.68725801, 0.05933841,
        0.07298394, 0.02414236],
       [0.23275026, 0.00649158, 0.13281176, 0.22965549, 0.36675916,
        0.56473513, 0.32028645]]), array([[0.24463066, 0.12890546, 0.23719796, 0.40945352, 0.1555803 ,
        0.63761211, 0.44588839],
       [0.59622477, 0.28335707, 0.05478081, 0.06317871, 0.17673825,
        0.08378303, 0.16965852],
       [0.12341021, 0.57744735, 0.12736834, 0.40549652, 0.1696385 ,
        0.04159117, 0.25257318],
       [0.03573436, 0.01029012, 0.58065289, 0.12187125, 0.49804295,
        0.23701368, 0.13187992]]), array([[0.08362756, 0.41954525, 0.54685006, 0.39046721, 0.27709454,
        0.33559204, 0.2245074 ],
       [0.04763169, 0.06765571, 0.21882306, 0.19496284, 0.28823487,
        0.13697696, 0.72110722],
       [0.20364311, 0.48023674, 0.14325374, 0.32152894, 0.26277602,
        0.03953226, 0.02503221],
       [0.66509764, 0.03256229, 0.09107314, 0.093041  , 0.17189457,
        0.48789874, 0.02935317]]), array([[0.72042241, 0.15020584, 0.10815023, 0.08657954, 0.64974934,
        0.33322234, 0.15935341],
       [0.16992856, 0.02463195, 0.64998367, 0.22033594, 0.07653205,
        0.07007136, 0.54512138],
       [0.02227194, 0.76943457, 0.09231032, 0.09281238, 0.13432128,
        0.35109169, 0.27591697],
       [0.08737709, 0.05572764, 0.14955578, 0.60027214, 0.13939733,
        0.24561462, 0.01960824]]), array([[0.60302695, 0.49290211, 0.35122571, 0.28264707, 0.37556045,
        0.10284243, 0.09142045],
       [0.02983517, 0.01233098, 0.10918755, 0.46996942, 0.09925776,
        0.43235013, 0.36250579],
       [0.19354315, 0.39185135, 0.53288399, 0.10448977, 0.34560507,
        0.03262712, 0.01135812],
       [0.17359473, 0.10291556, 0.00670274, 0.14289373, 0.17957672,
        0.43218031, 0.53471564]]), array([[0.23579686, 0.69842902, 0.17137695, 0.07176446, 0.01695412,
        0.66017806, 0.0623078 ],
       [0.30907384, 0.18215394, 0.10634619, 0.08805384, 0.50390713,
        0.17635493, 0.02790391],
       [0.30723286, 0.10555399, 0.58974267, 0.44435139, 0.02638573,
        0.13026491, 0.27403768],
       [0.14789644, 0.01386305, 0.1325342 , 0.39583031, 0.45275302,
        0.03320209, 0.63575061]])]

Total NMI: [[0.14283326746231262, 0.14891708528556935, 0.14883510591752572, 0.15185319073302142, 0.14412142287418292, 0.14713704619653567, 0.15474747018464466, 0.15537305520692035, 0.15309461993775658, 0.15374182109696832, 0.15306545456148893, 0.15603186589848586, 0.1558737501986381, 0.16121452515366108, 0.1565754691530254, 0.15987478159149152, 0.15869587694687454, 0.1600784950059805, 0.16116690662971053, 0.16088181092079457, 0.15935066332691564, 0.15839359268096737, 0.16460950561914264, 0.1651015338574962, 0.16063003486812827, 0.16542914439014877, 0.1664559791760173, 0.1671382629130993, 0.16511663213036926, 0.16508260781817405, 0.16633041418529748, 0.16583692086231505, 0.17002790075520885, 0.171924551477044, 0.1715572218922735, 0.16979939868012311, 0.1724018568823953, 0.17424624400902644, 0.16957906407800788, 0.16763805037492532, 0.17171347598984907, 0.17255123064587105, 0.17056101844370322, 0.1711601292285702, 0.17359770750311806, 0.17081001110698182, 0.16999719286031403, 0.17107689924943908, 0.1710949246120241, 0.1726452383413688, 0.1736150954438571, 0.1718129113826439, 0.1737694229328726, 0.1771925693431031, 0.1775565761877167, 0.17833572710111983, 0.17387332496437688, 0.1742730803517651, 0.17115678478144425, 0.17441125834102367, 0.17803993639888233, 0.17383668859112214, 0.1736430225896158, 0.17486173582363476, 0.17347415623950901, 0.17476570166040697, 0.17581687894095452, 0.17543706769338058, 0.1773144542532533, 0.17685011795949582, 0.17756394611332568, 0.17585909711616782, 0.1790259719245162, 0.17781714040063895, 0.1776411551973629, 0.17701050482487377, 0.18080994831761668, 0.18016386190310404, 0.17670301357803173, 0.1814122105426616, 0.17738434991535434, 0.1790950319888316, 0.18092009435247616, 0.18099965610942548, 0.1786154941640828, 0.17808524374404744, 0.17869379372606747, 0.17978374940234665, 0.1827923240694043, 0.18329684084404888, 0.1783130254579992, 0.176518239391665, 0.18122131205976377, 0.18415768649403394, 0.18513936808037282, 0.18344457768429806, 0.18328935800432583, 0.18366157032833522, 0.18547092123264997, 0.1844356730141591], [0.06908184853115715, 0.07018764375540147, 0.06827447852298447, 0.07012376627239064, 0.0696497145211475, 0.06748962164908114, 0.06945375759820831, 0.07112513865802217, 0.0706771814099113, 0.07129640334461101, 0.07086909386075999, 0.0722900225791076, 0.07300001415103421, 0.07459019850170887, 0.0732518584754869, 0.07367299652588716, 0.07638668984097456, 0.07416495542590011, 0.0754194107699333, 0.07286651150420717, 0.07754097490884303, 0.0732070426979424, 0.07652449187857473, 0.07658874188157785, 0.07798821763765344, 0.0769352333071498, 0.0790659342198438, 0.08011500314532821, 0.0791549658395591, 0.07924727265520408, 0.07900062067674421, 0.08140922873029355, 0.08117728023348965, 0.07932441493105467, 0.08001477423873886, 0.08293186233973268, 0.08081743966906815, 0.08007583584370699, 0.08038970451893546, 0.08447230207903839, 0.08427680257433692, 0.07992599519963284, 0.08134150718849956, 0.08065282162467446, 0.08169242055821088, 0.08110922021683131, 0.08144753855710575, 0.08224222462521771, 0.0831449375580622, 0.08423386285692164, 0.08523297904663456, 0.08446272035940625, 0.08489753791909181, 0.08145093434558555, 0.08414033790014609, 0.08465625865761574, 0.08822639525266283, 0.08620673056389237, 0.08455082775566973, 0.08365315256875318, 0.08670387729971064, 0.08467083481376851, 0.08568761755461503, 0.08490576076972639, 0.08481258497010971, 0.08724845161387934, 0.0877437062457728, 0.08707187963024864, 0.08625835245581395, 0.08718534751317883, 0.08795862683095682, 0.08608723598236791, 0.08707933747530171, 0.0879174996967434, 0.08790461906842045, 0.08865464356351654, 0.08797425849831884, 0.08837098026193704, 0.08692508022340646, 0.09022797044657885, 0.0844519493127733, 0.08773483470169127, 0.08977130913975892, 0.0889745176853128, 0.09155124453827466, 0.09118559831357859, 0.09208200709273899, 0.09104350853160295, 0.08767545703453726, 0.0872900811842696, 0.09023425347714667, 0.08875998181656812, 0.09116807370058709, 0.0912483187169064, 0.08898140498212827, 0.08938192035889968, 0.09160769060522388, 0.09213504018117132, 0.08988834374849437, 0.0885423483874149], [0.13957543651746332, 0.1485668181093538, 0.15627123182090472, 0.1620972963198423, 0.1630716841646955, 0.16590240669060227, 0.17018442346707716, 0.1698572808996444, 0.17146815475816934, 0.17346019628948112, 0.17275616813905026, 0.1789735990938434, 0.17705818828222603, 0.17676538255069407, 0.17953463300647116, 0.18294463157542443, 0.18558670150295195, 0.18527203884472496, 0.18374646780574125, 0.18529328932849956, 0.18741966309103297, 0.18641765781400893, 0.18550459466618777, 0.18792831757480188, 0.18936386948990197, 0.18833854834917896, 0.1895949004856599, 0.19268843235488664, 0.19137611690499734, 0.1920357212182879, 0.19634514625835894, 0.196750934947268, 0.1957163026238503, 0.1941564256816476, 0.19646111385799997, 0.19485686548188336, 0.19573063437758986, 0.19445439589270502, 0.19813217584513962, 0.1978594522068056, 0.1969888869164603, 0.19461430301271915, 0.1967391255562683, 0.20092700092289775, 0.19922068972980614, 0.19679063726295004, 0.19684555088470868, 0.19666105457455027, 0.1989515497702281, 0.20108828788030222, 0.20351261882943855, 0.19792336520459528, 0.2001052746989254, 0.2003331821218609, 0.1997680646886575, 0.19982159527310167, 0.20574621385424002, 0.2063643051443867, 0.2018861142677239, 0.2056817378878125, 0.20681068504579475, 0.20388974826925418, 0.20486851441567921, 0.20244601009349236, 0.2055931360082279, 0.2046801331716316, 0.2039550903475738, 0.2058414141706868, 0.20302354281942273, 0.20650900538814657, 0.20431293210889773, 0.19840524855126493, 0.20643710555196587, 0.20675147268142235, 0.20625990593797125, 0.20954209066456833, 0.20450328466112705, 0.20497144086972008, 0.20927330164194868, 0.20375936177492665, 0.20496226456623134, 0.20424064913522252, 0.2073391563032195, 0.20840563588746147, 0.20360688816674205, 0.2053117079067473, 0.2029063698295714, 0.20358190782637384, 0.20575968407470568, 0.208432857354798, 0.21288305640277388, 0.2095706869280669, 0.2095929360955978, 0.20927179618845793, 0.20789048067845095, 0.20899004165605714, 0.20765288139198188, 0.2085000191084476, 0.20979229896178764, 0.2131856243189855], [0.10571926102150778, 0.10338027436621526, 0.1060627863886745, 0.10890460163906698, 0.10703671784634189, 0.11054602218836844, 0.11029017885748851, 0.1138967677177033, 0.11149956010462653, 0.11260444762235587, 0.11070609332769085, 0.11387067801785676, 0.11555445744757886, 0.1132531804350101, 0.1133679943212678, 0.11534672800162209, 0.11371845932899688, 0.11556362911790746, 0.11570041896516353, 0.11795693100906149, 0.11917235977622422, 0.11673715331150514, 0.11553648429054134, 0.12059995599309534, 0.12056184033151478, 0.12200541397516175, 0.12271223504743761, 0.12052962450980959, 0.11874863521915185, 0.12068763824013697, 0.12162440526111826, 0.12188515889091535, 0.12361064055900982, 0.12239173909153078, 0.12376972137996946, 0.1264183383132704, 0.1228058420393526, 0.1227232607435297, 0.12487568893989336, 0.12563134123243186, 0.12481324785032365, 0.12721322277316038, 0.12602372121519897, 0.12524462603815537, 0.12759430494087304, 0.12543308030151998, 0.12571958173780476, 0.1251345448854979, 0.12798096028935543, 0.12395368617335221, 0.12854304118506898, 0.12503354331567643, 0.12776133119749314, 0.12586927321439553, 0.12752817891269927, 0.12749081227957285, 0.12979513407021848, 0.12999775585461978, 0.1293150677481151, 0.12827461797037748, 0.13117878409928962, 0.12920437236435614, 0.12992749993304448, 0.13187970999516935, 0.1293280296103475, 0.13136605892870168, 0.1357644647198485, 0.13417509743804473, 0.12911258254943286, 0.13078528694890082, 0.1322894577106907, 0.13154739561810763, 0.13111554534161127, 0.13043948473467087, 0.13219411268014883, 0.1338391209699358, 0.13258038407249914, 0.13319553517450175, 0.13442744185002214, 0.13268424952031238, 0.13538158675130665, 0.1384539841737317, 0.1359613518733704, 0.13598433888554906, 0.13480242475858006, 0.13322822453175912, 0.1346283325350684, 0.13986570703848086, 0.13647029282581538, 0.1377726954274243, 0.13599360571468744, 0.13633704332528968, 0.13541631171314544, 0.13509570492983314, 0.13642621795882612, 0.13650940482418772, 0.13444992956759388, 0.13747811048659195, 0.137129005945541, 0.1386286193127837], [0.17603732039949802, 0.18950753731963596, 0.19810705183115843, 0.19922918883881516, 0.20260585316146965, 0.2086095301595377, 0.21068889659693865, 0.21505494396372615, 0.21642926567886353, 0.21963283333645528, 0.2231019708355588, 0.22046287361490316, 0.22406054168338443, 0.22743679892315607, 0.2252221513221269, 0.22971530683184457, 0.2306723301745924, 0.2334014822820534, 0.2394106757440828, 0.23827703598521457, 0.24192948371307438, 0.23934913789079898, 0.24078554070472824, 0.23656892390236556, 0.23597577099809747, 0.24383929316591776, 0.2402183605375891, 0.24118560578757758, 0.24830775319227086, 0.2455501190164935, 0.24669058442702874, 0.248963321460237, 0.2503935559733692, 0.24422403074905483, 0.24706338937651087, 0.24869298284758767, 0.24983124257954162, 0.25300245147512135, 0.25392661960243157, 0.2500616545177637, 0.2522087995316745, 0.25655908585146037, 0.2539953562849924, 0.2584966802392633, 0.25653026544137814, 0.2525758348242102, 0.2555958740418197, 0.2566802353691594, 0.2551053761897851, 0.2585490377827593, 0.26216293984952926, 0.2579686389795013, 0.2563908422751145, 0.25963801487507604, 0.26149440093920445, 0.2576946026114849, 0.25726271455151967, 0.25780810590348807, 0.26135803898625426, 0.25914465385195484, 0.25997042878171317, 0.26785078805421664, 0.2615685347317744, 0.25896394091757, 0.2593554019429711, 0.2591906209600439, 0.26501823491937804, 0.2631696013632185, 0.2633593122326846, 0.26087675518616227, 0.2606680411608991, 0.26632388402731855, 0.2706360009557896, 0.2657712693315652, 0.2697400343482592, 0.2655713493171097, 0.2654575631543521, 0.26502092626431356, 0.26856880085946355, 0.26223102582125674, 0.26740921596037626, 0.2672384172407698, 0.2693040456604508, 0.26605767854646006, 0.2657168578612391, 0.2684821154764795, 0.2711529353945184, 0.2676472906464346, 0.267176551435497, 0.2654705841623665, 0.267341797564311, 0.2671411238793733, 0.26981903908286936, 0.2672179248063158, 0.26873008434220785, 0.2696109378117569, 0.27200774434415503, 0.2727941461773891, 0.273018379358141, 0.27438707934620554], [0.12708348804527475, 0.12555543495191804, 0.1201790136134299, 0.12235715521036941, 0.11952927040495565, 0.1208172277163029, 0.1197195006371077, 0.11994074236355431, 0.12249592101683927, 0.11946114352733708, 0.1226746916148418, 0.12036476363546858, 0.12161837549826693, 0.1254795653394167, 0.12313758245423401, 0.12147656709082208, 0.12339270854964603, 0.1222688988080488, 0.12330802429049169, 0.12538210150549778, 0.12176761054789216, 0.12271859128616643, 0.1226973411739209, 0.12264324319554824, 0.12273089577264991, 0.12398704550730369, 0.12538466905267093, 0.1264011225057272, 0.12462260174859859, 0.12634978536039898, 0.12416970206285395, 0.12445694705525676, 0.12799093976563758, 0.12617697573891723, 0.12683033000315702, 0.12728846067087443, 0.12611427972322753, 0.12881498574837782, 0.12843852386891033, 0.1271654165827156, 0.12964664476401896, 0.12870411636345733, 0.1293157463337814, 0.12843998979336038, 0.12877160875149082, 0.12541124307186885, 0.12835504331068015, 0.1264486279713437, 0.13036763409776408, 0.12930064547781656, 0.12908858347228352, 0.12734655421124796, 0.12722441408477278, 0.1282217560912301, 0.12826530810801062, 0.13017033011393742, 0.13145462456450915, 0.12645514717162512, 0.12908090333735708, 0.13064425123667417, 0.12955552609062404, 0.13138247138555942, 0.13092780883787736, 0.1309156542704422, 0.12832075435762555, 0.12655617547715564, 0.129586899746863, 0.12873317699753387, 0.13136301402293254, 0.12977757767116427, 0.13121915594647618, 0.13283794106401028, 0.12872657480686026, 0.12971274951533662, 0.13307021073479763, 0.13103711038387636, 0.1318502497283896, 0.1332064369775828, 0.13286249875091258, 0.13320859944090072, 0.1296249878042874, 0.13017174998567455, 0.1309416785254165, 0.1306198872524085, 0.1318115870486886, 0.13214368368752877, 0.13388590519791432, 0.1294818701086551, 0.13065098505301384, 0.13143970551605574, 0.1324804384455801, 0.1329586250593977, 0.13286469087586986, 0.13278042794688624, 0.13371573064958842, 0.13461889890376863, 0.13233312678886852, 0.13007173885137746, 0.13401652594304797, 0.13196564633022628], [0.185635871161388, 0.18920088892056328, 0.18912300234146992, 0.18925393790425757, 0.18976848962281082, 0.1888258468514051, 0.19005175024727125, 0.18640481680284002, 0.18714696132185626, 0.1927829839762749, 0.18822370868483368, 0.19218011687793715, 0.19576676985503988, 0.1957314324034057, 0.19401018879510817, 0.19503460657389654, 0.19389609559327184, 0.19700724208568426, 0.19774840016195416, 0.20103667818567017, 0.19907964200074074, 0.2013768829797879, 0.20132462551128014, 0.19842199781407427, 0.19990938217214746, 0.19933483538082664, 0.1978109439669778, 0.20318684123268882, 0.20238536811264088, 0.1997613287601719, 0.20066891338843387, 0.1997307780528594, 0.20312628426334964, 0.1987012655489355, 0.20416464415318616, 0.20450923899149911, 0.20193451203629798, 0.19838101266190097, 0.20321477436527707, 0.20451286926010703, 0.2044456134136744, 0.20185872539410551, 0.20563632936275414, 0.2065661641338647, 0.20766888298502795, 0.20494304703882726, 0.20516984876062042, 0.20302779555915287, 0.20358528111437962, 0.20411053483413116, 0.2055858895568637, 0.2050264686349212, 0.20927839874841714, 0.2071126550877329, 0.209329321325593, 0.20882618027272812, 0.209213396923306, 0.21007076987253523, 0.20869056374828324, 0.20713048665624717, 0.20879613760660537, 0.21094016232763202, 0.20801834743590328, 0.20996414706297634, 0.20634800511118018, 0.20719285891898176, 0.20891287555161814, 0.20702109478200417, 0.21278064481381928, 0.21304157835631282, 0.21154101633004538, 0.21234921925160294, 0.2120230102521431, 0.21223574195334013, 0.20907894573441496, 0.20771469645902765, 0.21176002753551484, 0.20935042677785382, 0.2088708701884519, 0.2134073241303397, 0.21354668388869258, 0.2126027773828104, 0.21165764702657666, 0.21488253477553917, 0.21325824390891607, 0.21161966673271748, 0.21094683166262085, 0.21457943307306876, 0.21353568266520964, 0.2110012315551354, 0.20997480450261777, 0.21465237657766392, 0.20913100081534708, 0.20924359811784415, 0.2120496038318277, 0.2121536284973468, 0.21752844975637645, 0.21603585319097354, 0.2134997788741904, 0.21500918596663154], [0.08843679321759168, 0.09365713690973775, 0.09741631101650525, 0.10210433346745627, 0.10663386501646008, 0.10999265809860596, 0.11030219700673737, 0.11252680315189466, 0.11816551396421172, 0.12035397424066809, 0.12195354687335462, 0.124609633680342, 0.12911292617736816, 0.13187695119642734, 0.1294593592450563, 0.1314463393202871, 0.13285311765167007, 0.1324117685412841, 0.13290436355251356, 0.13781841414511, 0.13587887600877188, 0.13951640534493917, 0.14082034546647895, 0.1401687514659164, 0.13852082998414583, 0.1427058178551257, 0.14693885912987265, 0.14428999170189968, 0.14614746932466838, 0.1472384570319533, 0.1441800558046302, 0.1496544996339421, 0.14838963552221582, 0.14822439763842118, 0.15139572349205743, 0.14860311547660582, 0.15147797260802412, 0.1532462077539807, 0.1549917411660115, 0.15346797936971182, 0.15633138719272083, 0.15824303037620543, 0.15621359085793624, 0.1573960601835589, 0.1580465007657071, 0.15899871571472826, 0.1571027257418863, 0.15990449062871911, 0.1617090499929646, 0.15986253996767286, 0.16181697941792025, 0.15967005052927505, 0.15839839302782635, 0.16073662567293667, 0.164724108422119, 0.16404387941141516, 0.1644682724813521, 0.16234907237511226, 0.16069760757662968, 0.1650965260792801, 0.1615185886390447, 0.16420691817743419, 0.16338423090576196, 0.16714221897379755, 0.16388547815379415, 0.16151958104690953, 0.16673038809972665, 0.16860961309896474, 0.16647024832896037, 0.16619989137932092, 0.16961188932085264, 0.16839718869813405, 0.17096645034858834, 0.17061228425801364, 0.16949847783096025, 0.1694582990869933, 0.17243050593737172, 0.16906395562584972, 0.1699490349823218, 0.1739620569415471, 0.17547642082936477, 0.17322373900107296, 0.17528076980443422, 0.17635453922191477, 0.1725003618900108, 0.16972171756804358, 0.1733096334049689, 0.17325549290503142, 0.17531685505407116, 0.1752406701759409, 0.17380397165135628, 0.1762355812589534, 0.17652754852757177, 0.1788128773900285, 0.1765036635362531, 0.17677428072754228, 0.17482176581129769, 0.17531798753949135, 0.17506578045401067, 0.1761168254780399], [0.14703834578071487, 0.15430516132988886, 0.15385874242827222, 0.1555001248641755, 0.15537352841659638, 0.15627191643868807, 0.156591500276011, 0.15582389134862037, 0.1585374762933625, 0.16251552188874238, 0.16179053044241984, 0.15945968080253137, 0.15788839029326193, 0.15874717462328844, 0.15920500775656773, 0.15826543474856392, 0.1620339270220553, 0.16139785359183492, 0.15976932120666942, 0.16242107130974917, 0.1608581048790262, 0.16018493160622863, 0.16182515605177875, 0.15993818755250436, 0.16140228381653934, 0.15805281061611634, 0.15817938100968654, 0.15949446824983854, 0.16100299056139233, 0.16226653007315134, 0.16252801042853487, 0.16214167319691042, 0.16318433478403246, 0.16295489580305048, 0.16172687588894605, 0.16160520363256578, 0.15995229069106545, 0.16153925090497995, 0.16197570818847554, 0.1641119275298411, 0.16533429179043674, 0.16535337939878264, 0.16548979434176164, 0.16309001006622045, 0.16052597752071715, 0.16214633044199267, 0.1619890451646601, 0.1639013532658476, 0.16213473701528525, 0.1644247824046578, 0.16561406845308427, 0.16630829945741563, 0.1644251407980371, 0.16568983683838845, 0.16214140930696186, 0.16216838987672805, 0.1625879833004805, 0.16341267418753244, 0.1629042661773153, 0.16267338822390937, 0.16471417589854856, 0.16359476075877527, 0.1640966296388981, 0.1641697110508933, 0.16251359407409322, 0.16303007841784725, 0.1602873132440234, 0.1601213911349582, 0.1658156437024603, 0.16880830060316399, 0.16542240969754973, 0.16380166228758705, 0.16470048167542406, 0.16120665600306375, 0.16389385291875677, 0.16338773069771653, 0.1637752686319663, 0.16552436062559175, 0.16392516769446222, 0.16318530176023968, 0.1648098725072517, 0.16296402576968744, 0.16349663078657042, 0.16421773208658266, 0.16601948550593626, 0.16596749489852636, 0.16618231215942988, 0.16713372717897199, 0.16538960665792993, 0.16434599078361684, 0.16122311580916754, 0.16577268896500327, 0.1632986579745319, 0.1619146138501986, 0.16306006802632222, 0.16472759885546545, 0.16542641518820514, 0.16637539424089653, 0.16469361886912254, 0.1629095964269971], [0.20219191291491923, 0.20039342547018724, 0.1982386012600212, 0.1942319080983026, 0.1957766100716478, 0.19600783034329494, 0.18808956823233947, 0.1931560433388657, 0.19499513722899728, 0.19438695650741847, 0.1938400154501276, 0.19302093229486036, 0.18995476395311958, 0.19380091499333923, 0.19411986220375047, 0.19610847535833054, 0.1957073584454104, 0.1938935703700606, 0.1948702322709462, 0.19439507856211247, 0.19569239585729523, 0.1959760081254901, 0.19683414089123683, 0.19396569839662628, 0.19545658981911584, 0.1993342947709741, 0.2020665219119147, 0.19741200092845912, 0.19697611460440026, 0.19666469567989148, 0.19647258131136114, 0.19578968179911316, 0.19881460212271063, 0.19539776955604446, 0.1957357510476357, 0.20219684653994544, 0.19923103444670728, 0.19949844425281107, 0.19717724917741164, 0.1996864205416164, 0.19899679807198115, 0.2020091008294021, 0.2007992074112173, 0.2006317935559148, 0.20091208705698735, 0.20121476374310032, 0.20202480179903057, 0.20303998040328183, 0.2012078137544452, 0.20276146100690526, 0.20167918567268397, 0.20055257898164627, 0.19873331156043167, 0.20135444482814838, 0.20099544978436504, 0.20118974605641715, 0.20163155654899864, 0.20284543516836367, 0.2043837409596258, 0.2038466075047127, 0.2061125092110064, 0.204588357732261, 0.20249618418990242, 0.20201997010039843, 0.2056517943707007, 0.20396543958842858, 0.20744067997378932, 0.2035869539701045, 0.20499531634402618, 0.20454648081149918, 0.2074984270549097, 0.20537044146966238, 0.20506034950563792, 0.20478298232061212, 0.20741436143146455, 0.20387499247395283, 0.20592092842962198, 0.20661623755341435, 0.2040231468651734, 0.20714995347532367, 0.2057468856646211, 0.206095567255539, 0.20926707798272334, 0.20792067084647825, 0.205827073446762, 0.2061395953656229, 0.20902963801408955, 0.2094995258545692, 0.20600795312900072, 0.20645995901926908, 0.20795039935097334, 0.204613577163334, 0.20626158249558438, 0.20512006894925425, 0.21065292781603667, 0.20799759098826312, 0.21043987503522718, 0.2086220842091732, 0.210255682421326, 0.20909174628507576]]
Total Percentage: [[43.675999999999995, 44.252, 44.294, 44.604, 43.830000000000005, 44.012, 44.854, 45.128, 44.97, 44.884, 44.902, 45.146, 45.006, 45.686, 45.066, 45.444, 45.328, 45.466, 45.466, 45.434000000000005, 45.466, 45.208, 45.967999999999996, 46.032000000000004, 45.440000000000005, 45.986, 46.001999999999995, 46.074, 46.032000000000004, 45.64, 45.884, 45.948, 46.233999999999995, 46.489999999999995, 46.512, 46.142, 46.492, 46.762, 46.342, 46.066, 46.414, 46.454, 46.228, 46.27, 46.650000000000006, 46.308, 46.236, 46.501999999999995, 46.452, 46.478, 46.406, 46.339999999999996, 46.436, 46.932, 46.906, 47.124, 46.506, 46.436, 46.217999999999996, 46.608, 46.972, 46.398, 46.578, 46.544000000000004, 46.428000000000004, 46.482, 46.756, 46.642, 46.986, 46.583999999999996, 46.884, 46.726, 46.836, 46.800000000000004, 46.886, 46.674, 46.976, 47.042, 46.648, 47.233999999999995, 46.896, 46.852, 47.002, 47.166000000000004, 46.914, 46.756, 46.762, 46.92, 47.333999999999996, 47.154, 46.800000000000004, 46.458, 47.262, 47.488, 47.526, 47.232, 47.416000000000004, 47.61, 47.544, 47.448], [34.134, 34.705999999999996, 34.146, 34.474, 34.36, 34.152, 34.238, 34.65, 34.312, 34.572, 34.436, 34.62, 34.602, 35.036, 34.699999999999996, 34.866, 35.382000000000005, 34.888000000000005, 35.228, 34.786, 35.214, 34.526, 34.878, 35.038000000000004, 35.368, 35.214, 35.442, 35.486000000000004, 35.28, 35.620000000000005, 35.288000000000004, 35.642, 35.548, 35.392, 35.538, 35.705999999999996, 35.532000000000004, 35.43, 35.348, 35.866, 35.92, 35.182, 35.498000000000005, 35.272, 35.32, 35.571999999999996, 35.49, 35.562, 35.64, 35.866, 35.824, 35.864000000000004, 35.821999999999996, 35.467999999999996, 35.928, 35.796, 36.29, 36.112, 35.808, 35.642, 36.002, 35.894, 36.01, 35.824, 35.716, 36.252, 36.308, 35.948, 35.992000000000004, 36.058, 36.34, 35.931999999999995, 36.128, 36.056, 36.272, 36.168, 36.178, 36.036, 35.815999999999995, 36.352000000000004, 35.52, 36.038, 36.244, 36.166, 36.376, 36.344, 36.662, 36.525999999999996, 36.074, 36.048, 36.372, 36.266, 36.63, 36.412, 36.112, 36.166, 36.61, 36.525999999999996, 36.136, 36.3], [41.758, 42.616, 43.316, 44.058, 44.1, 44.436, 44.56, 44.566, 44.882, 44.834, 44.774, 45.442, 45.138, 44.992, 45.486, 45.660000000000004, 45.910000000000004, 46.129999999999995, 45.806000000000004, 46.058, 46.292, 46.007999999999996, 45.978, 46.192, 46.31, 46.142, 46.408, 46.742, 46.356, 46.506, 46.867999999999995, 46.822, 47.012, 46.756, 46.912, 46.717999999999996, 47.016000000000005, 46.82, 47.089999999999996, 47.105999999999995, 46.672000000000004, 46.614, 47.014, 47.274, 47.354, 46.827999999999996, 47.122, 47.162, 47.116, 47.216, 47.558, 47.122, 47.346, 47.342, 47.074, 47.208, 47.693999999999996, 47.862, 47.333999999999996, 47.638000000000005, 47.92, 47.562, 47.89, 47.68, 47.804, 47.69, 47.61, 47.86, 47.604, 48.008, 47.68, 47.122, 47.961999999999996, 47.964, 47.79, 48.288, 47.72, 47.426, 48.104, 47.626000000000005, 47.746, 47.568, 47.910000000000004, 47.961999999999996, 47.38, 47.839999999999996, 47.536, 47.646, 47.688, 48.034, 48.326, 48.306, 48.083999999999996, 48.106, 47.998000000000005, 48.089999999999996, 47.856, 48.018, 48.22, 48.434], [38.584, 38.164, 38.379999999999995, 38.994, 38.536, 38.846000000000004, 38.822, 39.244, 39.016, 39.166000000000004, 38.897999999999996, 39.164, 39.432, 39.106, 39.178000000000004, 39.44, 39.166000000000004, 39.254, 39.278, 39.564, 39.608, 39.550000000000004, 39.5, 39.964, 39.76, 40.08, 39.928000000000004, 39.882, 39.739999999999995, 39.736, 40.1, 40.03, 40.328, 40.126, 40.244, 40.472, 40.024, 40.02, 40.278000000000006, 40.352, 40.22, 40.476, 40.47, 40.344, 40.432, 40.660000000000004, 40.455999999999996, 40.367999999999995, 40.632000000000005, 40.122, 40.848, 40.546, 40.678, 40.338, 40.5, 40.696, 41.099999999999994, 41.010000000000005, 40.592, 40.768, 40.964, 40.546, 40.902, 41.128, 40.838, 40.812, 41.332, 41.333999999999996, 40.83, 40.896, 41.208, 40.882000000000005, 40.874, 40.726, 41.088, 41.056, 41.056, 41.324, 41.42, 41.02, 41.314, 41.589999999999996, 41.374, 41.32, 41.327999999999996, 41.118, 41.538000000000004, 42.071999999999996, 41.418, 41.486000000000004, 41.449999999999996, 41.438, 41.392, 41.276, 41.478, 41.508, 41.234, 41.586, 41.410000000000004, 41.63], [49.362, 50.717999999999996, 51.519999999999996, 51.648, 51.82600000000001, 52.466, 52.656000000000006, 53.117999999999995, 53.126, 53.512, 53.800000000000004, 53.622, 53.910000000000004, 54.352000000000004, 54.102, 54.332, 54.656000000000006, 54.767999999999994, 55.418, 55.12200000000001, 55.501999999999995, 55.454, 55.48800000000001, 55.188, 55.181999999999995, 55.84, 55.492, 55.586, 56.25599999999999, 55.87800000000001, 55.900000000000006, 56.316, 56.302, 55.83, 56.008, 56.32, 56.298, 56.46, 56.562, 56.442, 56.564, 56.914, 56.61000000000001, 57.28, 57.016, 56.596000000000004, 56.774, 57.062000000000005, 56.97, 57.118, 57.458, 57.120000000000005, 56.977999999999994, 57.252, 57.403999999999996, 57.034, 57.001999999999995, 57.065999999999995, 57.477999999999994, 57.333999999999996, 57.245999999999995, 57.965999999999994, 57.476000000000006, 57.24399999999999, 57.282, 57.489999999999995, 57.69, 57.666, 57.546, 57.396, 57.336, 57.828, 58.172000000000004, 57.804, 58.06, 57.80800000000001, 57.736, 57.778, 58.062000000000005, 57.668, 58.044, 58.01, 58.098000000000006, 57.891999999999996, 57.852000000000004, 58.034, 58.346, 57.982, 58.06, 57.76, 57.940000000000005, 57.994, 58.24399999999999, 58.02, 58.07, 58.206, 58.546, 58.574000000000005, 58.474000000000004, 58.540000000000006], [41.624, 41.506, 40.964, 41.288000000000004, 40.708, 40.768, 40.708, 40.688, 40.954, 40.796, 40.983999999999995, 40.699999999999996, 41.034, 41.332, 40.932, 40.992, 41.252, 40.946, 41.227999999999994, 41.44, 41.038000000000004, 41.326, 41.19, 41.044000000000004, 41.098, 41.27, 41.318, 41.332, 41.244, 41.532000000000004, 41.244, 41.342, 41.64, 41.438, 41.558, 41.571999999999996, 41.577999999999996, 41.842, 41.702, 41.664, 42.038, 41.776, 41.85, 41.878, 41.878, 41.376000000000005, 41.656, 41.582, 41.906, 41.85, 41.9, 41.722, 41.494, 41.664, 41.736000000000004, 42.016, 42.199999999999996, 41.556, 41.964, 41.954, 41.906, 42.042, 41.982, 41.976, 41.906, 41.492000000000004, 41.882000000000005, 41.565999999999995, 41.954, 42.042, 42.01, 42.262, 41.730000000000004, 41.924, 42.284, 41.93, 42.22, 42.462, 42.312, 42.246, 41.924, 41.833999999999996, 41.872, 41.9, 42.077999999999996, 42.059999999999995, 42.276, 41.82, 41.914, 42.046, 42.202, 42.166, 42.218, 42.120000000000005, 42.512, 42.559999999999995, 42.158, 41.937999999999995, 42.288, 42.138], [46.678, 46.658, 46.636, 46.654, 46.528000000000006, 46.438, 46.478, 45.938, 46.394000000000005, 47.092, 46.396, 46.908, 47.064, 46.872, 46.964, 46.996, 47.202, 47.38, 47.227999999999994, 47.616, 47.484, 47.518, 47.574, 47.416000000000004, 47.552, 47.556, 47.276, 47.839999999999996, 47.836, 47.458, 47.636, 47.678, 47.786, 47.571999999999996, 48.032000000000004, 48.092, 47.568, 47.484, 47.73, 47.88, 48.128, 47.760000000000005, 47.96, 47.965999999999994, 48.25, 47.922, 47.916, 47.864000000000004, 47.658, 47.967999999999996, 48.089999999999996, 48.065999999999995, 48.542, 48.199999999999996, 48.376000000000005, 48.348, 48.516, 48.6, 48.496, 48.15, 48.336, 48.542, 48.054, 48.534, 48.242000000000004, 48.4, 48.49, 48.376000000000005, 48.668, 48.86, 48.774, 48.868, 48.788, 48.74, 48.458, 48.524, 48.66, 48.47, 48.474000000000004, 48.984, 48.952, 48.925999999999995, 48.622, 48.868, 48.916, 48.482, 48.716, 48.756, 48.782, 48.602000000000004, 48.620000000000005, 49.297999999999995, 48.52, 48.46, 48.886, 48.878, 49.312, 49.126, 48.848, 49.120000000000005], [37.258, 37.728, 38.242, 38.814, 39.373999999999995, 39.666000000000004, 39.802, 40.036, 40.73, 40.92, 41.158, 41.422, 41.928, 41.978, 42.018, 42.19, 42.230000000000004, 42.216, 42.146, 42.862, 42.53, 43.012, 43.296, 43.012, 42.758, 43.376, 43.730000000000004, 43.41, 43.734, 43.868, 43.418, 43.906, 43.916, 43.647999999999996, 44.052, 43.788, 44.066, 44.078, 44.39, 44.284, 44.784, 44.744, 44.584, 44.39, 44.638, 44.742, 44.46, 44.908, 45.048, 45.204, 45.234, 44.762, 44.763999999999996, 44.896, 45.424, 45.324, 45.391999999999996, 45.174, 44.804, 45.135999999999996, 44.998, 45.218, 45.288000000000004, 45.726, 45.162, 44.948, 45.513999999999996, 45.61, 45.35, 45.376, 45.804, 45.513999999999996, 45.85, 45.864, 45.744, 45.7, 46.076, 45.598, 45.822, 46.032000000000004, 46.404, 45.98, 46.14, 46.39, 45.918, 45.582, 46.016, 46.150000000000006, 46.344, 46.184, 46.126, 46.416000000000004, 46.410000000000004, 46.566, 46.23, 46.43, 46.216, 46.052, 46.056000000000004, 46.254], [43.364000000000004, 44.019999999999996, 43.244, 43.562, 43.232, 43.46, 43.236000000000004, 42.93, 43.53, 43.8, 43.653999999999996, 43.292, 43.078, 43.158, 43.338, 43.234, 43.332, 43.34, 43.388, 43.397999999999996, 43.132, 43.172, 43.406, 43.366, 43.230000000000004, 42.693999999999996, 42.986000000000004, 42.918, 43.246, 43.153999999999996, 43.37, 42.952, 43.406, 43.194, 43.056, 43.03, 42.924, 42.912, 43.184, 43.44, 43.318, 43.428, 43.431999999999995, 43.11, 42.912, 42.896, 42.958, 43.16, 42.970000000000006, 43.4, 43.428, 43.726, 43.178, 43.19, 42.826, 43.053999999999995, 42.970000000000006, 42.978, 42.978, 42.892, 43.436, 43.342000000000006, 43.208, 43.078, 43.120000000000005, 43.142, 42.925999999999995, 42.821999999999996, 43.544, 43.734, 43.324, 42.954, 43.016, 42.786, 43.33, 43.226, 43.178, 43.214000000000006, 43.275999999999996, 43.132, 43.116, 42.982, 43.216, 43.004, 43.282, 43.078, 43.168, 43.488, 43.51, 43.064, 42.972, 43.326, 43.116, 43.032, 42.972, 43.174, 43.286, 43.352000000000004, 42.986000000000004, 42.702], [50.046, 49.836000000000006, 49.7, 49.192, 49.17, 49.302, 48.636, 49.254, 49.596000000000004, 49.408, 49.2, 49.042, 48.834, 49.14, 49.208, 49.516, 49.508, 49.124, 49.394, 49.34, 49.608000000000004, 49.547999999999995, 49.454, 49.275999999999996, 49.692, 49.964, 50.129999999999995, 49.62, 49.519999999999996, 49.6, 49.508, 49.634, 49.816, 49.754, 49.656, 50.102000000000004, 49.734, 49.874, 49.76, 50.12, 49.972, 50.124, 50.012, 49.93, 50.072, 50.074, 50.217999999999996, 50.296, 50.014, 50.214000000000006, 50.074, 50.117999999999995, 49.82, 50.134, 50.158, 50.29, 50.17, 50.358000000000004, 50.348000000000006, 50.36000000000001, 50.698, 50.348000000000006, 50.188, 50.258, 50.712, 50.348000000000006, 50.792, 50.327999999999996, 50.598, 50.624, 51.034, 50.664, 50.54, 50.394000000000005, 50.690000000000005, 50.205999999999996, 50.576, 50.70400000000001, 50.538000000000004, 50.64999999999999, 50.648, 50.55, 50.961999999999996, 50.73, 50.684, 50.682, 51.0, 50.986, 50.534, 50.656, 50.81, 50.454, 50.778, 50.566, 51.178000000000004, 50.92, 51.19200000000001, 50.892, 50.976, 51.12]]
Total Delta Gamma: [1.83569183 1.9115231  1.78173546 1.9084061  1.70878644 1.78023625
 1.71749398 1.64418403 1.65385388 1.79237836]
Total Delta R: [1.61521797 1.51646253 1.43344626 1.38730361 1.31003338 1.51413086
 1.52034177 1.40501179 1.74722298 1.68909341]
