Complexity increased keeping gamma very unbalanced, and increasing K (K=2)
==================================================

N (neurons): 3
K (states): 2
T (time steps): 50000
Seed: None
Number of repetitions: 10

Initialization of parameters for HMM:
Pi: [1 0]
Gamma: [[0.9 0.1]
 [0.1 0.9]]
R: [[0.5 0. ]
 [0.  0.5]
 [0.5 0. ]
 [0.  0.5]]

Generated data:
Generated firings (y): [0 0 2 1 3 3 1 3 2 2 2 2 2 0 0 2 0 0 0 3 1 1 3 3 3 1 1 3 3 0 2 0 2 2 2 2 2
 0 0 2 2 2 0 2 0 2 0 0 0 0 0 2 0 2 0 0 2 0 3 1 1 1 1 1 2 2 2 2 0 0 2 0 2 2
 0 2 3 3 1 1 3 3 2 0 2 1 0 2 0 2 2 0 0 2 2 0 2 0 0 2]... (showing first 100 entries)
Generated states (z): [0 0 0 1 1 1 1 1 0 0 0 0 0 0 0 0 0 0 0 1 1 1 1 1 1 1 1 1 1 0 0 0 0 0 0 0 0
 0 0 0 0 0 0 0 0 0 0 0 0 0 0 0 0 0 0 0 0 0 1 1 1 1 1 1 0 0 0 0 0 0 0 0 0 0
 0 0 1 1 1 1 1 1 0 0 0 1 0 0 0 0 0 0 0 0 0 0 0 0 0 0]... (showing first 100 entries)

Estimated parameters:
Estimated Pi: [array([0.5850252, 0.4149748]), array([0.43424965, 0.56575035]), array([0.61398676, 0.38601324]), array([0.69132686, 0.30867314]), array([0.58239487, 0.41760513]), array([0.36220105, 0.63779895]), array([0.51645192, 0.48354808]), array([0.52146454, 0.47853546]), array([0.2223407, 0.7776593]), array([0.45442596, 0.54557404])]
Estimated Gamma: [array([[0.73674314, 0.26325686],
       [0.51378825, 0.48621175]]), array([[0.1401471, 0.8598529],
       [0.2370311, 0.7629689]]), array([[0.60161827, 0.39838173],
       [0.6380619 , 0.3619381 ]]), array([[0.5202069 , 0.4797931 ],
       [0.31983475, 0.68016525]]), array([[0.73655358, 0.26344642],
       [0.7759515 , 0.2240485 ]]), array([[0.64589113, 0.35410887],
       [0.14414658, 0.85585342]]), array([[0.83802045, 0.16197955],
       [0.98174342, 0.01825658]]), array([[0.5581577, 0.4418423],
       [0.7431941, 0.2568059]]), array([[0.23744188, 0.76255812],
       [0.53345395, 0.46654605]]), array([[0.50490813, 0.49509187],
       [0.10356545, 0.89643455]])]
Estimated R: [array([[0.97556893, 0.89748502],
       [0.00648633, 0.07011213],
       [0.01408459, 0.02591715],
       [0.00386015, 0.0064857 ]]), array([[0.8752045 , 0.9628356 ],
       [0.05429709, 0.01602175],
       [0.03560423, 0.00875051],
       [0.03489419, 0.01239213]]), array([[0.99271579, 0.96424876],
       [0.00174172, 0.03036005],
       [0.00264446, 0.00223902],
       [0.00289803, 0.00315217]]), array([[0.97727851, 0.92825736],
       [0.00380298, 0.00811374],
       [0.01045305, 0.01002169],
       [0.00846546, 0.05360721]]), array([[0.98821641, 0.89954299],
       [0.00464106, 0.01583352],
       [0.00469583, 0.01775937],
       [0.00244669, 0.06686412]]), array([[9.81753109e-01, 9.23755925e-01],
       [4.77306823e-03, 3.70766399e-02],
       [1.27467632e-02, 2.22488297e-02],
       [7.27059270e-04, 1.69186058e-02]]), array([[9.66605081e-01, 8.34011828e-01],
       [1.62782220e-04, 9.88568367e-02],
       [9.43338236e-03, 5.31634856e-02],
       [2.37987540e-02, 1.39678502e-02]]), array([[0.95465446, 0.98190893],
       [0.0053329 , 0.00233684],
       [0.01402306, 0.01410621],
       [0.02598958, 0.00164802]]), array([[0.93838055, 0.93452798],
       [0.01479441, 0.05116778],
       [0.03423903, 0.00381504],
       [0.01258602, 0.0104892 ]]), array([[0.96677962, 0.97528809],
       [0.01591125, 0.00115813],
       [0.00275396, 0.01723129],
       [0.01455518, 0.00632249]])]

Total NMI: [[1.0, 0.0, 0.0, 0.0, 0.0, 1.0, 1.0, 0.0, 0.0, 1.0, 0.0, 1.0, 1.0, 0.0, 1.0, 0.0, 1.0, 0.0, 1.0, 0.0, 0.0, 0.0, 0.0, 1.0, 1.0, 0.0, 0.0, 1.0, 1.0, 1.0, 1.0, 1.0, 1.0, 1.0, 1.0, 1.0, 1.0, 0.0, 0.0, 1.0, 1.0, 0.0, 1.0, 0.0, 1.0, 0.0, 0.0, 1.0, 1.0, 1.0], [1.0, 0.0, 0.0, 1.0, 1.0, 0.0, 1.0, 0.0, 0.0, 0.0, 1.0, 1.0, 0.0, 1.0, 0.0, 1.0, 0.0, 0.0, 0.0, 0.0, 0.0, 1.0, 1.0, 0.0, 1.0, 0.0, 0.0, 1.0, 1.0, 0.0, 1.0, 0.0, 0.0, 0.0, 1.0, 1.0, 0.0, 0.0, 0.0, 1.0, 1.0, 1.0, 0.0, 0.0, 1.0, 1.0, 1.0, 1.0, 1.0, 1.0], [0.0, 0.0, 1.0, 1.0, 1.0, 0.0, 0.0, 1.0, 0.0, 1.0, 1.0, 1.0, 0.0, 1.0, 0.0, 0.0, 0.0, 1.0, 1.0, 0.0, 0.0, 1.0, 0.0, 1.0, 1.0, 0.0, 0.0, 1.0, 0.0, 1.0, 1.0, 1.0, 0.0, 0.0, 1.0, 1.0, 1.0, 0.0, 0.0, 1.0, 0.0, 0.0, 1.0, 0.0, 1.0, 1.0, 1.0, 0.0, 0.0, 0.0], [1.0, 0.0, 1.0, 0.0, 0.0, 1.0, 0.0, 1.0, 1.0, 1.0, 0.0, 0.0, 1.0, 1.0, 1.0, 0.0, 0.0, 0.0, 0.0, 1.0, 1.0, 1.0, 0.0, 1.0, 1.0, 1.0, 1.0, 1.0, 1.0, 1.0, 1.0, 1.0, 0.0, 0.0, 1.0, 0.0, 1.0, 0.0, 0.0, 0.0, 0.0, 0.0, 0.0, 0.0, 0.0, 1.0, 0.0, 0.0, 0.0, 1.0], [1.0, 1.0, 1.0, 0.0, 0.0, 1.0, 0.0, 0.0, 0.0, 0.0, 1.0, 1.0, 1.0, 0.0, 0.0, 1.0, 0.0, 0.0, 1.0, 0.0, 1.0, 0.0, 0.0, 1.0, 1.0, 1.0, 0.0, 1.0, 0.0, 1.0, 0.0, 0.0, 1.0, 1.0, 1.0, 0.0, 0.0, 0.0, 0.0, 1.0, 0.0, 1.0, 1.0, 0.0, 0.0, 1.0, 0.0, 0.0, 1.0, 0.0], [1.0, 1.0, 1.0, 1.0, 0.0, 0.0, 1.0, 1.0, 0.0, 0.0, 1.0, 1.0, 1.0, 1.0, 0.0, 0.0, 1.0, 1.0, 1.0, 1.0, 1.0, 1.0, 0.0, 1.0, 0.0, 1.0, 0.0, 1.0, 0.0, 1.0, 1.0, 1.0, 1.0, 0.0, 0.0, 1.0, 1.0, 1.0, 0.0, 0.0, 1.0, 0.0, 0.0, 1.0, 1.0, 1.0, 1.0, 0.0, 0.0, 0.0], [1.0, 0.0, 0.0, 1.0, 0.0, 1.0, 0.0, 0.0, 1.0, 1.0, 1.0, 1.0, 0.0, 0.0, 1.0, 0.0, 0.0, 0.0, 0.0, 0.0, 0.0, 1.0, 0.0, 0.0, 0.0, 1.0, 0.0, 0.0, 0.0, 1.0, 0.0, 0.0, 1.0, 0.0, 0.0, 0.0, 1.0, 0.0, 0.0, 1.0, 1.0, 0.0, 0.0, 1.0, 1.0, 0.0, 0.0, 1.0, 1.0, 0.0], [0.0, 1.0, 1.0, 1.0, 1.0, 1.0, 1.0, 1.0, 0.0, 1.0, 0.0, 1.0, 1.0, 1.0, 0.0, 0.0, 1.0, 0.0, 0.0, 1.0, 1.0, 1.0, 1.0, 1.0, 1.0, 0.0, 0.0, 1.0, 1.0, 0.0, 0.0, 0.0, 1.0, 0.0, 1.0, 1.0, 1.0, 1.0, 1.0, 1.0, 0.0, 1.0, 0.0, 0.0, 0.0, 1.0, 0.0, 0.0, 1.0, 0.0], [0.0, 0.0, 0.0, 1.0, 0.0, 0.0, 1.0, 1.0, 0.0, 1.0, 0.0, 0.0, 0.0, 0.0, 0.0, 1.0, 0.0, 0.0, 1.0, 1.0, 0.0, 1.0, 0.0, 1.0, 1.0, 0.0, 1.0, 0.0, 1.0, 0.0, 0.0, 1.0, 0.0, 0.0, 0.0, 0.0, 1.0, 1.0, 0.0, 0.0, 1.0, 1.0, 1.0, 0.0, 1.0, 0.0, 1.0, 1.0, 1.0, 0.0], [1.0, 1.0, 1.0, 1.0, 1.0, 0.0, 0.0, 1.0, 1.0, 1.0, 1.0, 0.0, 1.0, 0.0, 1.0, 1.0, 1.0, 1.0, 1.0, 1.0, 1.0, 0.0, 0.0, 1.0, 0.0, 1.0, 0.0, 1.0, 1.0, 1.0, 1.0, 1.0, 1.0, 1.0, 1.0, 1.0, 1.0, 0.0, 0.0, 1.0, 1.0, 0.0, 0.0, 1.0, 0.0, 0.0, 1.0, 0.0, 0.0, 1.0]]
Total Percentage: [[100.0, 50.0, 50.0, 50.0, 50.0, 100.0, 0.0, 50.0, 50.0, 100.0, 50.0, 100.0, 0.0, 50.0, 100.0, 50.0, 100.0, 50.0, 100.0, 50.0, 50.0, 50.0, 50.0, 100.0, 100.0, 50.0, 50.0, 100.0, 0.0, 0.0, 100.0, 100.0, 100.0, 100.0, 100.0, 100.0, 100.0, 50.0, 50.0, 0.0, 0.0, 50.0, 100.0, 50.0, 0.0, 50.0, 50.0, 100.0, 100.0, 100.0], [100.0, 50.0, 50.0, 100.0, 100.0, 50.0, 0.0, 50.0, 50.0, 50.0, 100.0, 100.0, 50.0, 100.0, 50.0, 100.0, 50.0, 50.0, 50.0, 50.0, 50.0, 100.0, 100.0, 50.0, 100.0, 50.0, 50.0, 100.0, 100.0, 50.0, 100.0, 50.0, 50.0, 50.0, 100.0, 100.0, 50.0, 50.0, 50.0, 100.0, 100.0, 100.0, 50.0, 50.0, 0.0, 0.0, 0.0, 100.0, 0.0, 0.0], [50.0, 50.0, 100.0, 100.0, 100.0, 50.0, 50.0, 0.0, 50.0, 0.0, 100.0, 100.0, 50.0, 0.0, 50.0, 50.0, 50.0, 100.0, 0.0, 50.0, 50.0, 0.0, 50.0, 100.0, 100.0, 50.0, 50.0, 0.0, 50.0, 0.0, 100.0, 0.0, 50.0, 50.0, 100.0, 100.0, 100.0, 50.0, 50.0, 0.0, 50.0, 50.0, 100.0, 50.0, 100.0, 100.0, 0.0, 50.0, 50.0, 50.0], [100.0, 50.0, 100.0, 50.0, 50.0, 100.0, 50.0, 100.0, 100.0, 100.0, 50.0, 50.0, 100.0, 0.0, 100.0, 50.0, 50.0, 50.0, 50.0, 100.0, 100.0, 100.0, 50.0, 0.0, 0.0, 0.0, 0.0, 100.0, 100.0, 100.0, 100.0, 0.0, 50.0, 50.0, 0.0, 50.0, 100.0, 50.0, 50.0, 50.0, 50.0, 50.0, 50.0, 50.0, 50.0, 0.0, 50.0, 50.0, 50.0, 100.0], [100.0, 100.0, 100.0, 50.0, 50.0, 100.0, 50.0, 50.0, 50.0, 50.0, 0.0, 100.0, 100.0, 50.0, 50.0, 100.0, 50.0, 50.0, 0.0, 50.0, 100.0, 50.0, 50.0, 100.0, 0.0, 100.0, 50.0, 0.0, 50.0, 0.0, 50.0, 50.0, 100.0, 0.0, 0.0, 50.0, 50.0, 50.0, 50.0, 100.0, 50.0, 100.0, 0.0, 50.0, 50.0, 100.0, 50.0, 50.0, 100.0, 50.0], [100.0, 100.0, 100.0, 100.0, 50.0, 50.0, 100.0, 100.0, 50.0, 50.0, 100.0, 0.0, 100.0, 100.0, 50.0, 50.0, 100.0, 100.0, 0.0, 0.0, 100.0, 0.0, 50.0, 0.0, 50.0, 100.0, 50.0, 0.0, 50.0, 100.0, 100.0, 100.0, 0.0, 50.0, 50.0, 0.0, 100.0, 100.0, 50.0, 50.0, 100.0, 50.0, 50.0, 0.0, 100.0, 100.0, 100.0, 50.0, 50.0, 50.0], [100.0, 50.0, 50.0, 100.0, 50.0, 100.0, 50.0, 50.0, 100.0, 100.0, 100.0, 100.0, 50.0, 50.0, 100.0, 50.0, 50.0, 50.0, 50.0, 50.0, 50.0, 100.0, 50.0, 50.0, 50.0, 100.0, 50.0, 50.0, 50.0, 100.0, 50.0, 50.0, 100.0, 50.0, 50.0, 50.0, 100.0, 50.0, 50.0, 100.0, 100.0, 50.0, 50.0, 100.0, 100.0, 50.0, 50.0, 0.0, 100.0, 50.0], [50.0, 100.0, 0.0, 100.0, 100.0, 100.0, 100.0, 100.0, 50.0, 0.0, 50.0, 100.0, 100.0, 100.0, 50.0, 50.0, 0.0, 50.0, 50.0, 100.0, 0.0, 100.0, 100.0, 100.0, 100.0, 50.0, 50.0, 0.0, 0.0, 50.0, 50.0, 50.0, 100.0, 50.0, 100.0, 100.0, 100.0, 100.0, 100.0, 100.0, 50.0, 0.0, 50.0, 50.0, 50.0, 0.0, 50.0, 50.0, 100.0, 50.0], [50.0, 50.0, 50.0, 0.0, 50.0, 50.0, 100.0, 100.0, 50.0, 100.0, 50.0, 50.0, 50.0, 50.0, 50.0, 100.0, 50.0, 50.0, 100.0, 100.0, 50.0, 100.0, 50.0, 100.0, 100.0, 50.0, 100.0, 50.0, 100.0, 50.0, 50.0, 100.0, 50.0, 50.0, 50.0, 50.0, 0.0, 100.0, 50.0, 50.0, 100.0, 100.0, 100.0, 50.0, 100.0, 50.0, 0.0, 100.0, 100.0, 50.0], [100.0, 0.0, 100.0, 100.0, 100.0, 50.0, 50.0, 100.0, 100.0, 100.0, 100.0, 50.0, 100.0, 50.0, 100.0, 100.0, 0.0, 100.0, 100.0, 100.0, 100.0, 50.0, 50.0, 100.0, 50.0, 0.0, 50.0, 100.0, 0.0, 100.0, 0.0, 100.0, 100.0, 100.0, 100.0, 100.0, 100.0, 50.0, 50.0, 100.0, 100.0, 50.0, 50.0, 100.0, 50.0, 50.0, 100.0, 50.0, 50.0, 0.0]]
Total Delta Gamma: [0.65300792 1.18562952 0.58743262 0.90657668 0.29585632 0.00862172
 1.15665383 1.12976298 0.10118439 0.92396127]
Total Delta R: [0.87629352 1.09713264 0.61573173 0.84479697 0.5245946  1.17085634
 1.01507706 0.50628368 1.10881003 0.77819561]
