Complexity increased keeping gamma very unbalanced, and increasing K and N (K=5, N=6)
==================================================

N (neurons): 6
K (states): 5
T (time steps): 100000
Seed: None
Number of repetitions: 10

Initialization of parameters for HMM:
Pi: [1 0 0 0 0]
Gamma: [[0.8  0.05 0.05 0.05 0.05]
 [0.05 0.8  0.05 0.05 0.05]
 [0.05 0.05 0.8  0.05 0.05]
 [0.05 0.05 0.05 0.8  0.05]
 [0.05 0.05 0.05 0.05 0.8 ]]
R: [[0.5 0.  0.  0.  0. ]
 [0.  0.5 0.  0.  0. ]
 [0.5 0.  0.5 0.  0. ]
 [0.  0.5 0.  0.5 0. ]
 [0.  0.  0.5 0.  0.5]
 [0.  0.  0.  0.5 0. ]
 [0.  0.  0.  0.  0.5]]

Generated data:
Generated firings (y): [2 0 3 1 1 1 1 1 3 1 5 3 0 1 3 3 1 1 3 3 1 1 1 1 3 4 4 4 4 4 2 4 2 3 0 2 0
 2 2 0 0 1 1 3 2 2 2 2 2 2 4 4 2 2 4 4 6 6 4 4 2 3 3 1 3 1 1 4 4 4 4 2 4 0
 2 2 0 2 5 3 3 4 6 4 0 0 4 6 6 3 2 2 3 1 3 2 0 2 2 2]... (showing first 100 entries)
Generated states (z): [0 0 1 1 1 1 1 1 1 1 3 3 0 1 1 1 1 1 1 1 1 1 1 1 1 2 2 2 2 2 2 2 2 3 0 0 0
 0 0 0 0 1 1 1 2 2 2 2 2 2 2 2 2 2 2 4 4 4 4 4 2 1 1 1 1 1 1 2 2 2 2 2 2 0
 0 0 0 0 3 3 3 4 4 4 0 0 4 4 4 3 0 0 1 1 1 0 0 2 2 2]... (showing first 100 entries)

Estimated parameters:
Estimated Pi: [array([1.38390271e-15, 6.47141985e-01, 7.21207949e-72, 1.16497096e-73,
       3.52858015e-01]), array([1.87952001e-72, 1.00000000e+00, 1.37749059e-89, 2.88709095e-76,
       7.38926261e-52]), array([1.00000000e+000, 2.72858269e-041, 9.99362628e-101, 2.64774465e-015,
       2.55633418e-068]), array([1.00000000e+00, 2.52697338e-63, 9.07179789e-55, 9.77039226e-35,
       1.16221113e-82]), array([1.58009858e-100, 2.78326200e-047, 9.99727411e-001, 2.69287880e-004,
       3.30079421e-006]), array([3.30884712e-66, 1.00000000e+00, 6.78788241e-95, 5.18331320e-73,
       7.12154266e-27]), array([2.31362940e-67, 4.90661712e-19, 3.76620600e-64, 1.00000000e+00,
       1.68251947e-77]), array([1.26988935e-72, 6.57027559e-62, 1.00000000e+00, 2.12117243e-52,
       4.33008672e-81]), array([3.72594435e-57, 1.00000000e+00, 2.07960487e-89, 1.55847675e-66,
       3.53836545e-56]), array([8.63879093e-48, 3.88737111e-96, 3.24223724e-99, 1.00000000e+00,
       3.62243675e-40])]
Estimated Gamma: [array([[0.29193547, 0.32390088, 0.07435093, 0.03398522, 0.18418193],
       [0.04686673, 0.40302057, 0.00542156, 0.02522853, 0.49384493],
       [0.1325879 , 0.01224402, 0.78439985, 0.05366921, 0.03138842],
       [0.09329249, 0.06282339, 0.09765341, 0.84791542, 0.12270232],
       [0.4353174 , 0.19801115, 0.03817424, 0.03920162, 0.1678824 ]]), array([[4.47223198e-01, 4.81133669e-02, 3.46744326e-02, 4.43195851e-01,
        4.25178532e-03],
       [9.08084640e-02, 8.08489048e-01, 8.50212531e-03, 7.58116631e-02,
        1.38426799e-01],
       [4.27611817e-02, 4.32649737e-02, 5.15638433e-02, 5.12696303e-02,
        7.16722788e-01],
       [3.84405725e-01, 5.38084947e-02, 8.58077788e-02, 4.28928567e-01,
        5.41372267e-02],
       [3.48014308e-02, 4.63241168e-02, 8.19451820e-01, 7.94288943e-04,
        8.64614010e-02]]), array([[0.7904539 , 0.04616456, 0.04758506, 0.04965522, 0.05279555],
       [0.04948715, 0.73888141, 0.04602631, 0.01331866, 0.04821936],
       [0.0502069 , 0.050841  , 0.80638478, 0.04484575, 0.04764727],
       [0.05685582, 0.11317268, 0.05382693, 0.84795648, 0.05323469],
       [0.05299623, 0.05094034, 0.04617691, 0.04422389, 0.79810313]]), array([[0.78703348, 0.05218495, 0.04045939, 0.03485528, 0.04989649],
       [0.01441944, 0.10126755, 0.67898322, 0.05389755, 0.03940018],
       [0.03901696, 0.67600114, 0.18103217, 0.01188602, 0.01743913],
       [0.05986584, 0.03500721, 0.04545845, 0.80369712, 0.0456791 ],
       [0.09966428, 0.13553915, 0.05406677, 0.09566402, 0.8475851 ]]), array([[0.8477978 , 0.09819745, 0.07653604, 0.09186484, 0.12519484],
       [0.05451178, 0.81780346, 0.03472188, 0.12835334, 0.02729745],
       [0.01016635, 0.02247363, 0.26955604, 0.03493678, 0.5884344 ],
       [0.03808278, 0.03539009, 0.00681458, 0.70033027, 0.24702264],
       [0.04944129, 0.02613537, 0.61237146, 0.04451477, 0.01205066]]), array([[0.7573075 , 0.05190384, 0.05827891, 0.02581691, 0.03627887],
       [0.08690485, 0.82380028, 0.02452265, 0.08326776, 0.1311573 ],
       [0.00134492, 0.00522078, 0.54593827, 0.00728983, 0.66959004],
       [0.02540274, 0.04391723, 0.14695072, 0.75909569, 0.01635611],
       [0.12903999, 0.07515787, 0.22430944, 0.1245298 , 0.14661768]]), array([[0.16265603, 0.06115845, 0.61207942, 0.02672665, 0.03340935],
       [0.03947469, 0.78061898, 0.03353186, 0.04348213, 0.04470753],
       [0.72232548, 0.01064056, 0.1580431 , 0.02854506, 0.02263048],
       [0.0494089 , 0.04866681, 0.04359225, 0.802742  , 0.05118632],
       [0.0261349 , 0.0989152 , 0.15275338, 0.09850417, 0.84806632]]), array([[0.4325853 , 0.04289622, 0.04616277, 0.01552664, 0.37177585],
       [0.03637241, 0.31730612, 0.02824672, 0.60826808, 0.01432358],
       [0.06256347, 0.06506137, 0.83257302, 0.10522289, 0.15933684],
       [0.02613304, 0.55032008, 0.07162016, 0.23092765, 0.10984727],
       [0.44234579, 0.02441622, 0.02139733, 0.04005474, 0.34471646]]), array([[0.19043568, 0.05193042, 0.17899931, 0.41776185, 0.04665034],
       [0.1100381 , 0.82696902, 0.04621631, 0.09339276, 0.08995124],
       [0.41482556, 0.01018795, 0.14120001, 0.37703258, 0.01757789],
       [0.26383152, 0.03903843, 0.53711745, 0.03904031, 0.03332804],
       [0.02086914, 0.07187418, 0.09646692, 0.07277251, 0.8124925 ]]), array([[0.46874761, 0.04617569, 0.04134875, 0.08556396, 0.3573612 ],
       [0.06083205, 0.48409386, 0.3146993 , 0.08547528, 0.04877156],
       [0.03281288, 0.35300004, 0.54771982, 0.01712601, 0.04745396],
       [0.10498289, 0.05547038, 0.07599555, 0.78181925, 0.04357323],
       [0.33262457, 0.06126003, 0.02023658, 0.03001549, 0.50284005]])]
Estimated R: [array([[1.68365935e-01, 4.19548430e-01, 6.53718717e-10, 1.06221474e-05,
        2.10493951e-01],
       [1.98240385e-03, 6.20065264e-05, 2.79640053e-04, 2.57597679e-01,
        7.06292342e-04],
       [3.72652668e-01, 5.21399353e-01, 5.73490569e-03, 2.06044758e-04,
        6.68464014e-01],
       [1.79662225e-03, 2.96641916e-04, 4.13198409e-04, 4.98800610e-01,
        2.15568613e-03],
       [4.50572856e-01, 5.86598122e-02, 5.34430817e-01, 3.04126399e-04,
        1.17735695e-01],
       [2.41887128e-03, 9.11572819e-07, 7.42704461e-05, 2.42673133e-01,
        4.35437223e-04],
       [2.21064399e-03, 3.28448205e-05, 4.59067168e-01, 4.07784478e-04,
        8.92377207e-06]]), array([[1.01937178e-04, 2.81139895e-01, 2.40071885e-06, 2.38086919e-04,
        6.18535707e-05],
       [2.56429909e-01, 3.03249263e-05, 1.68023449e-03, 2.59733644e-01,
        1.76696656e-03],
       [7.14652421e-04, 5.41817868e-01, 1.27634037e-03, 9.89364596e-04,
        3.31535430e-02],
       [6.51069635e-01, 3.94892830e-04, 6.98084885e-03, 3.43809717e-01,
        2.98328133e-03],
       [5.84912074e-05, 1.76417619e-01, 5.73336062e-01, 1.05582467e-03,
        5.47235092e-01],
       [9.15735091e-02, 5.25682793e-07, 4.13811713e-03, 3.93771738e-01,
        2.35101326e-03],
       [5.18659038e-05, 1.98873897e-04, 4.12585996e-01, 4.01625215e-04,
        4.12448251e-01]]), array([[4.84060157e-01, 6.41675172e-04, 1.30646075e-04, 3.40945259e-04,
        1.26736953e-04],
       [1.81550967e-04, 7.90439548e-08, 5.06576772e-01, 1.01911988e-03,
        1.44520299e-03],
       [5.14425004e-01, 3.56436961e-03, 1.33015791e-05, 4.87133600e-01,
        4.39055402e-04],
       [4.07647817e-04, 5.52578353e-08, 4.92133408e-01, 9.87410998e-04,
        5.05357749e-01],
       [2.87975653e-04, 5.09270393e-01, 2.00633817e-06, 5.08001240e-01,
        5.78143521e-04],
       [5.70915467e-04, 4.72771207e-08, 9.63981609e-04, 5.33654863e-05,
        4.91564000e-01],
       [6.67493867e-05, 4.86523380e-01, 1.79883844e-04, 2.46431857e-03,
        4.89112537e-04]]), array([[4.90330513e-01, 1.05973605e-03, 7.74869723e-04, 8.40981358e-05,
        4.24247164e-05],
       [2.08506538e-04, 1.45416761e-03, 6.36885618e-05, 6.18368619e-05,
        2.57864470e-01],
       [5.04647898e-01, 3.72951277e-03, 3.69995343e-03, 4.99276687e-01,
        5.05890079e-04],
       [6.67274090e-04, 2.36234204e-03, 9.63758136e-06, 8.43515263e-06,
        4.98906365e-01],
       [3.06426127e-03, 5.69265215e-01, 4.42925368e-01, 5.00332945e-01,
        7.55909037e-06],
       [1.07923329e-03, 6.04993178e-04, 1.41586029e-04, 6.99553251e-07,
        2.42669660e-01],
       [2.31387268e-06, 4.21524033e-01, 5.52384896e-01, 2.35298489e-04,
        3.63148662e-06]]), array([[5.02576086e-05, 6.78861481e-07, 5.20806420e-01, 4.90915274e-03,
        3.81345894e-01],
       [2.57799422e-01, 9.18003262e-05, 1.62160399e-06, 1.82421119e-03,
        1.58350053e-04],
       [3.41547619e-06, 1.99798563e-03, 4.72853139e-01, 4.66539789e-01,
        5.84295681e-01],
       [4.98947127e-01, 2.35554844e-04, 4.55652973e-04, 1.93187129e-03,
        1.55461873e-03],
       [2.50728705e-05, 5.05054272e-01, 5.83876520e-03, 5.22306956e-01,
        3.20437303e-02],
       [2.42915436e-01, 2.82224529e-05, 2.84741712e-05, 1.39026629e-03,
        5.85528037e-04],
       [2.59269034e-04, 4.92591485e-01, 1.59270338e-05, 1.09775394e-03,
        1.61985498e-05]]), array([[9.51652989e-06, 2.71301584e-01, 4.02609769e-05, 1.57271393e-04,
        6.43331925e-03],
       [2.50985932e-04, 1.24055133e-08, 5.15137946e-01, 3.02123593e-03,
        3.90798511e-01],
       [9.88886284e-04, 5.26319196e-01, 4.62231160e-06, 3.99820210e-05,
        4.54529411e-02],
       [6.34785567e-05, 9.08853851e-07, 4.79769107e-01, 5.08098739e-01,
        4.37997017e-01],
       [5.50040204e-01, 2.02002599e-01, 1.01019073e-03, 1.12919285e-05,
        5.52753135e-02],
       [9.46234104e-05, 4.62315715e-05, 3.43782751e-03, 4.88671319e-01,
        3.59533963e-02],
       [4.48552305e-01, 3.29468033e-04, 6.00045566e-04, 1.60899975e-07,
        2.80895023e-02]]), array([[3.50251490e-04, 6.90548678e-04, 1.05239119e-03, 4.94802863e-01,
        1.69463152e-04],
       [2.02847192e-04, 7.69120444e-04, 4.71284452e-04, 2.20830542e-04,
        2.57299902e-01],
       [1.06654743e-03, 4.97296102e-01, 1.57026055e-03, 5.02263534e-01,
        2.07876652e-04],
       [1.03224939e-04, 6.74133391e-04, 3.08285088e-04, 8.00969262e-05,
        4.98560263e-01],
       [5.16311081e-01, 5.00380228e-01, 4.90780138e-01, 1.32100096e-03,
        7.90821899e-04],
       [8.23308913e-05, 1.55498304e-04, 1.66034021e-04, 1.04172339e-03,
        2.42339641e-01],
       [4.81883717e-01, 3.43688678e-05, 5.05651606e-01, 2.69951119e-04,
        6.32032051e-04]]), array([[3.25506801e-07, 1.73398926e-05, 2.77849083e-01, 1.44820326e-03,
        2.96310800e-06],
       [2.28818760e-03, 2.02700283e-01, 1.20064021e-05, 3.10679945e-01,
        6.10164603e-03],
       [1.05214127e-02, 2.09996643e-04, 5.42228866e-01, 4.18372652e-03,
        4.28797021e-03],
       [2.46466230e-03, 5.80051310e-01, 3.62799427e-05, 4.12449190e-01,
        9.57645446e-03],
       [4.09992889e-01, 4.09520342e-07, 1.79601421e-01, 2.17880695e-04,
        7.23764696e-01],
       [8.30749054e-06, 2.17019963e-01, 9.71796335e-06, 2.70941011e-01,
        7.23048336e-05],
       [5.74724216e-01, 6.97512978e-07, 2.62625741e-04, 8.00438030e-05,
        2.56193965e-01]]), array([[1.53150526e-04, 2.88978929e-01, 9.21358810e-05, 5.16452821e-04,
        1.57439888e-07],
       [2.87342087e-01, 1.85909489e-04, 2.89371072e-01, 1.94587655e-01,
        1.11388030e-03],
       [1.80577813e-03, 5.45890524e-01, 1.07256632e-04, 9.81358032e-04,
        3.24874418e-02],
       [4.40497715e-01, 3.20252823e-05, 4.35789984e-01, 6.18584039e-01,
        1.02619510e-03],
       [7.24016311e-04, 1.64757555e-01, 5.92847015e-04, 5.28999945e-04,
        5.65014349e-01],
       [2.69031561e-01, 1.41697699e-04, 2.74029489e-01, 1.84511368e-01,
        5.99450269e-04],
       [4.45691633e-04, 1.33593399e-05, 1.72157746e-05, 2.90127113e-04,
        3.99758526e-01]]), array([[3.09219389e-05, 2.15975947e-04, 2.56514960e-05, 3.69125445e-01,
        5.70055896e-05],
       [3.51764939e-05, 1.85106034e-01, 3.28996476e-01, 5.91474412e-04,
        1.54050120e-03],
       [1.00533125e-01, 2.68344776e-04, 1.79005173e-04, 5.84294239e-01,
        1.41649203e-01],
       [4.22832216e-04, 5.08056454e-01, 4.89122922e-01, 5.99977196e-05,
        7.14888020e-04],
       [8.85534435e-01, 2.09987581e-03, 7.94316629e-06, 4.57491234e-02,
        2.08521368e-01],
       [1.27158118e-04, 3.03836880e-01, 1.81605074e-01, 9.96478596e-05,
        3.67261050e-04],
       [1.33163520e-02, 4.16434837e-04, 6.29279404e-05, 8.00725254e-05,
        6.47149773e-01]])]

Total NMI: [[np.float64(0.33651451532576576), np.float64(0.3292679391309489), np.float64(0.3233584265534563), np.float64(0.3208813020777941), np.float64(0.4020864797038072), np.float64(0.4333336042558328), np.float64(0.513227700474641), np.float64(0.5471889501702389), np.float64(0.5810487487414782), np.float64(0.6085010348695057), np.float64(0.6147691476243501), np.float64(0.633610258235906), np.float64(0.6403502983032705), np.float64(0.6441421718636682), np.float64(0.6449844148044006), np.float64(0.6451851557169007), np.float64(0.6460574441947947), np.float64(0.6459675471546509), np.float64(0.6469522453577905), np.float64(0.648473501194387), np.float64(0.6499686721520156), np.float64(0.6580847658429173), np.float64(0.6635946290231043), np.float64(0.6690838422286596), np.float64(0.6708582241955386)], [np.float64(0.21777848857272558), np.float64(0.2659643733404514), np.float64(0.30691026494063045), np.float64(0.3396217439319324), np.float64(0.3483330933996818), np.float64(0.36178327490607276), np.float64(0.36480560525570443), np.float64(0.3729495983161029), np.float64(0.3789175243029425), np.float64(0.3882770017095706), np.float64(0.40017614597873147), np.float64(0.4317931807899916), np.float64(0.46361862510295826), np.float64(0.48059885751097153), np.float64(0.5038875308135761), np.float64(0.5330152565386926), np.float64(0.5387797060080668), np.float64(0.5583655280515694), np.float64(0.5748203348205044), np.float64(0.6094144318532776), np.float64(0.6170642008034077), np.float64(0.6380223369019465), np.float64(0.6382944688404865), np.float64(0.6410813827407537), np.float64(0.6410815597253234)], [np.float64(0.37583872156804937), np.float64(0.40585788988410587), np.float64(0.46748170061833666), np.float64(0.5129647114873691), np.float64(0.5046463870884588), np.float64(0.5403505170709164), np.float64(0.5700941211037922), np.float64(0.6276370599850636), np.float64(0.6537594105845099), np.float64(0.6336388668901192), np.float64(0.6528807477498252), np.float64(0.6599195409188336), np.float64(0.6875785200883333), np.float64(0.7134400296888368), np.float64(0.7347292884261336), np.float64(0.7806680719897897), np.float64(0.794731048011945), np.float64(0.8190638500203197), np.float64(0.8230967740913941), np.float64(0.8316626553332483), np.float64(0.8338603147859872), np.float64(0.8382259950688246), np.float64(0.8385794241334835), np.float64(0.8409037492754347), np.float64(0.8402715921250483)], [np.float64(0.43850079892433186), np.float64(0.46841540371604373), np.float64(0.5070910506345768), np.float64(0.5688766924242536), np.float64(0.5928720295035945), np.float64(0.6199080525194106), np.float64(0.6108615427925383), np.float64(0.6294952488899198), np.float64(0.6287149793842794), np.float64(0.6429265998655593), np.float64(0.6464810220305718), np.float64(0.6571464135926064), np.float64(0.6622919303092187), np.float64(0.6746941801280874), np.float64(0.6890708644587685), np.float64(0.7018907479841784), np.float64(0.7166520733000128), np.float64(0.7347940911819798), np.float64(0.7463629984572371), np.float64(0.7504294509922149), np.float64(0.7528612663643517), np.float64(0.7539527921100455), np.float64(0.7537806557695335), np.float64(0.7550032249946269), np.float64(0.7545575008997113)], [np.float64(0.341301534291055), np.float64(0.3783500501364383), np.float64(0.4383690196107802), np.float64(0.510871146386092), np.float64(0.5592916990020784), np.float64(0.594973651542641), np.float64(0.6048069943750956), np.float64(0.609822263126028), np.float64(0.6144769674675322), np.float64(0.6185987349270555), np.float64(0.6228650426707919), np.float64(0.6292746368624219), np.float64(0.6352279117835209), np.float64(0.6441907851572609), np.float64(0.6501408972603049), np.float64(0.6580344568786686), np.float64(0.6646546408543733), np.float64(0.6718273775545065), np.float64(0.6788558742258652), np.float64(0.6947149818702415), np.float64(0.7053349251556282), np.float64(0.7191416360111396), np.float64(0.7307244215125156), np.float64(0.7399373822350783), np.float64(0.7448189417620029)], [np.float64(0.19907768965524025), np.float64(0.27065191441323166), np.float64(0.1843015777667552), np.float64(0.22903593301362205), np.float64(0.24847770470604505), np.float64(0.29903585443768477), np.float64(0.33925745810319535), np.float64(0.3905501577481087), np.float64(0.429223584782158), np.float64(0.4587607676143174), np.float64(0.4785428094733281), np.float64(0.5093594775017689), np.float64(0.5421367943708861), np.float64(0.5502232501091893), np.float64(0.5603313016817644), np.float64(0.5655771605736659), np.float64(0.5763064210179197), np.float64(0.5971280473320064), np.float64(0.623964173703744), np.float64(0.6673962482207162), np.float64(0.6845263272643386), np.float64(0.6971159367542108), np.float64(0.7090538848528709), np.float64(0.7213149297764302), np.float64(0.729282828984185)], [np.float64(0.1971573521530978), np.float64(0.32868091838311597), np.float64(0.46238006193051523), np.float64(0.5425158951199243), np.float64(0.5840225108293744), np.float64(0.5963458716651795), np.float64(0.6179542905229102), np.float64(0.6383728536801723), np.float64(0.6561946670701997), np.float64(0.678773759124867), np.float64(0.707018496901766), np.float64(0.7213740100426913), np.float64(0.736106626697913), np.float64(0.7434573205501106), np.float64(0.7486753838620513), np.float64(0.7519597413016588), np.float64(0.753196310402122), np.float64(0.7539438938516886), np.float64(0.7541907339905501), np.float64(0.7545447017237054), np.float64(0.7549863504079919), np.float64(0.7547430943036434), np.float64(0.755062718315551), np.float64(0.7547204147414752), np.float64(0.7553723303716166)], [np.float64(0.34645895202476784), np.float64(0.398583139416048), np.float64(0.35435588730949863), np.float64(0.4443563888746615), np.float64(0.4213215463091382), np.float64(0.4822667703088376), np.float64(0.49861311340537867), np.float64(0.5293208584712575), np.float64(0.5465439372890348), np.float64(0.5470873039218246), np.float64(0.5556674675237759), np.float64(0.5514424859544895), np.float64(0.5547754352415365), np.float64(0.5491839799611664), np.float64(0.5484122044567455), np.float64(0.5450102577127537), np.float64(0.5443239973519235), np.float64(0.546988677924782), np.float64(0.549813829722412), np.float64(0.5810681930540733), np.float64(0.6034084454187856), np.float64(0.6187517278857664), np.float64(0.6200215051424002), np.float64(0.6218647337720935), np.float64(0.6167582034113297)], [np.float64(0.3467945640274951), np.float64(0.26887807488796), np.float64(0.40604317460335404), np.float64(0.457410366250112), np.float64(0.4938284475997173), np.float64(0.5346051249483258), np.float64(0.5666323648371455), np.float64(0.582530065127094), np.float64(0.597462651827606), np.float64(0.6048887674949198), np.float64(0.6095966687025918), np.float64(0.6125387006027854), np.float64(0.6102742460374908), np.float64(0.611425149611693), np.float64(0.6105583526138959), np.float64(0.611527235253721), np.float64(0.6106118831911873), np.float64(0.6097472721267583), np.float64(0.6087146151513736), np.float64(0.6084429671387948), np.float64(0.6078228091615236), np.float64(0.6073411686331787), np.float64(0.6075174437869945), np.float64(0.6072894740245933), np.float64(0.6070856057850174)], [np.float64(0.15000679212116025), np.float64(0.2077615179088816), np.float64(0.380034482371261), np.float64(0.418513517102639), np.float64(0.43626502982890264), np.float64(0.4605910647105502), np.float64(0.49924379331538143), np.float64(0.5584925072255408), np.float64(0.5891359147930728), np.float64(0.600366799812027), np.float64(0.611678931283688), np.float64(0.6086443572214539), np.float64(0.6097939464515012), np.float64(0.6100690743033381), np.float64(0.614995464442853), np.float64(0.614744529213328), np.float64(0.6152308182875116), np.float64(0.6210556311881223), np.float64(0.6234304305613246), np.float64(0.6277987040024205), np.float64(0.6285267708840486), np.float64(0.6292285390383481), np.float64(0.6304413512106818), np.float64(0.6362640967796964), np.float64(0.6415677978378979)]]
Total Percentage: [[np.float64(25.605), np.float64(26.223000000000003), np.float64(24.703), np.float64(21.642), np.float64(25.958), np.float64(24.535), np.float64(23.857), np.float64(24.127000000000002), np.float64(23.511000000000003), np.float64(23.713), np.float64(23.775), np.float64(24.031), np.float64(23.986), np.float64(24.166), np.float64(24.078), np.float64(24.306), np.float64(24.214), np.float64(24.442), np.float64(24.323), np.float64(24.426000000000002), np.float64(24.281), np.float64(23.892), np.float64(23.715), np.float64(23.843), np.float64(23.645)], [np.float64(13.794), np.float64(10.971), np.float64(10.569), np.float64(9.779), np.float64(10.102), np.float64(8.67), np.float64(9.103), np.float64(8.774999999999999), np.float64(9.839), np.float64(10.155), np.float64(11.463), np.float64(12.361), np.float64(13.725999999999999), np.float64(13.791), np.float64(15.241), np.float64(15.543999999999999), np.float64(16.185), np.float64(16.864), np.float64(19.477), np.float64(20.804000000000002), np.float64(21.869), np.float64(21.637999999999998), np.float64(21.853), np.float64(21.731), np.float64(22.016)], [np.float64(10.104000000000001), np.float64(10.042), np.float64(6.966), np.float64(8.494), np.float64(7.148000000000001), np.float64(11.013), np.float64(13.425), np.float64(17.748), np.float64(18.67), np.float64(19.113), np.float64(19.201999999999998), np.float64(19.323), np.float64(19.262999999999998), np.float64(19.303), np.float64(19.244), np.float64(19.225), np.float64(19.209), np.float64(19.208), np.float64(19.309), np.float64(19.317), np.float64(19.43), np.float64(19.344), np.float64(19.506999999999998), np.float64(19.375), np.float64(19.512)], [np.float64(20.998), np.float64(22.233), np.float64(21.024), np.float64(21.076), np.float64(21.206), np.float64(21.279999999999998), np.float64(22.31), np.float64(21.639), np.float64(21.737000000000002), np.float64(21.314), np.float64(21.162), np.float64(20.928), np.float64(20.815), np.float64(20.579), np.float64(20.352), np.float64(20.180999999999997), np.float64(20.074), np.float64(19.836000000000002), np.float64(19.798), np.float64(19.666), np.float64(19.750999999999998), np.float64(19.7), np.float64(19.778000000000002), np.float64(19.701), np.float64(19.808)], [np.float64(12.325999999999999), np.float64(18.489), np.float64(19.606), np.float64(16.553), np.float64(14.032), np.float64(10.871), np.float64(9.522), np.float64(7.534000000000001), np.float64(7.582999999999999), np.float64(6.478000000000001), np.float64(6.471), np.float64(5.153), np.float64(5.2330000000000005), np.float64(4.463), np.float64(4.61), np.float64(3.5229999999999997), np.float64(3.5749999999999997), np.float64(2.696), np.float64(2.771), np.float64(1.804), np.float64(1.8579999999999999), np.float64(1.078), np.float64(1.022), np.float64(0.5740000000000001), np.float64(0.637)], [np.float64(17.421), np.float64(19.983999999999998), np.float64(13.089), np.float64(14.618999999999998), np.float64(15.958), np.float64(18.685), np.float64(20.714), np.float64(19.915), np.float64(18.889), np.float64(19.249), np.float64(19.359), np.float64(20.436), np.float64(18.526999999999997), np.float64(18.665000000000003), np.float64(18.508), np.float64(19.345000000000002), np.float64(18.904), np.float64(19.250999999999998), np.float64(18.926000000000002), np.float64(18.675), np.float64(18.069), np.float64(18.218), np.float64(18.102), np.float64(18.085), np.float64(18.206)], [np.float64(14.93), np.float64(10.48), np.float64(2.339), np.float64(3.037), np.float64(2.579), np.float64(3.63), np.float64(3.408), np.float64(3.4299999999999997), np.float64(3.34), np.float64(2.5420000000000003), np.float64(1.7229999999999999), np.float64(1.31), np.float64(0.943), np.float64(0.73), np.float64(0.5579999999999999), np.float64(0.43), np.float64(0.378), np.float64(0.381), np.float64(0.336), np.float64(0.34099999999999997), np.float64(0.311), np.float64(0.32399999999999995), np.float64(0.27699999999999997), np.float64(0.309), np.float64(0.261)], [np.float64(21.759999999999998), np.float64(35.654), np.float64(25.273), np.float64(27.838), np.float64(24.978), np.float64(27.112000000000002), np.float64(27.334999999999997), np.float64(28.884999999999998), np.float64(30.061), np.float64(31.674000000000003), np.float64(31.52), np.float64(32.757999999999996), np.float64(32.607), np.float64(33.909), np.float64(33.899), np.float64(35.491), np.float64(35.356), np.float64(37.153999999999996), np.float64(37.684), np.float64(39.189), np.float64(40.031), np.float64(41.416), np.float64(42.35), np.float64(43.745), np.float64(44.505)], [np.float64(36.647), np.float64(26.848), np.float64(26.845999999999997), np.float64(24.558), np.float64(24.768), np.float64(25.3), np.float64(26.291999999999998), np.float64(26.323999999999998), np.float64(26.845999999999997), np.float64(26.595000000000002), np.float64(26.668999999999997), np.float64(26.515), np.float64(26.642), np.float64(26.531), np.float64(26.767999999999997), np.float64(26.782), np.float64(26.801000000000002), np.float64(26.784000000000002), np.float64(26.712999999999997), np.float64(26.798), np.float64(26.72), np.float64(26.813), np.float64(26.861), np.float64(26.916), np.float64(26.856)], [np.float64(13.34), np.float64(11.997), np.float64(7.12), np.float64(2.0650000000000004), np.float64(5.4719999999999995), np.float64(5.758), np.float64(8.945), np.float64(10.578), np.float64(12.308), np.float64(12.773000000000001), np.float64(13.455), np.float64(13.543), np.float64(14.168), np.float64(14.199), np.float64(14.441), np.float64(14.684), np.float64(14.426), np.float64(14.527999999999999), np.float64(14.346), np.float64(14.487), np.float64(14.329), np.float64(14.445), np.float64(14.251), np.float64(14.229), np.float64(13.875000000000002)]]
Total Delta Gamma: [1.75701134 1.72088595 1.46095603 1.52331986 1.60665315 1.76560158
 1.74339437 1.76309003 1.65475596 1.47832469]
Total Delta R: [1.3883466  1.5913837  1.79524996 1.61729213 1.73078342 1.60701842
 1.69616899 1.40915203 1.361074   1.65480138]
