Estimating the parameters from the real data (K=6)
==================================================

N (neurons): 805
K (states): 6
T (time steps): 10000
Seed: 12345
Number of repetitions: 10

Estimated parameters:
Estimated Pi: [array([0.50492558, 0.03701149, 0.28651849, 0.10751594, 0.0102706 ,
       0.05375791]), array([0.00206387, 0.0148527 , 0.01085314, 0.91402472, 0.03179693,
       0.02640865]), array([0.22631147, 0.00949783, 0.04239147, 0.65865604, 0.02318888,
       0.03995431]), array([0.14521384, 0.04527445, 0.72856144, 0.01871312, 0.05615734,
       0.0060798 ]), array([0.01234671, 0.01974289, 0.00737811, 0.64818886, 0.02832946,
       0.28401396]), array([0.00539444, 0.04030594, 0.88578404, 0.01175868, 0.03955871,
       0.0171982 ]), array([0.05716446, 0.07857979, 0.00557199, 0.02725517, 0.0082544 ,
       0.82317418]), array([0.0194101 , 0.01114025, 0.06437418, 0.07940743, 0.69710045,
       0.12856759]), array([0.02684089, 0.05779534, 0.00346197, 0.0013337 , 0.01641638,
       0.89415171]), array([4.55990470e-02, 5.11670451e-01, 7.08319487e-03, 3.89973944e-01,
       4.07738704e-04, 4.52656249e-02])]
Estimated Gamma: [array([[7.71508951e-01, 1.28110058e-03, 1.39973894e-01, 3.62000215e-02,
        8.22527956e-03, 4.28107534e-02],
       [7.21938127e-01, 4.23716995e-02, 3.28366067e-02, 1.49118491e-01,
        3.78737112e-02, 1.58613646e-02],
       [6.39567624e-01, 5.47824384e-02, 8.84490404e-02, 1.32090609e-01,
        5.13641278e-02, 3.37461601e-02],
       [3.94677372e-01, 1.20777837e-01, 2.45972214e-01, 1.89929961e-01,
        4.83311795e-02, 3.11436566e-04],
       [4.98886759e-01, 1.23128660e-02, 2.57697147e-01, 4.71804216e-02,
        3.58401622e-02, 1.48082644e-01],
       [1.90850245e-01, 1.17313638e-01, 3.40933099e-01, 1.05296899e-01,
        3.20438651e-02, 2.13562254e-01]]), array([[1.90584115e-01, 1.02677922e-01, 2.44609496e-01, 1.49099262e-01,
        3.02451512e-01, 1.05776936e-02],
       [2.47316633e-01, 3.90958292e-02, 8.00629877e-02, 3.72431201e-01,
        1.68167807e-01, 9.29255414e-02],
       [3.51296891e-01, 3.17738125e-01, 7.99889533e-02, 5.47152185e-02,
        9.44648412e-03, 1.86814327e-01],
       [7.22342797e-03, 8.93929898e-05, 1.47804619e-02, 9.67659815e-01,
        7.36822733e-03, 2.87867460e-03],
       [2.98962680e-02, 3.29044274e-02, 1.77080345e-01, 7.11601899e-01,
        4.54438593e-02, 3.07320065e-03],
       [2.60281121e-01, 9.42472274e-02, 1.01013079e-01, 2.71424238e-01,
        2.19098200e-01, 5.39361344e-02]]), array([[0.07625599, 0.02589477, 0.03475352, 0.80577309, 0.02133608,
        0.03598654],
       [0.01337091, 0.01219756, 0.31068465, 0.11552594, 0.29803927,
        0.25018167],
       [0.17765674, 0.19249263, 0.03271649, 0.33810992, 0.03991428,
        0.21910995],
       [0.0323005 , 0.00568117, 0.01182555, 0.93620364, 0.00629836,
        0.00769078],
       [0.26101537, 0.21735367, 0.23606201, 0.12279645, 0.00280854,
        0.15996397],
       [0.07318682, 0.06520759, 0.4857433 , 0.14357747, 0.17710741,
        0.05517739]]), array([[0.18245903, 0.01464034, 0.6767635 , 0.08048095, 0.03871242,
        0.00694376],
       [0.15552979, 0.33099667, 0.3494358 , 0.02362385, 0.01243643,
        0.12797746],
       [0.02426696, 0.00202929, 0.94938303, 0.01604597, 0.00352963,
        0.00474511],
       [0.11260937, 0.04119504, 0.16062208, 0.42644906, 0.02148366,
        0.2376408 ],
       [0.04037405, 0.1308714 , 0.13577783, 0.18728722, 0.461855  ,
        0.0438345 ],
       [0.06599362, 0.08782511, 0.32606785, 0.14997187, 0.24736291,
        0.12277864]]), array([[6.40158192e-02, 3.93838327e-02, 1.52175746e-02, 1.90770793e-01,
        9.62149633e-02, 5.94397018e-01],
       [7.87938794e-01, 6.20511980e-02, 9.77957364e-02, 7.82300776e-03,
        2.77592409e-02, 1.66320227e-02],
       [3.44959219e-01, 1.12926633e-01, 7.51157360e-03, 9.51135581e-02,
        3.89759469e-01, 4.97295469e-02],
       [2.02621070e-02, 1.48603192e-02, 5.50115954e-04, 6.53002358e-01,
        2.64220225e-02, 2.84903077e-01],
       [2.46489801e-01, 2.17812700e-02, 4.66862291e-02, 3.70857914e-01,
        1.39874481e-01, 1.74310305e-01],
       [1.78290825e-02, 8.95586697e-04, 1.34191488e-02, 7.26054477e-01,
        1.44247800e-02, 2.27376925e-01]]), array([[2.25112594e-01, 1.11161070e-01, 1.29479467e-01, 6.67993881e-02,
        1.97638881e-01, 2.69808600e-01],
       [6.59415680e-01, 6.42110366e-04, 2.28718389e-01, 3.97371559e-02,
        5.86608033e-02, 1.28258611e-02],
       [1.01916925e-03, 1.88849373e-04, 9.92819714e-01, 1.75886441e-03,
        1.39413411e-03, 2.81926905e-03],
       [5.73064960e-02, 1.04833165e-01, 1.51795318e-01, 3.07028157e-01,
        1.40612794e-01, 2.38424069e-01],
       [9.70963202e-02, 6.59324464e-02, 8.68362290e-02, 3.78009570e-01,
        3.39635814e-01, 3.24896202e-02],
       [8.74258292e-02, 3.65345085e-01, 9.94690340e-04, 3.65634421e-01,
        3.80888514e-02, 1.42511124e-01]]), array([[0.06562626, 0.07044261, 0.05804537, 0.08701866, 0.12566237,
        0.59320473],
       [0.0449982 , 0.14057962, 0.09463561, 0.1013854 , 0.11575074,
        0.50265044],
       [0.30682655, 0.10172359, 0.11993754, 0.19141566, 0.27216513,
        0.00793152],
       [0.21986032, 0.06330754, 0.01997106, 0.12133222, 0.05360681,
        0.52192204],
       [0.15386319, 0.01921774, 0.09077362, 0.13498256, 0.15469131,
        0.44647157],
       [0.00164393, 0.06479929, 0.00396149, 0.0079093 , 0.01471381,
        0.90697217]]), array([[1.17657802e-01, 8.06357644e-03, 1.39304560e-02, 7.13719228e-02,
        7.56350478e-01, 3.26257645e-02],
       [3.27737865e-02, 1.38464829e-01, 2.15547400e-02, 4.04204907e-01,
        2.84310417e-01, 1.18691320e-01],
       [1.24194140e-01, 5.51315338e-04, 1.56537231e-02, 3.64365122e-01,
        4.29675272e-01, 6.55604277e-02],
       [2.68081136e-01, 6.63486645e-02, 3.35343972e-01, 1.02771806e-01,
        1.00930116e-01, 1.26524306e-01],
       [1.32612214e-01, 2.63652153e-02, 9.70698089e-03, 1.52001448e-02,
        7.91571049e-01, 2.45443968e-02],
       [2.40138857e-01, 4.04303222e-01, 5.90168201e-03, 7.65963815e-02,
        2.48501203e-01, 2.45586544e-02]]), array([[3.92189298e-02, 6.64483613e-02, 2.40213588e-01, 1.21131396e-01,
        2.15520917e-02, 5.11435633e-01],
       [6.65660315e-02, 2.86053490e-01, 1.71739857e-01, 2.44090026e-01,
        4.26229627e-02, 1.88927633e-01],
       [1.11446173e-01, 5.43772165e-02, 1.75340883e-01, 9.29643906e-02,
        8.55088047e-02, 4.80362532e-01],
       [4.34173612e-02, 4.11111251e-01, 3.96620034e-02, 3.64677871e-02,
        4.40215034e-01, 2.91265625e-02],
       [1.43029328e-02, 1.81050442e-01, 1.03399902e-01, 3.15760651e-02,
        3.41683834e-01, 3.27986824e-01],
       [8.39578432e-03, 3.39037608e-03, 3.53680698e-03, 2.42558136e-04,
        2.11170549e-03, 9.82322769e-01]]), array([[1.10671342e-02, 1.98505767e-01, 3.20491452e-01, 7.24129400e-02,
        3.11546644e-01, 8.59760629e-02],
       [6.06927900e-03, 7.88119923e-01, 8.09817604e-03, 1.92622969e-01,
        3.43381625e-03, 1.65583683e-03],
       [1.88642974e-01, 3.30557198e-01, 8.86439475e-02, 2.20696878e-01,
        7.90388735e-02, 9.24201297e-02],
       [9.63280448e-03, 6.47685596e-01, 4.52260522e-02, 2.89383092e-01,
        7.45395070e-03, 6.18505273e-04],
       [4.11158368e-01, 9.49610149e-02, 3.18298893e-02, 1.35041117e-02,
        3.80471579e-01, 6.80750369e-02],
       [1.62482417e-01, 2.51866610e-02, 2.29646680e-01, 2.92076211e-01,
        5.33203983e-02, 2.37287632e-01]])]
Estimated R: [array([[2.00278225e-01, 3.23241208e-03, 6.52934662e-02, 2.37137186e-02,
        9.06571458e-03, 5.98757400e-03],
       [1.11529746e-03, 2.28636896e-03, 8.95477233e-04, 3.75186278e-04,
        1.14494432e-03, 2.17902730e-03],
       [5.59562380e-06, 4.72622905e-04, 3.27913176e-04, 3.04822190e-03,
        4.69455082e-05, 1.91663049e-03],
       ...,
       [4.07307386e-03, 2.22962897e-03, 3.17824989e-06, 3.72687240e-04,
        1.57480592e-03, 1.28794386e-05],
       [1.89991738e-03, 3.34609462e-03, 6.76907277e-04, 1.06317374e-03,
        1.84975483e-03, 1.51033334e-03],
       [3.16893596e-04, 1.87937378e-04, 1.33548114e-04, 2.97802021e-04,
        4.43745838e-05, 2.99618449e-03]]), array([[2.46535215e-03, 5.61373962e-03, 1.85645729e-03, 2.76814836e-01,
        1.36616681e-03, 1.81056697e-03],
       [6.18525554e-04, 1.40755927e-03, 1.27255434e-05, 8.14195050e-04,
        6.98872893e-04, 3.25415113e-05],
       [2.73480507e-03, 6.00369141e-05, 1.51971834e-03, 7.45376676e-04,
        4.19073841e-04, 6.38571253e-03],
       ...,
       [2.11298101e-04, 6.82993575e-04, 3.01000202e-04, 2.28456041e-05,
        1.85443158e-03, 6.87364592e-04],
       [6.54651609e-04, 8.45940948e-04, 9.82665174e-04, 4.17081665e-04,
        8.92616288e-04, 3.78486112e-03],
       [2.80321480e-04, 1.49456250e-03, 3.27740757e-04, 1.27895656e-03,
        9.21826162e-04, 2.45244146e-03]]), array([[1.97316345e-02, 7.26222002e-04, 3.27454712e-04, 2.34895090e-01,
        7.91460805e-04, 2.24905733e-03],
       [1.93950245e-06, 2.69247722e-03, 4.10900511e-04, 2.47618085e-04,
        2.22105454e-04, 1.38505597e-03],
       [1.84456076e-04, 2.07234595e-03, 6.31548665e-04, 9.67539818e-04,
        3.25499989e-03, 7.14428511e-04],
       ...,
       [1.04078008e-03, 4.06333081e-03, 4.51278771e-04, 1.86432785e-04,
        3.90319662e-05, 6.18802604e-04],
       [1.87815941e-04, 2.34204385e-03, 1.69283193e-03, 4.63538072e-04,
        6.50092130e-04, 1.98958305e-03],
       [8.12853388e-04, 6.60660643e-04, 1.30070588e-03, 2.28936810e-03,
        5.58040817e-04, 5.76555582e-04]]), array([[2.28635582e-02, 1.04375754e-03, 2.76562721e-01, 2.60312164e-03,
        3.41101564e-03, 1.18308401e-03],
       [2.82288598e-03, 6.29804120e-04, 2.61228514e-03, 1.86378171e-03,
        3.34359497e-04, 9.51888656e-04],
       [3.76850007e-04, 3.56444688e-03, 1.11594445e-03, 2.07610904e-05,
        3.12893283e-04, 4.95901225e-03],
       ...,
       [3.85167435e-04, 4.17406177e-05, 1.63872076e-03, 2.74765100e-04,
        2.67458387e-03, 1.09815602e-03],
       [3.85610043e-04, 3.28064489e-04, 9.23057005e-05, 4.63784417e-04,
        2.88530986e-04, 1.07528951e-03],
       [1.05171758e-03, 3.43722886e-04, 7.50860340e-05, 2.25370833e-04,
        1.73589883e-04, 7.37511725e-05]]), array([[2.38366192e-03, 3.51937659e-04, 2.16483667e-03, 2.30250818e-01,
        1.74006937e-03, 9.15118351e-02],
       [4.88735970e-04, 1.23795467e-03, 2.51526422e-03, 6.04008756e-05,
        5.95489489e-04, 1.22633974e-05],
       [2.71410312e-03, 3.67193358e-04, 4.72026274e-04, 7.70102939e-04,
        7.82648615e-04, 1.53985112e-03],
       ...,
       [7.93240947e-04, 1.98789419e-04, 2.43927210e-05, 6.49512939e-04,
        3.60986638e-03, 2.70228509e-04],
       [1.79764273e-03, 2.57329035e-03, 5.55903153e-04, 3.64015129e-04,
        2.15360808e-04, 4.32013950e-04],
       [1.65025403e-03, 4.72541113e-04, 1.57596358e-04, 9.48858477e-04,
        8.50544600e-04, 4.27052667e-04]]), array([[1.13266565e-04, 7.21894356e-03, 2.45323811e-01, 1.19287511e-04,
        8.15942523e-04, 4.25052062e-03],
       [4.88011189e-04, 5.60539777e-04, 2.75891988e-04, 2.87109005e-05,
        2.14569039e-04, 1.82409381e-04],
       [2.62647573e-04, 8.83028291e-04, 8.13676074e-04, 2.73217709e-04,
        1.42137812e-03, 1.02238904e-03],
       ...,
       [6.19110739e-04, 4.03151227e-05, 8.67081921e-04, 3.64739637e-03,
        3.17833851e-04, 7.26985600e-04],
       [3.56800788e-03, 1.89421022e-03, 1.97978209e-04, 7.82177592e-04,
        1.56646118e-03, 8.99442516e-05],
       [7.46562177e-03, 4.93376746e-04, 5.30758232e-04, 4.40262410e-03,
        1.20358084e-03, 7.33907921e-04]]), array([[4.11256110e-03, 2.38101241e-02, 9.28984452e-04, 6.88399456e-03,
        3.78994574e-03, 2.70293450e-01],
       [1.45061834e-03, 1.71680870e-04, 1.20859647e-03, 2.33621648e-03,
        4.11453988e-05, 2.39620113e-04],
       [1.88490204e-04, 1.38612589e-03, 1.22872605e-03, 4.58636289e-05,
        7.58623377e-04, 3.83947312e-03],
       ...,
       [2.28047430e-03, 1.80194034e-04, 1.87281950e-03, 2.19151148e-03,
        7.29131073e-04, 1.14870082e-03],
       [6.41541155e-04, 1.35306737e-03, 5.82866089e-04, 2.07799870e-04,
        7.68693765e-04, 3.62315435e-04],
       [4.65778668e-04, 5.76766933e-05, 2.69287486e-03, 3.63670716e-04,
        1.08721190e-03, 1.64103758e-03]]), array([[5.19388186e-02, 6.33416377e-03, 1.01267740e-02, 1.90582101e-02,
        2.22276925e-01, 9.03501498e-03],
       [2.28210927e-03, 6.11332972e-04, 1.26438982e-03, 1.51085442e-03,
        7.43890681e-04, 1.87131088e-03],
       [2.12051202e-03, 1.80230088e-03, 1.26004957e-03, 1.71328588e-03,
        1.98031683e-04, 4.27549032e-04],
       ...,
       [3.72458019e-04, 3.09867152e-04, 3.00943413e-04, 2.90865902e-04,
        7.69150702e-04, 3.94525313e-04],
       [3.66840394e-04, 2.87675414e-03, 1.39002173e-03, 1.67742077e-03,
        1.09007830e-03, 3.53440048e-04],
       [1.63695191e-03, 1.32417419e-04, 5.47643953e-04, 1.93271227e-04,
        1.54122420e-03, 7.57377891e-04]]), array([[2.03103306e-03, 8.39219486e-03, 2.38895458e-04, 2.05509624e-03,
        2.85318111e-03, 2.55530766e-01],
       [1.23201510e-03, 2.10015799e-03, 4.71332810e-04, 8.85494227e-04,
        3.82045853e-04, 7.99639775e-04],
       [2.40545047e-03, 2.24318072e-03, 1.03723914e-04, 3.96169519e-04,
        5.75512653e-05, 1.15953811e-03],
       ...,
       [1.24760114e-03, 3.75634346e-04, 1.17626860e-03, 2.35571083e-04,
        1.88053602e-03, 2.06381189e-03],
       [1.10522780e-03, 1.92358642e-04, 1.95238057e-03, 3.60451318e-04,
        6.40159719e-04, 2.18932298e-03],
       [2.94228948e-04, 1.99490689e-04, 8.45609116e-04, 1.46640231e-03,
        1.16425188e-03, 1.31778627e-03]]), array([[4.04875910e-05, 2.12276414e-01, 1.19021706e-03, 1.01137365e-01,
        4.39463175e-03, 4.24965886e-03],
       [2.04521047e-03, 1.04950239e-03, 1.66033167e-03, 4.00207403e-04,
        3.01123054e-04, 7.42706085e-04],
       [3.04722834e-03, 5.45897279e-04, 1.42813679e-05, 1.57974891e-04,
        2.78538832e-03, 1.67339287e-03],
       ...,
       [1.70085902e-03, 3.77009839e-04, 5.03541021e-04, 1.03609408e-03,
        5.49797085e-03, 9.37738375e-04],
       [1.45673393e-03, 1.02566211e-04, 1.95052067e-03, 5.79601302e-05,
        3.48618385e-04, 3.13866810e-03],
       [2.86746353e-04, 9.15022144e-04, 2.78651059e-04, 5.12727172e-04,
        2.12759149e-03, 2.32809142e-03]])]

Total NMI: [[0.6150762885445169, 0.6853314789615865, 0.6853314789615865, 0.10584021904759336, 0.27401754212128127, 0.33875741363389883, 0.7864379259835012, 0.5793801642856952, 0.5678815282792384, 0.5678815282792384, 0.23192429896938307, 0.8463848597938766, 0.11481634102168048, 0.4038581928935034, 0.0, 0.0, 0.47870397138568005, 0.2313598919830773, 0.13921962366837867, 0.23192429896938307, 0.6836398690443692, 0.5322591151838213, 0.5206652463984817, 0.0, 1.0, 1.0, 0.0, 0.1809948690450144, 0.0, 1.0, 0.0, 0.13921962366837867, 0.13921962366837867, 0.13921962366837867, 0.13921962366837867, 0.07448308596203695, 0.0, 0.0, 0.6836398690443692, 0.0, 0.0, 0.0, 0.0, 1.0, 0.0, 0.0, 0.0, 1.0, 1.0, 0.0], [0.6836398690443692, 0.0, 0.0, 0.0, 0.0, 0.0, 1.0, 1.0, 1.0, 1.0, 1.0, 1.0, 1.0, 1.0, 1.0, 1.0, 1.0, 1.0, 1.0, 1.0, 1.0, 0.0, 0.0, 1.0, 1.0, 1.0, 1.0, 1.0, 1.0, 1.0, 1.0, 1.0, 1.0, 1.0, 1.0, 1.0, 1.0, 1.0, 1.0, 1.0, 1.0, 1.0, 1.0, 1.0, 1.0, 1.0, 1.0, 1.0, 1.0, 1.0], [0.0, 0.0, 0.0, 0.0, 0.4038581928935034, 1.0, 0.0, 1.0, 1.0, 1.0, 0.0, 0.0, 1.0, 1.0, 1.0, 1.0, 1.0, 1.0, 1.0, 1.0, 1.0, 1.0, 0.0, 0.0, 1.0, 1.0, 1.0, 0.0, 0.0, 1.0, 1.0, 1.0, 1.0, 0.0, 0.0, 0.0, 0.0, 1.0, 1.0, 0.0, 0.0, 1.0, 0.0, 0.0, 1.0, 1.0, 1.0, 1.0, 0.0, 0.0], [0.6474642398330626, 0.41244039972177104, 0.04803508424256197, 0.4038581928935034, 0.4038581928935034, 0.0, 1.0, 0.0, 0.0, 1.0, 1.0, 1.0, 1.0, 1.0, 0.0, 0.07448308596203695, 0.0, 1.0, 1.0, 1.0, 1.0, 1.0, 1.0, 1.0, 1.0, 1.0, 1.0, 1.0, 1.0, 1.0, 1.0, 1.0, 1.0, 1.0, 1.0, 0.0, 0.0, 1.0, 1.0, 1.0, 1.0, 0.0, 0.0, 1.0, 1.0, 1.0, 0.0, 0.0, 1.0, 1.0], [0.3478864484540746, 0.04803508424256197, 0.04803508424256197, 0.0, 0.08170416594551037, 0.47870397138568005, 0.4038581928935034, 0.1809948690450144, 0.7725068857142601, 0.0, 0.47870397138568005, 0.04803508424256197, 0.4038581928935034, 0.0, 1.0, 0.0, 1.0, 0.13921962366837867, 0.07448308596203695, 0.4038581928935034, 0.04803508424256197, 0.04803508424256197, 0.4038581928935034, 0.13921962366837867, 0.0, 0.0, 0.47870397138568005, 0.0, 0.04803508424256197, 0.04803508424256197, 0.13921962366837867, 0.07448308596203695, 0.0, 0.0, 0.07448308596203695, 0.4038581928935034, 0.0, 0.0, 0.04803508424256197, 0.13921962366837867, 0.07448308596203695, 0.0, 1.0, 0.0, 0.0, 0.0, 0.0, 0.0, 0.07448308596203695, 0.0], [0.0, 0.0, 1.0, 1.0, 1.0, 1.0, 1.0, 1.0, 1.0, 1.0, 1.0, 1.0, 1.0, 1.0, 1.0, 1.0, 1.0, 1.0, 1.0, 1.0, 1.0, 1.0, 1.0, 1.0, 1.0, 1.0, 1.0, 1.0, 1.0, 1.0, 1.0, 1.0, 1.0, 1.0, 1.0, 1.0, 1.0, 1.0, 1.0, 1.0, 1.0, 1.0, 1.0, 1.0, 1.0, 1.0, 1.0, 1.0, 1.0, 1.0], [0.20104130995363284, 0.822328362394686, 0.6150762885445169, 0.4920936619047235, 0.13921962366837867, 0.07448308596203695, 0.07448308596203695, 0.0, 1.0, 1.0, 0.0, 0.11481634102168048, 0.0, 1.0, 0.0, 0.0, 1.0, 0.0, 0.0, 1.0, 1.0, 1.0, 1.0, 1.0, 1.0, 1.0, 1.0, 1.0, 1.0, 1.0, 1.0, 1.0, 1.0, 1.0, 1.0, 1.0, 1.0, 1.0, 0.0, 0.0, 1.0, 1.0, 1.0, 1.0, 1.0, 1.0, 0.0, 0.0, 1.0, 1.0], [0.6067810370082494, 0.6067810370082494, 0.5242524223457239, 0.6474642398330628, 0.7145514534074344, 0.6067810370082493, 0.6150762885445169, 0.7864379259835012, 0.7864379259835014, 0.33875741363389883, 0.0, 0.0, 0.3478864484540746, 0.04803508424256197, 0.13921962366837867, 0.07448308596203695, 0.30029730885925315, 0.3862534428571302, 0.13921962366837867, 0.0, 0.0, 0.0, 0.0, 0.0, 0.0, 0.0, 1.0, 1.0, 1.0, 0.0, 0.2960819109658651, 1.0, 1.0, 0.6836398690443692, 0.07448308596203695, 0.07448308596203695, 0.0, 1.0, 1.0, 0.0, 0.4038581928935034, 0.0, 1.0, 0.0, 0.0, 1.0, 1.0, 1.0, 1.0, 0.0], [0.0, 0.0, 0.0, 1.0, 1.0, 1.0, 1.0, 1.0, 1.0, 1.0, 0.0, 0.0, 1.0, 1.0, 1.0, 1.0, 1.0, 1.0, 1.0, 1.0, 1.0, 1.0, 1.0, 1.0, 1.0, 1.0, 1.0, 1.0, 1.0, 1.0, 1.0, 1.0, 1.0, 1.0, 1.0, 1.0, 1.0, 1.0, 1.0, 1.0, 1.0, 1.0, 1.0, 1.0, 1.0, 1.0, 1.0, 1.0, 1.0, 1.0], [0.33875741363389883, 0.47870397138568005, 0.0, 0.47870397138568005, 0.47870397138568005, 0.3478864484540746, 0.2960819109658651, 0.0, 0.27401754212128127, 0.3478864484540746, 0.11481634102168048, 0.13921962366837867, 0.27401754212128127, 0.0, 0.0, 0.0, 0.0, 0.4038581928935034, 0.04803508424256197, 0.13921962366837867, 0.4038581928935034, 0.47870397138568005, 0.2313598919830773, 0.13921962366837867, 0.04803508424256197, 0.4038581928935034, 0.2313598919830773, 0.0, 0.13921962366837867, 0.0, 0.0, 0.2313598919830773, 0.0, 0.13921962366837867, 1.0, 0.13921962366837867, 0.04803508424256197, 0.4038581928935034, 0.07448308596203695, 0.13921962366837867, 0.13921962366837867, 0.13921962366837867, 0.0, 0.0, 0.27401754212128127, 0.0, 0.0, 0.07448308596203695, 0.07448308596203695, 1.0]]
Total Percentage: [[16.666666666666664, 50.0, 66.66666666666666, 50.0, 33.33333333333333, 33.33333333333333, 16.666666666666664, 33.33333333333333, 50.0, 50.0, 33.33333333333333, 83.33333333333334, 50.0, 83.33333333333334, 66.66666666666666, 66.66666666666666, 16.666666666666664, 50.0, 50.0, 33.33333333333333, 83.33333333333334, 50.0, 50.0, 66.66666666666666, 100.0, 100.0, 83.33333333333334, 50.0, 33.33333333333333, 100.0, 83.33333333333334, 50.0, 50.0, 50.0, 50.0, 66.66666666666666, 83.33333333333334, 83.33333333333334, 66.66666666666666, 66.66666666666666, 83.33333333333334, 83.33333333333334, 83.33333333333334, 100.0, 83.33333333333334, 83.33333333333334, 83.33333333333334, 100.0, 100.0, 83.33333333333334], [66.66666666666666, 83.33333333333334, 66.66666666666666, 66.66666666666666, 83.33333333333334, 83.33333333333334, 100.0, 100.0, 100.0, 100.0, 100.0, 100.0, 100.0, 100.0, 100.0, 100.0, 100.0, 100.0, 100.0, 100.0, 100.0, 83.33333333333334, 83.33333333333334, 100.0, 100.0, 100.0, 100.0, 100.0, 100.0, 100.0, 100.0, 100.0, 100.0, 100.0, 100.0, 100.0, 100.0, 100.0, 100.0, 100.0, 100.0, 100.0, 100.0, 100.0, 100.0, 100.0, 100.0, 100.0, 100.0, 100.0], [66.66666666666666, 66.66666666666666, 66.66666666666666, 66.66666666666666, 83.33333333333334, 100.0, 83.33333333333334, 100.0, 100.0, 100.0, 83.33333333333334, 83.33333333333334, 100.0, 100.0, 100.0, 100.0, 100.0, 100.0, 100.0, 100.0, 100.0, 100.0, 83.33333333333334, 83.33333333333334, 100.0, 100.0, 100.0, 83.33333333333334, 83.33333333333334, 100.0, 100.0, 100.0, 100.0, 83.33333333333334, 83.33333333333334, 83.33333333333334, 83.33333333333334, 100.0, 100.0, 83.33333333333334, 83.33333333333334, 100.0, 83.33333333333334, 83.33333333333334, 100.0, 100.0, 100.0, 100.0, 83.33333333333334, 83.33333333333334], [66.66666666666666, 50.0, 66.66666666666666, 83.33333333333334, 83.33333333333334, 66.66666666666666, 100.0, 83.33333333333334, 83.33333333333334, 100.0, 100.0, 100.0, 100.0, 100.0, 83.33333333333334, 66.66666666666666, 83.33333333333334, 100.0, 100.0, 100.0, 100.0, 100.0, 100.0, 100.0, 100.0, 100.0, 100.0, 100.0, 100.0, 100.0, 100.0, 100.0, 100.0, 100.0, 100.0, 83.33333333333334, 83.33333333333334, 100.0, 100.0, 100.0, 100.0, 83.33333333333334, 83.33333333333334, 100.0, 100.0, 100.0, 83.33333333333334, 83.33333333333334, 100.0, 100.0], [50.0, 66.66666666666666, 33.33333333333333, 50.0, 66.66666666666666, 83.33333333333334, 83.33333333333334, 50.0, 0.0, 50.0, 83.33333333333334, 66.66666666666666, 83.33333333333334, 83.33333333333334, 100.0, 66.66666666666666, 100.0, 50.0, 66.66666666666666, 83.33333333333334, 66.66666666666666, 66.66666666666666, 83.33333333333334, 50.0, 50.0, 50.0, 83.33333333333334, 50.0, 66.66666666666666, 66.66666666666666, 50.0, 66.66666666666666, 83.33333333333334, 83.33333333333334, 66.66666666666666, 83.33333333333334, 66.66666666666666, 66.66666666666666, 66.66666666666666, 50.0, 66.66666666666666, 83.33333333333334, 100.0, 50.0, 50.0, 83.33333333333334, 83.33333333333334, 83.33333333333334, 66.66666666666666, 83.33333333333334], [83.33333333333334, 83.33333333333334, 100.0, 100.0, 100.0, 100.0, 100.0, 100.0, 100.0, 100.0, 100.0, 100.0, 100.0, 100.0, 100.0, 100.0, 100.0, 100.0, 100.0, 100.0, 100.0, 100.0, 100.0, 100.0, 100.0, 100.0, 100.0, 100.0, 100.0, 100.0, 100.0, 100.0, 100.0, 100.0, 100.0, 100.0, 100.0, 100.0, 100.0, 100.0, 100.0, 100.0, 100.0, 100.0, 100.0, 100.0, 100.0, 100.0, 100.0, 100.0], [33.33333333333333, 66.66666666666666, 66.66666666666666, 66.66666666666666, 50.0, 66.66666666666666, 66.66666666666666, 83.33333333333334, 100.0, 100.0, 83.33333333333334, 50.0, 66.66666666666666, 100.0, 83.33333333333334, 83.33333333333334, 100.0, 83.33333333333334, 83.33333333333334, 100.0, 100.0, 100.0, 100.0, 100.0, 100.0, 100.0, 100.0, 100.0, 100.0, 100.0, 100.0, 100.0, 100.0, 100.0, 100.0, 100.0, 100.0, 100.0, 83.33333333333334, 83.33333333333334, 100.0, 100.0, 100.0, 100.0, 100.0, 100.0, 83.33333333333334, 83.33333333333334, 100.0, 100.0], [16.666666666666664, 33.33333333333333, 16.666666666666664, 33.33333333333333, 0.0, 50.0, 50.0, 50.0, 33.33333333333333, 50.0, 66.66666666666666, 66.66666666666666, 66.66666666666666, 66.66666666666666, 50.0, 66.66666666666666, 66.66666666666666, 33.33333333333333, 50.0, 83.33333333333334, 83.33333333333334, 83.33333333333334, 66.66666666666666, 66.66666666666666, 83.33333333333334, 83.33333333333334, 100.0, 100.0, 100.0, 50.0, 33.33333333333333, 83.33333333333334, 66.66666666666666, 66.66666666666666, 66.66666666666666, 66.66666666666666, 83.33333333333334, 100.0, 100.0, 66.66666666666666, 66.66666666666666, 83.33333333333334, 100.0, 83.33333333333334, 83.33333333333334, 100.0, 100.0, 100.0, 100.0, 83.33333333333334], [50.0, 66.66666666666666, 66.66666666666666, 100.0, 100.0, 100.0, 100.0, 100.0, 100.0, 100.0, 83.33333333333334, 83.33333333333334, 100.0, 100.0, 100.0, 100.0, 100.0, 100.0, 100.0, 100.0, 100.0, 100.0, 100.0, 100.0, 100.0, 100.0, 100.0, 100.0, 100.0, 100.0, 100.0, 100.0, 100.0, 100.0, 100.0, 100.0, 100.0, 100.0, 100.0, 100.0, 100.0, 100.0, 100.0, 100.0, 100.0, 100.0, 100.0, 100.0, 100.0, 100.0], [16.666666666666664, 16.666666666666664, 50.0, 16.666666666666664, 83.33333333333334, 33.33333333333333, 50.0, 50.0, 33.33333333333333, 66.66666666666666, 50.0, 50.0, 66.66666666666666, 66.66666666666666, 66.66666666666666, 66.66666666666666, 83.33333333333334, 16.666666666666664, 33.33333333333333, 50.0, 83.33333333333334, 83.33333333333334, 66.66666666666666, 50.0, 66.66666666666666, 83.33333333333334, 66.66666666666666, 50.0, 50.0, 83.33333333333334, 83.33333333333334, 66.66666666666666, 50.0, 50.0, 100.0, 50.0, 66.66666666666666, 83.33333333333334, 66.66666666666666, 50.0, 50.0, 50.0, 66.66666666666666, 66.66666666666666, 33.33333333333333, 66.66666666666666, 83.33333333333334, 66.66666666666666, 66.66666666666666, 100.0]]
Total Delta Gamma: [1.2020751  1.12461175 1.573486   1.52495244 1.69213423 1.17356363
 1.19899108 1.29366804 1.56146415 1.56868154]
Total Delta R: [0.24107938 0.30136211 0.2618881  0.30034629 0.27249676 0.26939396
 0.29626909 0.25753774 0.27950213 0.26331452]
