Complexity increased keeping gamma very unbalanced, and increasing K and N (K=3, N=4)
==================================================

N (neurons): 4
K (states): 3
T (time steps): 50000
Seed: None
Number of repetitions: 10
Number of iterations: 100

Initialization of parameters for HMM:
Pi: [1 0 0]
Gamma: [[0.9  0.05 0.05]
 [0.05 0.9  0.05]
 [0.05 0.05 0.9 ]]
R: [[0.5 0.  0. ]
 [0.  0.5 0. ]
 [0.5 0.  0.5]
 [0.  0.5 0. ]
 [0.  0.  0.5]]

Generated data:
Generated firings (y): [0 4 2 4 2 2 1 0 0 2 2 2 2 2 2 0 0 2 0 0 0 2 4 4 2 4 2 2 0 2 2 4 2 4 4 2 2
 4 2 2 2 2 4 4 2 4 2 4 4 2 0 0 2 0 2 0 0 2 0 2 0 2 2 0 2 2 4 2 0 0 0 2 2 1
 1 1 1 3 3 3 3 3 1 3 3 2 2 2 2 2 2 4 4 4 4 2 2 2 0 2]... (showing first 100 entries)
Generated states (z): [0 2 2 2 2 2 1 0 0 0 0 0 0 0 0 0 0 0 0 0 0 0 2 2 2 2 2 0 0 0 0 2 2 2 2 2 2
 2 2 2 2 2 2 2 2 2 2 2 2 2 0 0 0 0 0 0 0 0 0 0 0 0 0 0 0 2 2 0 0 0 0 0 0 1
 1 1 1 1 1 1 1 1 1 1 1 2 2 2 2 2 2 2 2 2 2 2 2 0 0 0]... (showing first 100 entries)

Estimated parameters:
Estimated Pi: [array([0.5551872 , 0.23106744, 0.21374536]), array([0.6615483, 0.3186553, 0.0197964]), array([0.63005182, 0.24251713, 0.12743105]), array([0.00913718, 0.84232664, 0.14853619]), array([0.46282466, 0.51023108, 0.02694426]), array([0.08441028, 0.86093381, 0.0546559 ]), array([0.03764346, 0.49250625, 0.46985029]), array([0.85136431, 0.02700711, 0.12162858]), array([0.40075117, 0.24784787, 0.35140096]), array([0.08477102, 0.11320871, 0.80202027])]
Estimated Gamma: [array([[0.6267477 , 0.06282417, 0.31042812],
       [0.07201932, 0.65887597, 0.26910472],
       [0.60697422, 0.36885059, 0.02417518]]), array([[0.35573616, 0.59522389, 0.04903995],
       [0.11160145, 0.83987501, 0.04852354],
       [0.05480603, 0.03755211, 0.90764186]]), array([[0.41343291, 0.48005854, 0.10650855],
       [0.2874765 , 0.28479143, 0.42773206],
       [0.3233724 , 0.03286806, 0.64375954]]), array([[0.80095091, 0.00519802, 0.19385107],
       [0.15363699, 0.17675628, 0.66960674],
       [0.0045793 , 0.3842449 , 0.61117579]]), array([[0.79112885, 0.1626948 , 0.04617635],
       [0.32724773, 0.61698189, 0.05577037],
       [0.0389494 , 0.05822439, 0.90282621]]), array([[0.47576604, 0.314628  , 0.20960596],
       [0.20322905, 0.78232954, 0.01444141],
       [0.04461201, 0.09193066, 0.86345733]]), array([[0.13671094, 0.61728165, 0.24600741],
       [0.62614865, 0.02809559, 0.34575576],
       [0.13253855, 0.30240464, 0.5650568 ]]), array([[0.56512501, 0.13183586, 0.30303913],
       [0.07467734, 0.77980238, 0.14552028],
       [0.14375977, 0.12369872, 0.73254151]]), array([[0.08040172, 0.6394634 , 0.28013488],
       [0.26223344, 0.59423505, 0.14353151],
       [0.41151837, 0.51411822, 0.07436341]]), array([[0.30159938, 0.36344468, 0.33495594],
       [0.81512469, 0.06316655, 0.12170876],
       [0.1113798 , 0.54147765, 0.34714255]])]
Estimated R: [array([[0.32632841, 0.02981657, 0.04617325],
       [0.1605031 , 0.19525068, 0.16201511],
       [0.2168356 , 0.38544752, 0.47623975],
       [0.25036587, 0.01764956, 0.23191635],
       [0.04596702, 0.37183567, 0.08365555]]), array([[0.58447403, 0.16889764, 0.00715844],
       [0.01025893, 0.00078153, 0.49244414],
       [0.30145969, 0.54772405, 0.01157319],
       [0.00650509, 0.0010161 , 0.48719392],
       [0.09730227, 0.28158068, 0.00163031]]), array([[0.35724179, 0.10672244, 0.03404083],
       [0.14127947, 0.09170797, 0.24874735],
       [0.08174886, 0.71983513, 0.3068836 ],
       [0.04416213, 0.05861829, 0.34425263],
       [0.37556775, 0.02311617, 0.06607558]]), array([[0.01041109, 0.39352688, 0.11497563],
       [0.34569945, 0.21638179, 0.08409078],
       [0.01277576, 0.06095375, 0.58340942],
       [0.62002885, 0.01385909, 0.0685736 ],
       [0.01108485, 0.3152785 , 0.14895057]]), array([[0.33855172, 0.06926791, 0.00611394],
       [0.00517064, 0.01301336, 0.49442781],
       [0.57757314, 0.34152073, 0.01440919],
       [0.01309752, 0.01012841, 0.47910033],
       [0.06560697, 0.56606959, 0.00594872]]), array([[0.06395835, 0.33798954, 0.00371784],
       [0.12742095, 0.0078451 , 0.40077088],
       [0.56609774, 0.46629521, 0.03497648],
       [0.04851351, 0.01171874, 0.4325211 ],
       [0.19400946, 0.17615141, 0.1280137 ]]), array([[0.01182053, 0.20050385, 0.24219181],
       [0.1360467 , 0.08046779, 0.26750188],
       [0.61067205, 0.29185762, 0.16693333],
       [0.02950062, 0.15726737, 0.27668365],
       [0.2119601 , 0.26990337, 0.04668933]]), array([[0.59706522, 0.00509454, 0.09225543],
       [0.25504413, 0.30474262, 0.0204078 ],
       [0.08719914, 0.01674574, 0.71634138],
       [0.04016079, 0.43794843, 0.00320116],
       [0.02053073, 0.23546867, 0.16779423]]), array([[0.2127586 , 0.14814872, 0.14485499],
       [0.19884405, 0.13277526, 0.27340331],
       [0.31275053, 0.36016429, 0.2622042 ],
       [0.12229231, 0.22657725, 0.03448621],
       [0.15335451, 0.13233448, 0.28505129]]), array([[0.02776092, 0.23285771, 0.2902292 ],
       [0.23997484, 0.09608147, 0.15777028],
       [0.60471112, 0.20215154, 0.07107284],
       [0.08045881, 0.23585109, 0.2259747 ],
       [0.0470943 , 0.23305818, 0.25495298]])]

Total NMI: [[0.16234037030081241, 0.15587536363457544, 0.1561135144061126, 0.15245702370747108, 0.1540917501368676, 0.15367438736377748, 0.1574540343940199, 0.15758153152703142, 0.15950437645678198, 0.1592178985321409, 0.15848262045437161, 0.16143074597247353, 0.1652947961478793, 0.16565796071986913, 0.1701481531836152, 0.17141558410640975, 0.1741551381459621, 0.1767713605947575, 0.18252785705521568, 0.18484577864688184, 0.18067721833311548, 0.18362518002095843, 0.19107346562362826, 0.18533602462486473, 0.19721987510920383, 0.19616550028233107, 0.19661369583264696, 0.19783221477889534, 0.1985949694285567, 0.19965669885240112, 0.20683878197623184, 0.20671173753285768, 0.2107270944929635, 0.21075899810907342, 0.20993640798141144, 0.21072168127270616, 0.21433913752024303, 0.21731019262263718, 0.21739853308810755, 0.21790486510437518, 0.22112089501656482, 0.21825655412163725, 0.2246844757776096, 0.22521831907051323, 0.22818655393591414, 0.23399863564729143, 0.23034253967076568, 0.22691363459950334, 0.23199111191399105, 0.23340840752876396, 0.236113549268631, 0.23387195672132435, 0.23792221007025693, 0.23555321213944588, 0.2420595915984026, 0.23970562247251218, 0.2406404824026385, 0.24351475456782173, 0.24595456659588827, 0.24720718091573943, 0.24700796458277147, 0.24751859860492392, 0.24922754312824896, 0.2512346630209273, 0.2526598924446171, 0.2573911204430494, 0.2556663604289416, 0.25847735912108766, 0.26051383619414736, 0.25523339346190227, 0.25476030331041755, 0.2602455311859742, 0.26336527691262795, 0.2655180482882874, 0.26163997401698863, 0.25812245239155523, 0.2668711799420594, 0.2663093213092129, 0.2668037911281091, 0.27130652548447487, 0.27261438356025414, 0.2764748210094325, 0.27547566693742626, 0.2751186576521888, 0.2798592460921658, 0.2825636184624834, 0.27987273485519437, 0.28015083535547886, 0.2851473399287576, 0.282259917559251, 0.2836007109887237, 0.2872261422624757, 0.2884543213255296, 0.29048982342637675, 0.28963005879096776, 0.2902034989542182, 0.2889852060704534, 0.2884013567681334, 0.29236128599592587, 0.2950870850320856], [0.2960043404794912, 0.43432258465588947, 0.5045607345115231, 0.5498728780443485, 0.5746884240583494, 0.5910100447882326, 0.6042413124306497, 0.6075652671786657, 0.6134889779949022, 0.6158640024904679, 0.6228803533485174, 0.6230899232325018, 0.6240091919607589, 0.6276532993348176, 0.6329606590516085, 0.6335587763242193, 0.636474095008909, 0.6366072531983947, 0.6390720981350343, 0.6409737790055843, 0.6390647996738047, 0.6399570129560622, 0.6413421620968788, 0.6406636680073754, 0.6387571574152883, 0.6409409582762097, 0.6426251173289593, 0.6462451804782968, 0.6448729838698789, 0.6466904523050135, 0.649027495414269, 0.6509208195519394, 0.6487100803803801, 0.6483643252433903, 0.6505356255313438, 0.6500026408705931, 0.650245634481125, 0.6500566211133237, 0.6492806300810512, 0.6457612931727771, 0.6479914328168236, 0.6510071746889172, 0.6532736324506214, 0.6519553362484838, 0.647228159210076, 0.6502664188504891, 0.6568607765502753, 0.6536537124208703, 0.6559562660849398, 0.6557923239359733, 0.649505807152688, 0.6516278535185639, 0.6534138504723691, 0.6500788888262348, 0.6543088448137407, 0.6539074825912079, 0.6540670292301133, 0.6555304336518017, 0.6571517037271987, 0.6547757335400286, 0.6567446489176457, 0.6568297075946932, 0.657509127768651, 0.6526788206319502, 0.6581832677456676, 0.6569984982237347, 0.6585650904298878, 0.6599024302685537, 0.6595447783554498, 0.6563046799830631, 0.6601693045943245, 0.6565465648737521, 0.6567984149193766, 0.6614374543283872, 0.6595715436705756, 0.657801674050056, 0.6602627965477689, 0.6598133465842749, 0.6584770263434029, 0.660042711741285, 0.6615021513878692, 0.6643675642499944, 0.6610310931424818, 0.6592693191406752, 0.6585928958773376, 0.6609349518406128, 0.6618207303030647, 0.6595756089364505, 0.6610122698237998, 0.6600373069982802, 0.6617088182768142, 0.6595125426956514, 0.6619030726511329, 0.6657706350843291, 0.6616985604968789, 0.6602815783793273, 0.661854842591543, 0.661730443136463, 0.6612955658877194, 0.6572073592449655], [0.20874848077536048, 0.20336283022755786, 0.19342709925527535, 0.19261382806455873, 0.18843681002449325, 0.18867042452412439, 0.18796256637830758, 0.19073778103404734, 0.1906427859077197, 0.18441952839163087, 0.1862026650013329, 0.1859131036220383, 0.18701281236823353, 0.18653681610561434, 0.19292181248343884, 0.19524001032973043, 0.19419148679087814, 0.19422106391801436, 0.192373070828747, 0.19477005783498785, 0.196429902012412, 0.19236472715368283, 0.19135176383542468, 0.19895713925526723, 0.19454313818927887, 0.19659441550846332, 0.2007979630695733, 0.1960546018043831, 0.20079429380381683, 0.20043836883742244, 0.1993812721962903, 0.20374263384915026, 0.20783057307712566, 0.20379266317106592, 0.20252847382012756, 0.20733193666928518, 0.20750655231450438, 0.20681794902018774, 0.20768719898451388, 0.20734885226243177, 0.21442576336339347, 0.21637013399520683, 0.21130267147018414, 0.2129739716407277, 0.21556515415183952, 0.2146889748163932, 0.21603764056802185, 0.22167847053993378, 0.22319610781715923, 0.22617707115010813, 0.22598111400680695, 0.22568562061613723, 0.22632099397778213, 0.2341287034946594, 0.2349425088948179, 0.23483364963518263, 0.2345422910861986, 0.23661682488073368, 0.23878510916309528, 0.24155408427012673, 0.23852323250024027, 0.241974315803019, 0.23884048015971326, 0.24793124371807518, 0.24353797987426293, 0.24113586935275633, 0.25037214123248486, 0.2479138159429483, 0.24819549063541632, 0.25228662154265397, 0.25366185254141527, 0.25574934431075813, 0.25843460573999616, 0.2573407028599132, 0.2612858789348496, 0.26173025050352355, 0.2649250747361713, 0.26492665873014204, 0.2687069921570075, 0.25966644131111394, 0.2667849080715518, 0.26684508464480633, 0.2698863563655944, 0.27291492267990947, 0.2754354208308676, 0.2756506980085749, 0.2783427068049458, 0.2796950573280869, 0.28617717147301525, 0.28350350922479467, 0.28664289389872377, 0.28548791839126614, 0.28415595986691966, 0.28930875204017364, 0.29250886920651387, 0.2913196564373585, 0.293076382984434, 0.2913969955707187, 0.2971626349882962, 0.3018965086146922], [0.22826554364679275, 0.22428233431658187, 0.22448529497392605, 0.23286608046407406, 0.234072739091242, 0.2436568744526597, 0.24882121951668867, 0.247659975604963, 0.2507845168868226, 0.25566403058144843, 0.26821907934760864, 0.2646010555094054, 0.2692661527623127, 0.271567926771369, 0.2753098298088085, 0.2806477709154635, 0.2818184188045148, 0.285224332860929, 0.29006236923122697, 0.293388573243132, 0.29080905369994603, 0.2987011606001029, 0.2982339631835469, 0.30066762023953714, 0.2998424366307911, 0.309653642436149, 0.31067108786162756, 0.3131436015363169, 0.31717985704194396, 0.3280698910802377, 0.32791568837181, 0.335629485450965, 0.33640015178366406, 0.34136042491393365, 0.344029076874025, 0.3421984606461336, 0.35463896452834, 0.35843158560062727, 0.36280540716276266, 0.36617962860231684, 0.3792259779748462, 0.3775630332006871, 0.3838028371103551, 0.38914751113852264, 0.3967107928640321, 0.3947331516496998, 0.40188663454898277, 0.40674345042643206, 0.40859463255225525, 0.41408361699934165, 0.4157319061046452, 0.4192671774068685, 0.4315707107633568, 0.43125776482910344, 0.43945116336913986, 0.44505290957565313, 0.44925262782252284, 0.45126912975903183, 0.45327088520044917, 0.4544496158590535, 0.4655981571436724, 0.46715592722551913, 0.47518820611597773, 0.4794160481751171, 0.4846782355521021, 0.4914461450095728, 0.48995250886818104, 0.4961615610335865, 0.502847377594698, 0.5082140397506769, 0.509720441767173, 0.5069565107031566, 0.5100087849453095, 0.5166599011488985, 0.517074081723775, 0.521211070446914, 0.5214728323366077, 0.5209348418656076, 0.5275884509435361, 0.5295070607910227, 0.5295842652818809, 0.5388056000706128, 0.5349106365225472, 0.5407439979904325, 0.5354698838108678, 0.5420569188218483, 0.544359429645104, 0.5490909002480324, 0.5477256112105366, 0.5460272389362779, 0.5443762647355046, 0.5490881186818831, 0.5535233110189102, 0.5547065494652204, 0.5550854418827279, 0.5585665413374251, 0.5580899201048634, 0.5536324619656791, 0.5613381779641128, 0.556121200748586], [0.1043300476245049, 0.1401309588644844, 0.19173545452600832, 0.2532791418193899, 0.3097638978294446, 0.3595732102290837, 0.41045648160937237, 0.44834522858458126, 0.47425796406187726, 0.4901214263598793, 0.4998553416653105, 0.5131321604654734, 0.5236458484669866, 0.5336912337098675, 0.5401586312261834, 0.5424233230104135, 0.548465956108344, 0.5575425292950335, 0.5600717666637312, 0.5654458610023554, 0.5703280811419796, 0.5718044405029815, 0.5733805649795798, 0.5810637913595796, 0.5867744545508204, 0.5870637469943919, 0.5874683223096266, 0.588933851682708, 0.5936040863059778, 0.5946345951584634, 0.5988279564444595, 0.6027995431592788, 0.6014958560037242, 0.6046007292880924, 0.605979256891487, 0.6109671046255347, 0.6107073196488947, 0.6142511336121896, 0.6105795813381509, 0.617903625162331, 0.6202851957873191, 0.6245021660645904, 0.6220956329260945, 0.6212543179223561, 0.6185880454019498, 0.6209687736897166, 0.621873245361525, 0.6215239848482623, 0.6295895324264514, 0.6281057994643658, 0.6320324885629889, 0.6322701914516756, 0.634885093337704, 0.638194901982963, 0.6410903511179694, 0.6383100752515922, 0.6370881387204341, 0.6368085780096957, 0.6437674080676319, 0.6393716524232294, 0.6418235587266249, 0.6437450504121652, 0.6443908023076559, 0.6509942867538551, 0.6524016385966506, 0.6522988476928927, 0.6483069835906816, 0.649508265193071, 0.6482139784964157, 0.6529726001855171, 0.6572610788500972, 0.6571226062680233, 0.6604229713978048, 0.6547759510305506, 0.662464571479922, 0.6617678393002596, 0.6622256268939463, 0.6640323331156256, 0.6617777211295146, 0.6663987183855725, 0.6653639174251355, 0.6644940378622901, 0.6671078528951414, 0.6707371838773718, 0.6676169567133678, 0.6641157835869523, 0.6659106958461614, 0.6660276714016821, 0.6680207500029268, 0.6720969744624858, 0.6729975716402535, 0.6722465651982156, 0.6753569394342703, 0.6750160017600759, 0.6754519193245035, 0.6794524758484946, 0.6764592223642094, 0.6786758140638746, 0.6745782687451216, 0.6724518042811657], [0.1223387584639595, 0.14088830964930682, 0.15481166751464243, 0.17112430314514504, 0.18601640421938623, 0.19667297476035836, 0.20819939762765485, 0.22463924588518638, 0.24763839027251888, 0.24858680839003852, 0.26748718297673046, 0.2811539759783853, 0.2906827609787957, 0.30196915459052726, 0.31493773016317034, 0.329871431732124, 0.3377844031232774, 0.3507562768939474, 0.3639423092996324, 0.37388737888251017, 0.3791555389890452, 0.38424815342982255, 0.39190066757492875, 0.4014467119968267, 0.41141348682743595, 0.41146993627649514, 0.4186828003602942, 0.4184985895798101, 0.4231387213387924, 0.4254386753641714, 0.43799863506831527, 0.43810249468137796, 0.44468450249671343, 0.43599290432725096, 0.44759025803588776, 0.44865968631754405, 0.45308941512308964, 0.46167329522867623, 0.4645725602225479, 0.4662748680719995, 0.4685973356540776, 0.4717172594897159, 0.4741097536364077, 0.48138010047914387, 0.4777749493190627, 0.482694284194877, 0.4851884138989138, 0.48905583049702733, 0.4880832419765106, 0.4882326315868038, 0.4923891478410674, 0.49725420381473934, 0.49738698602994597, 0.4951016197896435, 0.5008029789280742, 0.5007247918297082, 0.507533758235036, 0.5041633007165836, 0.5067919619162848, 0.5058980391384907, 0.5080079831926847, 0.5087342221990571, 0.5063000789987291, 0.5105507208971802, 0.5127867826015077, 0.5171971885044931, 0.5227011006655987, 0.5253182708387959, 0.524480084088372, 0.5190904517270012, 0.525285953641305, 0.5261315060911087, 0.5238176120941463, 0.5229576891806736, 0.5235471005169696, 0.524699182956554, 0.5291627961241775, 0.5308084075005043, 0.5311110355095837, 0.5313386711562182, 0.5336496534775625, 0.5335261302602702, 0.5341411669208542, 0.5352479083878984, 0.5351192707022259, 0.5376960164442695, 0.5404782748014244, 0.5369872849611319, 0.5403511904549984, 0.5409553869116785, 0.5436547304057842, 0.5436245588563258, 0.5479858335041164, 0.5442741645094012, 0.5466380182554568, 0.5474150515499377, 0.5466741226447125, 0.550250189464425, 0.5489816927716346, 0.5491913380158833], [0.151524832663969, 0.14584625783089702, 0.1505130335125186, 0.14461788339405898, 0.14559510690465827, 0.14703756369953014, 0.14935810816322756, 0.1466131145325183, 0.1489195566794741, 0.15245644820621382, 0.15111232218000642, 0.15129010849705596, 0.15115007302693717, 0.15364155282091502, 0.1554841192144004, 0.15431736915245345, 0.15430660190511541, 0.15747050811078944, 0.15747765135438405, 0.16174141935427921, 0.1557836431071894, 0.16127614789560749, 0.16019517053332477, 0.15996387676290852, 0.16007018318287075, 0.16516439038262848, 0.16507111853381592, 0.16956538073024596, 0.1691172438413506, 0.17461444265774959, 0.1735363530325763, 0.16743291904599597, 0.17240507257357368, 0.17243194630389422, 0.1759505227559612, 0.17197407974455942, 0.17256628191936876, 0.1748211489369169, 0.17633243049135616, 0.1813829986497647, 0.17939218497039858, 0.17897991504784233, 0.1863906980729877, 0.18187299902624054, 0.18906807881300486, 0.19007462744319475, 0.1861425371349044, 0.19478109461695883, 0.1927726899441772, 0.1873443368412576, 0.1964658592021706, 0.19165803360306655, 0.19338045711653223, 0.1928743609895873, 0.19574920901809087, 0.1998505433393041, 0.19475808977400844, 0.205444478468744, 0.20688546687294174, 0.2037743526036281, 0.20095525280889975, 0.2030804829689462, 0.20254915247343938, 0.20457743495958233, 0.21294924098975776, 0.2090485795618743, 0.20648716353957433, 0.20475891152719874, 0.21351890168199156, 0.21793110823519307, 0.22213382251891547, 0.21902129060130418, 0.21910164567634402, 0.22102747599490008, 0.2205280616997482, 0.21981293401162091, 0.22493600810676936, 0.22488216973372252, 0.23152246324563028, 0.2256661742057299, 0.22615431953752155, 0.23251263797722738, 0.23125077670126643, 0.235263690696025, 0.23529922969206007, 0.23500086363048397, 0.2329052055181341, 0.2349887957719615, 0.2385246773662868, 0.23939690699000246, 0.24018730397541574, 0.24546461246672144, 0.2470774962601826, 0.24165850984968343, 0.24532036700673407, 0.24617511801013084, 0.2526221142914771, 0.25301488511971937, 0.242257625414718, 0.2488898140787013], [0.28760702193363935, 0.3004163872048288, 0.31341422065228486, 0.3165221354779012, 0.3209104600639366, 0.325446496909429, 0.33076805456238745, 0.33126663903627523, 0.33338271227461086, 0.3410957473390725, 0.339330976949346, 0.34569175781172945, 0.3505044624888656, 0.3475125021131365, 0.3504090547573925, 0.35142339249978993, 0.3476592346386273, 0.36087988952615363, 0.36457102486630466, 0.3678147312006948, 0.37087037207442636, 0.3675347650500026, 0.3740514761919799, 0.37753542532653317, 0.383066817138181, 0.383582884571332, 0.3809798874050957, 0.383496578142748, 0.38612029890388244, 0.38907018472475474, 0.3904863340031271, 0.3865515798799409, 0.39448195921803964, 0.3957215092511968, 0.40204730415070355, 0.4034118497145032, 0.4100287460514514, 0.40610045659855365, 0.41866173207883156, 0.4212680693682744, 0.42157285757300417, 0.4240159310017675, 0.4215427603750448, 0.42621379294366374, 0.42710606001741963, 0.4344768678443639, 0.4349988837699324, 0.4382001042145746, 0.4381969617528252, 0.43956276598504096, 0.4462180877165671, 0.4459911919782147, 0.456657650821304, 0.457313462419797, 0.4588384890073131, 0.4588563103119624, 0.4641732059145128, 0.46401015652095434, 0.4660308339039987, 0.47247983374116687, 0.472119958288745, 0.4824571985771495, 0.48016658161752557, 0.4853527108892941, 0.48327529029555244, 0.483563016924391, 0.4829067117431609, 0.4928466279484768, 0.49217196334445595, 0.5001708277008287, 0.4984311107219721, 0.507181524546686, 0.5067151476848136, 0.5096360390749298, 0.5162636756909683, 0.5116235055632607, 0.5144387897695442, 0.5161949800621812, 0.5188035268298418, 0.5149449656286573, 0.5196316427173371, 0.5266773419308487, 0.5223862586340902, 0.5247593949677487, 0.530780198334337, 0.5350543684555689, 0.5321873340889374, 0.5433995969726402, 0.550318756386169, 0.5454979328026246, 0.5421342304161578, 0.5469132523976103, 0.5536265705416187, 0.5503444272389476, 0.5483003873953031, 0.5506161030569433, 0.549528607414383, 0.5537781636423786, 0.5663331819028973, 0.5653812075546403], [0.028763587370024084, 0.022905440505097203, 0.02099789068348202, 0.022094075568941617, 0.019676606558009395, 0.0185848623369599, 0.018345657648552217, 0.01882303604711568, 0.01822032153370771, 0.017704789146971624, 0.01718903582949308, 0.017555132957633002, 0.017469036463382485, 0.01752973939989993, 0.017437282225780164, 0.01632470708571822, 0.018411654408864966, 0.016193385266205184, 0.015611582151823082, 0.01773262572722262, 0.015951154727067263, 0.015393447170422138, 0.017838233604042984, 0.016300350544188946, 0.015523018849617164, 0.01679476565123922, 0.015558275352192058, 0.015591087437010775, 0.01792661585905671, 0.015140386691915307, 0.014967188216985219, 0.01692385613438386, 0.01773660975112818, 0.01569362140939231, 0.01723330774960653, 0.016356426385285987, 0.013869068904996375, 0.016697443026257718, 0.015862087427158438, 0.01641072960679303, 0.015038060214251596, 0.016876736891897993, 0.01603688718850273, 0.016714380243784247, 0.017853175834648773, 0.016000021534938964, 0.018126226141613536, 0.015795142790787323, 0.015046222262626653, 0.017092375628810833, 0.015889101255929378, 0.016526951540245537, 0.014795087418879952, 0.015502010962710836, 0.015174870708757051, 0.01643758139218536, 0.015258491298540398, 0.01562766920076643, 0.017247935888166182, 0.015420811355253014, 0.015571636434797994, 0.015125866405289751, 0.01582555224373368, 0.015956654630837164, 0.016493641134760862, 0.016303038444958437, 0.014187104152069351, 0.01456260552321235, 0.015470816619095898, 0.014415103206177305, 0.016336282879170883, 0.01635938239300265, 0.016368053050830875, 0.01619027872801148, 0.01495832447274013, 0.015243259626553634, 0.01427020560182012, 0.015143931881346603, 0.015820837114472793, 0.01672022738722627, 0.015379330946814073, 0.01642222219827254, 0.014329184082938741, 0.016389822133991157, 0.015088405336843535, 0.015724545978545973, 0.015004037300002068, 0.016533348941983005, 0.016868307622613977, 0.016552598049491794, 0.016608532843446617, 0.015397812894222295, 0.014625054393747538, 0.014718147787499707, 0.014220484415815974, 0.01379084544434783, 0.014123975531464938, 0.015034629802231239, 0.014781740614959118, 0.01643146162614161], [0.22769858957249678, 0.22988332282631008, 0.21789926745520125, 0.22704469915124947, 0.2251158937803222, 0.22002862945405383, 0.22024171767910972, 0.2177995794575411, 0.21694435835389547, 0.2145709128880006, 0.22043648649625158, 0.2166832207082908, 0.21163049215546254, 0.21690365755153948, 0.21617928068229694, 0.21442647398948053, 0.21881317184148621, 0.21386920616449112, 0.21318003802858945, 0.21493264591720143, 0.21103463273035908, 0.21134569427956285, 0.21365788775406744, 0.2076891618359829, 0.21055677994054142, 0.21070982281377706, 0.2104876700298307, 0.20952835638835784, 0.20974974360751383, 0.2106106579802472, 0.2134464118736176, 0.21500318399090965, 0.21489797474051162, 0.21793694626030338, 0.21254958523727924, 0.2124808005447368, 0.2086225828239624, 0.20981344268200494, 0.20389613784699426, 0.20917667183422872, 0.20948089794446484, 0.2132758985514914, 0.21428997085796062, 0.21116054473839668, 0.2050679302927388, 0.2058576522885798, 0.20942056703862874, 0.21065811440890442, 0.20965639833434113, 0.21304984597916174, 0.21386605575560858, 0.21382895206648278, 0.2152494402322539, 0.21001029281132763, 0.2049618428716383, 0.21287979493946688, 0.2080979556137135, 0.20829298898885612, 0.20749193600931784, 0.2112170855046274, 0.20770946604921245, 0.20443402635291125, 0.20662859318263613, 0.20642697047601433, 0.20566915114697185, 0.21091428268089382, 0.20725988647490629, 0.20530194699895937, 0.20952148857050232, 0.21123777313792966, 0.21441704838817746, 0.21048592701062546, 0.21225204441894735, 0.20986400617200807, 0.20674636364589166, 0.20944513555446087, 0.2049330765848146, 0.2107005786681943, 0.2112652156439367, 0.20686732042039757, 0.21017783751919084, 0.20883001291269826, 0.2066032015071156, 0.20647995501573635, 0.20669937138557096, 0.2052766473712977, 0.2064152632576961, 0.2123715487081784, 0.20492058471432878, 0.20164637620826725, 0.20818679745635324, 0.21039053990002493, 0.2129223994317558, 0.20503549058317036, 0.20721728791406244, 0.20572543836504348, 0.21281273502303136, 0.2026420742113908, 0.20574260022415167, 0.20707142517561916]]
Total Percentage: [[63.01, 62.51, 62.482000000000006, 62.160000000000004, 62.339999999999996, 62.186, 62.605999999999995, 62.632, 62.727999999999994, 62.70400000000001, 62.59, 62.818, 63.092000000000006, 63.1, 63.483999999999995, 63.504000000000005, 63.774, 63.888, 64.46600000000001, 64.496, 64.164, 64.38000000000001, 64.96, 64.578, 65.378, 65.318, 65.35, 65.334, 65.316, 65.45400000000001, 66.078, 66.01, 66.298, 66.25, 66.16, 66.23, 66.444, 66.64999999999999, 66.594, 66.668, 66.892, 66.67, 67.094, 67.24, 67.428, 67.794, 67.448, 67.30199999999999, 67.594, 67.764, 67.94200000000001, 67.584, 67.946, 67.648, 68.072, 68.002, 68.158, 68.292, 68.5, 68.648, 68.448, 68.448, 68.542, 68.732, 68.794, 69.202, 69.138, 69.284, 69.238, 69.066, 69.03399999999999, 69.336, 69.544, 69.71000000000001, 69.262, 68.96600000000001, 69.46, 69.59, 69.544, 69.816, 70.014, 70.286, 70.236, 70.234, 70.37400000000001, 70.556, 70.462, 70.426, 70.66, 70.544, 70.43199999999999, 70.858, 70.928, 70.944, 70.89, 70.71, 70.842, 70.84, 71.03399999999999, 71.248], [72.74000000000001, 79.306, 81.644, 83.026, 83.532, 83.648, 84.292, 84.38600000000001, 84.37599999999999, 84.24000000000001, 84.502, 84.33800000000001, 84.16799999999999, 84.37, 84.76599999999999, 84.706, 84.776, 84.91199999999999, 84.884, 84.83800000000001, 84.8, 84.74199999999999, 84.884, 84.694, 84.69, 84.75, 84.666, 84.85000000000001, 84.662, 84.8, 84.924, 85.22, 85.078, 85.086, 85.172, 85.14, 84.994, 84.932, 84.922, 84.76, 84.858, 85.184, 85.224, 85.092, 84.74199999999999, 84.918, 85.36, 85.22, 85.20400000000001, 85.176, 84.564, 84.734, 85.07000000000001, 84.918, 85.226, 85.232, 85.252, 85.32, 85.518, 85.056, 85.212, 85.28999999999999, 85.48, 85.11999999999999, 85.502, 85.324, 85.38, 85.42999999999999, 85.48599999999999, 85.25, 85.506, 85.194, 85.114, 85.48, 85.404, 85.226, 85.33, 85.68, 85.342, 85.428, 85.6, 85.532, 85.482, 85.53, 85.382, 85.614, 85.59400000000001, 85.464, 85.7, 85.458, 85.568, 85.454, 85.458, 85.688, 85.604, 85.384, 85.512, 85.494, 85.504, 85.31], [66.676, 66.22, 65.452, 65.444, 65.12400000000001, 65.168, 65.13600000000001, 65.35600000000001, 65.306, 64.824, 64.98, 64.944, 64.988, 65.02799999999999, 65.60000000000001, 65.736, 65.744, 65.712, 65.57600000000001, 65.72200000000001, 65.91799999999999, 65.58, 65.518, 66.142, 65.798, 66.022, 66.32000000000001, 65.916, 66.316, 66.286, 66.23400000000001, 66.572, 66.86999999999999, 66.618, 66.456, 66.88199999999999, 66.892, 66.804, 66.906, 66.906, 67.47999999999999, 67.674, 67.266, 67.38, 67.526, 67.522, 67.62, 68.03, 68.192, 68.396, 68.36, 68.328, 68.398, 69.0, 69.016, 68.986, 68.992, 69.254, 69.394, 69.544, 69.31, 69.554, 69.34, 69.958, 69.64200000000001, 69.53200000000001, 70.15, 69.974, 70.03200000000001, 70.288, 70.35, 70.482, 70.66799999999999, 70.588, 70.86, 70.88, 71.112, 71.124, 71.37, 70.772, 71.20400000000001, 71.21, 71.428, 71.638, 71.768, 71.784, 71.976, 72.06, 72.46000000000001, 72.262, 72.504, 72.422, 72.358, 72.664, 72.848, 72.75, 72.802, 72.72999999999999, 73.096, 73.432], [72.99600000000001, 72.502, 72.262, 72.596, 72.562, 72.8, 72.98, 72.736, 72.56, 72.72999999999999, 73.368, 73.006, 73.116, 73.18, 73.11800000000001, 73.44800000000001, 73.394, 73.37599999999999, 73.48400000000001, 73.514, 73.424, 73.64, 73.462, 73.616, 73.31, 73.886, 73.786, 73.656, 73.652, 74.126, 74.03, 74.382, 74.33999999999999, 74.52600000000001, 74.454, 74.334, 74.836, 74.78200000000001, 74.888, 74.96000000000001, 75.592, 75.38, 75.482, 75.656, 75.91, 75.858, 76.114, 76.07000000000001, 76.022, 76.332, 76.27199999999999, 76.446, 77.046, 76.702, 77.094, 77.264, 77.458, 77.386, 77.628, 77.536, 77.96600000000001, 77.848, 78.252, 78.288, 78.544, 78.934, 78.66199999999999, 78.916, 79.188, 79.362, 79.392, 79.152, 79.32000000000001, 79.42399999999999, 79.35600000000001, 79.72, 79.686, 79.494, 79.85600000000001, 79.944, 79.95400000000001, 80.17800000000001, 79.95, 80.276, 79.932, 80.306, 80.39, 80.41199999999999, 80.538, 80.194, 80.352, 80.4, 80.73599999999999, 80.54, 80.514, 80.75, 80.644, 80.49, 80.81, 80.46600000000001], [56.14, 59.014, 62.732, 66.52799999999999, 69.742, 71.946, 74.266, 76.044, 77.044, 77.64, 77.88000000000001, 78.378, 79.008, 79.628, 79.78, 79.96799999999999, 80.278, 80.728, 80.808, 81.10000000000001, 81.2, 81.292, 81.41000000000001, 81.83399999999999, 82.134, 82.15, 82.148, 82.19999999999999, 82.428, 82.486, 82.838, 83.23, 83.04, 83.406, 83.42, 83.87400000000001, 83.776, 83.868, 83.5, 83.986, 84.016, 84.324, 84.212, 84.194, 84.126, 84.11800000000001, 84.142, 84.224, 84.75399999999999, 84.598, 84.87400000000001, 84.91199999999999, 85.028, 85.122, 85.436, 85.154, 85.17, 85.224, 85.528, 85.166, 85.42, 85.418, 85.636, 86.056, 86.092, 86.038, 85.846, 85.99, 85.836, 86.206, 86.5, 86.398, 86.572, 86.238, 86.654, 86.53800000000001, 86.584, 86.72800000000001, 86.706, 86.876, 86.712, 86.818, 86.908, 86.994, 86.876, 86.776, 86.856, 86.956, 87.09, 87.256, 87.288, 87.254, 87.464, 87.38, 87.28, 87.628, 87.53800000000001, 87.722, 87.424, 87.33], [57.57, 59.138000000000005, 60.06399999999999, 61.236000000000004, 62.40599999999999, 63.196, 63.916, 65.048, 66.57, 66.71000000000001, 67.872, 68.636, 69.07, 69.89999999999999, 70.678, 71.678, 72.06, 72.85000000000001, 73.63199999999999, 73.952, 74.042, 74.554, 74.844, 75.356, 75.934, 75.874, 76.198, 76.228, 76.328, 76.64999999999999, 76.998, 76.962, 77.404, 76.996, 77.304, 77.53999999999999, 77.716, 78.236, 78.386, 78.226, 78.292, 78.304, 78.58000000000001, 79.05, 78.656, 78.754, 79.296, 79.128, 79.02799999999999, 78.82000000000001, 79.258, 79.51, 79.676, 79.584, 79.60199999999999, 79.608, 79.836, 79.744, 79.838, 79.834, 79.636, 79.60000000000001, 79.552, 79.768, 79.974, 80.154, 80.464, 80.426, 80.25999999999999, 80.30199999999999, 80.44200000000001, 80.41, 80.228, 80.4, 80.228, 80.16799999999999, 80.36, 80.476, 80.512, 80.33, 80.53200000000001, 80.734, 80.654, 80.696, 80.66799999999999, 80.824, 80.872, 80.83399999999999, 80.888, 80.938, 80.848, 80.852, 81.16, 80.894, 80.97, 81.06, 80.946, 81.248, 81.08999999999999, 81.16799999999999], [58.254, 57.422, 58.089999999999996, 57.438, 57.69, 57.962, 58.220000000000006, 57.816, 58.230000000000004, 58.406000000000006, 58.408, 58.431999999999995, 58.51, 58.784000000000006, 59.132, 59.226, 58.955999999999996, 59.321999999999996, 59.404, 59.838, 59.48, 59.994, 60.038000000000004, 59.958, 60.007999999999996, 60.55199999999999, 60.536, 60.918000000000006, 61.050000000000004, 61.556, 61.44, 61.019999999999996, 61.370000000000005, 61.42999999999999, 61.832, 61.586, 61.572, 61.818, 61.92999999999999, 62.456, 62.208, 62.304, 62.90599999999999, 62.608, 63.18, 63.146, 62.904, 63.768, 63.742, 63.27199999999999, 64.068, 63.896, 63.839999999999996, 63.83, 64.104, 64.57000000000001, 64.268, 65.12, 65.206, 64.976, 64.902, 65.01599999999999, 65.022, 65.2, 65.792, 65.582, 65.452, 65.33, 65.934, 66.338, 66.658, 66.51, 66.422, 66.63799999999999, 66.548, 66.646, 67.086, 67.096, 67.472, 67.12, 67.22200000000001, 67.702, 67.596, 67.994, 68.02, 67.96, 67.874, 68.006, 68.304, 68.44200000000001, 68.502, 68.83, 69.05799999999999, 68.734, 69.024, 69.07600000000001, 69.536, 69.542, 68.91199999999999, 69.234], [72.32, 73.18, 73.99, 74.19200000000001, 74.466, 74.752, 75.058, 75.13, 75.256, 75.724, 75.646, 76.066, 76.372, 76.2, 76.358, 76.444, 76.242, 76.98, 77.256, 77.46600000000001, 77.648, 77.47, 77.824, 78.056, 78.38199999999999, 78.4, 78.252, 78.422, 78.608, 78.79599999999999, 78.85, 78.64, 79.094, 79.196, 79.51599999999999, 79.592, 79.982, 79.796, 80.47800000000001, 80.592, 80.626, 80.73599999999999, 80.596, 80.878, 80.986, 81.328, 81.298, 81.438, 81.492, 81.61, 81.916, 81.908, 82.376, 82.45, 82.55, 82.524, 82.77799999999999, 82.69, 82.89800000000001, 83.158, 83.154, 83.60600000000001, 83.55799999999999, 83.792, 83.76599999999999, 83.70400000000001, 83.684, 84.146, 84.116, 84.442, 84.358, 84.724, 84.71, 84.78, 85.128, 84.88, 85.024, 85.098, 85.136, 85.016, 85.248, 85.53399999999999, 85.328, 85.416, 85.688, 85.79, 85.652, 86.18, 86.41799999999999, 86.182, 86.128, 86.33800000000001, 86.59599999999999, 86.502, 86.378, 86.458, 86.42800000000001, 86.534, 86.97, 87.07000000000001], [50.971999999999994, 50.696, 50.226000000000006, 50.316, 50.16199999999999, 50.058, 50.022, 49.96, 50.076, 50.2, 49.962, 49.918, 49.9, 50.054, 49.962, 49.828, 50.163999999999994, 49.826, 50.004000000000005, 49.97, 49.532, 49.662, 50.014, 49.41, 49.492000000000004, 49.756, 49.730000000000004, 49.726, 50.168, 49.998, 49.618, 49.922, 49.89, 49.724000000000004, 49.796, 49.692, 49.498, 50.058, 49.612, 49.734, 49.496, 50.09400000000001, 49.712, 50.02799999999999, 50.09400000000001, 49.852000000000004, 50.13999999999999, 49.72, 49.626, 49.803999999999995, 49.636, 49.984, 49.594, 49.534, 49.738, 49.846000000000004, 49.29, 49.669999999999995, 50.104000000000006, 49.436, 49.836000000000006, 49.536, 49.696, 49.762, 50.029999999999994, 50.178, 49.65, 49.694, 49.816, 49.32, 49.6, 49.768, 49.944, 49.968, 49.772, 49.68, 49.462, 49.66, 49.76, 50.06, 49.794, 49.746, 49.559999999999995, 49.76, 49.55, 49.91, 49.606, 49.986000000000004, 49.9, 49.902, 49.862, 49.666, 49.69, 49.63, 49.556, 49.278, 49.068, 49.425999999999995, 49.74, 49.894], [67.958, 68.228, 67.35600000000001, 68.036, 67.96600000000001, 67.636, 67.584, 67.402, 67.378, 67.212, 67.624, 67.35, 66.904, 67.402, 67.33, 67.182, 67.498, 67.17999999999999, 67.106, 67.206, 66.99000000000001, 66.932, 67.144, 66.702, 66.896, 66.89399999999999, 66.88199999999999, 66.852, 66.818, 66.974, 67.19000000000001, 67.22399999999999, 67.204, 67.488, 67.092, 67.08, 66.74799999999999, 66.872, 66.44200000000001, 66.782, 66.826, 67.13, 67.22200000000001, 66.938, 66.51, 66.534, 66.752, 66.878, 66.846, 67.104, 67.226, 67.186, 67.25999999999999, 66.83200000000001, 66.474, 67.06800000000001, 66.69, 66.73599999999999, 66.584, 66.91, 66.73400000000001, 66.456, 66.634, 66.61200000000001, 66.49199999999999, 66.88, 66.648, 66.482, 66.826, 66.93599999999999, 67.21000000000001, 66.902, 67.044, 66.83, 66.574, 66.852, 66.482, 66.896, 66.932, 66.582, 66.84, 66.792, 66.64, 66.61, 66.586, 66.514, 66.60199999999999, 67.062, 66.47999999999999, 66.228, 66.756, 66.878, 67.04599999999999, 66.424, 66.634, 66.512, 67.082, 66.27199999999999, 66.562, 66.658]]
Total Delta Gamma: [1.47474512 1.28448485 1.4430063  1.70943428 1.00925424 0.92657986
 1.74150336 0.83216451 1.50575106 1.58070323]
Total Delta R: [0.98208607 1.17233621 1.20729924 1.32405865 1.22878249 1.04762349
 1.05799945 1.03983921 1.00437591 1.32169251]
