Complexity increased keeping gamma very unbalanced, and increasing K (K=2)
==================================================

N (neurons): 3
K (states): 2
T (time steps): 100000
Seed: None
Number of repetitions: 10

Initialization of parameters for HMM:
Pi: [1 0]
Gamma: [[0.9 0.1]
 [0.1 0.9]]
R: [[0.5 0. ]
 [0.  0.5]
 [0.5 0. ]
 [0.  0.5]]

Generated data:
Generated firings (y): [2 2 2 0 2 0 0 0 2 3 3 0 2 0 0 3 3 1 3 1 1 1 1 3 1 1 1 1 3 3 1 3 3 3 1 1 1
 1 1 3 1 3 1 1 0 2 1 3 1 3 1 3 3 3 0 2 0 0 2 2 2 1 1 3 3 3 1 3 3 0 0 2 3 1
 3 3 3 3 3 1 1 3 2 0 0 1 1 0 2 1 1 1 1 3 1 1 2 0 0 0]... (showing first 100 entries)
Generated states (z): [0 0 0 0 0 0 0 0 0 1 1 0 0 0 0 1 1 1 1 1 1 1 1 1 1 1 1 1 1 1 1 1 1 1 1 1 1
 1 1 1 1 1 1 1 0 0 1 1 1 1 1 1 1 1 0 0 0 0 0 0 0 1 1 1 1 1 1 1 1 0 0 0 1 1
 1 1 1 1 1 1 1 1 0 0 0 1 1 0 0 1 1 1 1 1 1 1 0 0 0 0]... (showing first 100 entries)

Estimated parameters:
Estimated Pi: [array([0.06333452, 0.93666548]), array([0.38504813, 0.61495187]), array([0.36611262, 0.63388738]), array([0.90008535, 0.09991465]), array([0.5327509, 0.4672491]), array([0.75308156, 0.24691844]), array([0.73506291, 0.26493709]), array([0.27355466, 0.72644534]), array([0.98332013, 0.01667987]), array([0.73112314, 0.26887686])]
Estimated Gamma: [array([[0.84926161, 0.15073839],
       [0.18087037, 0.81912963]]), array([[0.50322016, 0.49677984],
       [0.2783632 , 0.7216368 ]]), array([[0.80682753, 0.19317247],
       [0.84093275, 0.15906725]]), array([[0.91241277, 0.08758723],
       [0.14286764, 0.85713236]]), array([[0.63506187, 0.36493813],
       [0.70939298, 0.29060702]]), array([[0.34537633, 0.65462367],
       [0.47824357, 0.52175643]]), array([[0.87532067, 0.12467933],
       [0.11278951, 0.88721049]]), array([[0.73291899, 0.26708101],
       [0.63222617, 0.36777383]]), array([[0.89854368, 0.10145632],
       [0.10153663, 0.89846337]]), array([[0.61938332, 0.38061668],
       [0.31216087, 0.68783913]])]
Estimated R: [array([[0.11479527, 0.41674246],
       [0.45234064, 0.010997  ],
       [0.01291776, 0.53239702],
       [0.41994633, 0.03986353]]), array([[0.15375929, 0.30726117],
       [0.63601526, 0.03596454],
       [0.12788438, 0.31671088],
       [0.08234107, 0.3400634 ]]), array([[0.23781899, 0.31605157],
       [0.30542508, 0.01169323],
       [0.22865477, 0.33714754],
       [0.22810116, 0.33510767]]), array([[0.39295836, 0.02232232],
       [0.1079751 , 0.4853242 ],
       [0.39565163, 0.01099503],
       [0.10341491, 0.48135844]]), array([[0.13895825, 0.47213953],
       [0.20737749, 0.33578831],
       [0.28949749, 0.17121801],
       [0.36416677, 0.02085415]]), array([[0.19995867, 0.28981111],
       [0.23132273, 0.26627284],
       [0.32854029, 0.19099854],
       [0.24017831, 0.25291751]]), array([[0.44519758, 0.07768984],
       [0.00843001, 0.46907082],
       [0.51965996, 0.00544605],
       [0.02671245, 0.44779329]]), array([[0.20572843, 0.36225304],
       [0.35227618, 0.01196734],
       [0.21835138, 0.32367242],
       [0.22364402, 0.3021072 ]]), array([[0.49443088, 0.00873422],
       [0.009216  , 0.49362113],
       [0.47881842, 0.01860079],
       [0.0175347 , 0.47904386]]), array([[0.47898404, 0.06553072],
       [0.19867641, 0.2933447 ],
       [0.28483558, 0.22001998],
       [0.03750397, 0.4211046 ]])]

