Complexity increased keeping gamma very unbalanced, and increasing K and N (K=6, N=7)
==================================================

N (neurons): 7
K (states): 6
T (time steps): 100000
Seed: None
Number of repetitions: 10

Initialization of parameters for HMM:
Pi: [1 0 0 0 0 0]
Gamma: [[0.75 0.05 0.05 0.05 0.05 0.05]
 [0.05 0.75 0.05 0.05 0.05 0.05]
 [0.05 0.05 0.75 0.05 0.05 0.05]
 [0.05 0.05 0.05 0.75 0.05 0.05]
 [0.05 0.05 0.05 0.05 0.75 0.05]
 [0.05 0.05 0.05 0.05 0.05 0.75]]
R: [[0.5 0.  0.  0.  0.  0. ]
 [0.  0.5 0.  0.  0.  0. ]
 [0.5 0.  0.5 0.  0.  0. ]
 [0.  0.5 0.  0.5 0.  0. ]
 [0.  0.  0.5 0.  0.5 0. ]
 [0.  0.  0.  0.5 0.  0.5]
 [0.  0.  0.  0.  0.5 0. ]
 [0.  0.  0.  0.  0.  0.5]]

Generated data:
Generated firings (y): [2 2 2 0 0 0 6 4 6 6 6 7 7 5 4 6 0 3 3 2 2 2 2 2 0 0 0 2 2 0 3 0 0 6 6 6 0
 0 0 0 2 0 0 2 2 0 7 7 7 6 6 6 4 6 1 3 3 1 1 1 1 1 6 3 3 3 5 7 7 5 0 0 3 2
 2 4 4 2 1 1 7 7 7 5 7 7 2 2 2 0 0 0 0 0 0 3 2 2 4 4]... (showing first 100 entries)
Generated states (z): [0 0 0 0 0 0 4 4 4 4 4 5 5 5 4 4 0 1 1 0 0 0 0 0 0 0 0 0 0 0 3 0 0 4 4 4 0
 0 0 0 0 0 0 0 0 0 5 5 5 4 4 4 4 4 1 1 1 1 1 1 1 1 4 3 3 3 5 5 5 5 0 0 3 2
 2 4 2 2 1 1 5 5 5 5 5 5 0 0 0 0 0 0 0 0 0 1 2 2 2 2]... (showing first 100 entries)

Estimated parameters:
Estimated Pi: [array([5.04159092e-61, 1.00000000e+00, 1.06623263e-93, 6.53144644e-57,
       7.93285304e-73, 3.46638725e-58]), array([1.00000000e+000, 9.21158080e-118, 6.67786902e-096, 6.29660536e-017,
       2.17831322e-051, 2.03719676e-076]), array([5.34241885e-78, 7.10094892e-38, 9.99998128e-01, 1.87228411e-06,
       1.01179978e-63, 9.36009612e-47]), array([9.99999994e-01, 5.92430487e-09, 2.05859659e-65, 1.35260037e-99,
       1.47992659e-74, 8.42104607e-71]), array([5.44758474e-31, 2.79140178e-88, 3.92904462e-02, 9.60709554e-01,
       2.23524679e-67, 8.31564241e-77]), array([9.69290828e-106, 4.98262446e-055, 1.86572049e-113, 1.00000000e+000,
       3.32937779e-066, 1.28070960e-046]), array([1.09269734e-51, 5.27463350e-95, 4.41180879e-35, 3.08463782e-63,
       9.99999995e-01, 5.24247129e-09]), array([9.99992787e-001, 7.50641688e-101, 7.21287077e-006, 2.39738696e-032,
       1.09157378e-025, 1.27149253e-058]), array([5.97166615e-01, 3.69648245e-55, 1.15935053e-02, 3.99435933e-63,
       3.91239880e-01, 8.04744196e-30]), array([2.68128275e-08, 2.21013725e-24, 1.25859529e-19, 5.96964913e-68,
       1.02196386e-06, 9.99998951e-01])]
Estimated Gamma: [array([[5.02004158e-01, 2.69273258e-02, 4.19559560e-02, 6.10750298e-03,
        8.57372830e-03, 3.47561150e-01],
       [1.97300910e-02, 7.52756840e-01, 7.57685251e-02, 1.18481733e-01,
        8.69363534e-03, 1.37859043e-01],
       [4.45548047e-02, 7.53899321e-02, 7.52536141e-01, 7.11560937e-02,
        6.76515778e-02, 8.29558411e-02],
       [5.75927222e-02, 3.97950020e-02, 6.52211770e-02, 4.46294094e-02,
        7.14075434e-01, 3.30795525e-02],
       [1.67761961e-04, 3.54604442e-02, 3.07723790e-02, 6.88691093e-01,
        1.44141802e-01, 4.39088270e-02],
       [3.75950462e-01, 6.96704565e-02, 3.37458218e-02, 7.09341684e-02,
        5.68638223e-02, 3.54635587e-01]]), array([[0.78490528, 0.05370191, 0.06667322, 0.09639063, 0.04182905,
        0.03823409],
       [0.0683476 , 0.7450129 , 0.05958227, 0.0532933 , 0.05765133,
        0.03368839],
       [0.03229514, 0.09039517, 0.13159511, 0.07720882, 0.04909091,
        0.56445697],
       [0.01836836, 0.04375499, 0.00596157, 0.70882352, 0.05455196,
        0.07679227],
       [0.04841739, 0.04848323, 0.06675899, 0.05143696, 0.76491747,
        0.03378308],
       [0.04766622, 0.0186518 , 0.66942884, 0.01284678, 0.03195927,
        0.25304519]]), array([[0.77127147, 0.02497892, 0.04515548, 0.07978525, 0.07202442,
        0.08597894],
       [0.02288256, 0.03166534, 0.03246045, 0.06482179, 0.05930508,
        0.70188048],
       [0.02677097, 0.08173358, 0.06315073, 0.73845888, 0.02906571,
        0.03525919],
       [0.05472477, 0.02567361, 0.73459085, 0.02799777, 0.05696583,
        0.02776255],
       [0.08528645, 0.13847061, 0.09427422, 0.06460525, 0.7766041 ,
        0.00414067],
       [0.03906377, 0.69747794, 0.03036826, 0.02433106, 0.00603487,
        0.14497817]]), array([[0.73593737, 0.03529557, 0.05039742, 0.0568759 , 0.03527484,
        0.04633607],
       [0.06314505, 0.79434454, 0.05272687, 0.03129476, 0.06849699,
        0.06992723],
       [0.0560833 , 0.05253576, 0.73131292, 0.03425594, 0.05597514,
        0.0510503 ],
       [0.04761765, 0.03938434, 0.03402506, 0.42412425, 0.42232015,
        0.04167345],
       [0.04864325, 0.04322162, 0.08433171, 0.40513009, 0.37649194,
        0.04792403],
       [0.04857338, 0.03521817, 0.04720602, 0.04831906, 0.04144094,
        0.74308893]]), array([[0.39469995, 0.15558227, 0.31264072, 0.0195771 , 0.0600913 ,
        0.00978294],
       [0.44565463, 0.63385116, 0.01873647, 0.00069156, 0.00645849,
        0.06550377],
       [0.00101546, 0.03057642, 0.14702122, 0.50531009, 0.04428924,
        0.0546585 ],
       [0.04750928, 0.03106622, 0.41127712, 0.31209103, 0.03175613,
        0.02302796],
       [0.09676147, 0.01297601, 0.07014574, 0.07992267, 0.29878942,
        0.54983692],
       [0.01435921, 0.13594792, 0.04017872, 0.08240754, 0.55861541,
        0.29718991]]), array([[0.61691903, 0.00941329, 0.00160277, 0.02892833, 0.07657612,
        0.02840422],
       [0.00751904, 0.61467629, 0.00322525, 0.02191745, 0.5501546 ,
        0.02554325],
       [0.02416014, 0.10443398, 0.73954824, 0.04191387, 0.02793537,
        0.03950052],
       [0.08306985, 0.10776102, 0.07337771, 0.77653548, 0.04490687,
        0.08105842],
       [0.20906982, 0.10552237, 0.12246448, 0.05923891, 0.23297783,
        0.04791219],
       [0.05926212, 0.05819304, 0.05978155, 0.07146596, 0.06744921,
        0.7775814 ]]), array([[0.42459674, 0.04235587, 0.4012126 , 0.03642127, 0.01838949,
        0.00157274],
       [0.10805687, 0.77381456, 0.02259301, 0.08096954, 0.0609083 ,
        0.10145879],
       [0.35922232, 0.02274835, 0.37040331, 0.02879288, 0.06990591,
        0.08667023],
       [0.088521  , 0.07483004, 0.03059341, 0.77530826, 0.06496827,
        0.07078647],
       [0.01604386, 0.03882527, 0.13111492, 0.04253018, 0.28067668,
        0.44737787],
       [0.00355921, 0.0474259 , 0.04408274, 0.03597787, 0.50515134,
        0.2921339 ]]), array([[0.23534539, 0.00627332, 0.60302455, 0.01503684, 0.03279886,
        0.08801997],
       [0.02285734, 0.22661848, 0.04073797, 0.07078942, 0.01809999,
        0.61471429],
       [0.50575102, 0.05068319, 0.26017034, 0.07657524, 0.07094349,
        0.03291407],
       [0.07650707, 0.07230019, 0.02349837, 0.7563713 , 0.05220581,
        0.03914304],
       [0.08621339, 0.01041847, 0.02807167, 0.0530806 , 0.75342431,
        0.09623915],
       [0.07332579, 0.63370635, 0.0444971 , 0.02814661, 0.07252754,
        0.12896949]]), array([[4.12561539e-01, 2.76152404e-02, 2.68731547e-02, 2.44984887e-02,
        5.50039127e-01, 3.94903727e-04],
       [3.58747328e-02, 6.55348768e-01, 1.18292206e-02, 3.51932745e-02,
        1.78654937e-02, 1.13260769e-01],
       [2.47107064e-01, 1.42973680e-02, 7.35148363e-02, 2.83932134e-02,
        1.94049899e-01, 2.87876239e-01],
       [1.56998114e-01, 1.26356504e-01, 7.94638123e-02, 8.48369591e-01,
        1.51086502e-01, 1.26030120e-01],
       [1.40483540e-01, 2.11565121e-03, 5.86456791e-01, 3.10677684e-02,
        3.32064872e-02, 4.03289857e-02],
       [6.97500942e-03, 1.74266469e-01, 2.21862185e-01, 3.24776638e-02,
        5.37524910e-02, 4.32108983e-01]]), array([[0.22093677, 0.01024194, 0.19477562, 0.07143919, 0.11865153,
        0.11190307],
       [0.04767199, 0.75663587, 0.05901181, 0.07294988, 0.0762187 ,
        0.01307835],
       [0.51371861, 0.06968182, 0.464727  , 0.01536627, 0.00313362,
        0.0348312 ],
       [0.09278281, 0.08004397, 0.03800123, 0.76455802, 0.05355535,
        0.09114872],
       [0.00643784, 0.02503424, 0.0034829 , 0.04003461, 0.64881282,
        0.6130473 ],
       [0.11845196, 0.05836218, 0.24000143, 0.03565203, 0.09962799,
        0.13599137]])]
Estimated R: [array([[1.03825727e-07, 3.16723744e-01, 3.90422568e-04, 2.18461791e-03,
        3.50090742e-04, 5.95985978e-05],
       [1.24547204e-03, 4.60860134e-04, 3.06348345e-01, 1.52346222e-05,
        1.44313339e-06, 1.75072608e-03],
       [8.22018667e-02, 5.78436027e-01, 2.02656794e-04, 2.95412372e-03,
        2.26445013e-04, 9.03252440e-02],
       [4.02781987e-05, 2.80081118e-04, 5.62520467e-01, 1.22659586e-01,
        2.19044782e-02, 8.04495661e-03],
       [4.67183977e-01, 1.03513607e-01, 1.41735442e-05, 7.23645174e-04,
        7.76256173e-05, 6.67925362e-01],
       [8.86498510e-08, 5.70875521e-04, 1.30057378e-01, 5.01897975e-01,
        6.35236688e-01, 6.42535818e-03],
       [4.49328007e-01, 1.98153254e-07, 4.64141761e-04, 3.59753585e-04,
        1.70580013e-04, 2.23833710e-01],
       [2.06030677e-07, 1.46072644e-05, 2.41497972e-06, 3.69205064e-01,
        3.42032650e-01, 1.63504421e-03]]), array([[4.96819428e-01, 5.98748419e-04, 1.75978777e-04, 2.24600155e-03,
        8.26717194e-04, 5.28968512e-04],
       [1.85514612e-05, 2.26707698e-01, 8.95620221e-02, 1.91854642e-03,
        7.38578404e-04, 8.77403741e-02],
       [4.96815311e-01, 2.83012947e-05, 1.13984092e-04, 5.03830117e-01,
        1.43827886e-03, 4.11142563e-04],
       [9.20239944e-04, 5.50262340e-01, 1.18883977e-01, 2.92904213e-03,
        3.03306189e-04, 4.30742787e-02],
       [4.68776812e-03, 9.90258061e-04, 7.39801332e-04, 4.83153516e-01,
        5.02554630e-01, 1.22604294e-03],
       [7.18957154e-04, 2.20660635e-01, 4.43171599e-01, 2.18174730e-03,
        6.20707616e-06, 4.92281437e-01],
       [4.94995253e-06, 7.45897171e-04, 1.27119866e-04, 2.79365699e-03,
        4.94116179e-01, 7.77679069e-07],
       [1.47935584e-05, 6.12238060e-06, 3.47225519e-01, 9.47372662e-04,
        1.61033099e-05, 3.74736979e-01]]), array([[3.06817258e-04, 3.80187693e-06, 2.65355813e-01, 2.93550444e-01,
        5.67156040e-04, 6.76562329e-07],
       [1.03989960e-06, 6.09809905e-03, 4.58411186e-04, 7.36034214e-04,
        2.80612280e-01, 6.80748225e-06],
       [1.12467395e-04, 4.77533719e-02, 5.87335260e-01, 5.18462960e-01,
        1.08140557e-03, 3.76530610e-02],
       [3.72176481e-02, 1.04866664e-02, 1.23464772e-03, 1.61210053e-03,
        5.47739296e-01, 8.03395470e-04],
       [1.42234725e-04, 5.65595702e-01, 1.45023963e-01, 1.82608920e-01,
        1.41408834e-05, 5.60215159e-01],
       [5.64246958e-01, 5.28486470e-03, 4.67965888e-04, 1.54536947e-03,
        1.69868623e-01, 1.24356615e-03],
       [1.08597549e-03, 3.64616796e-01, 1.74139905e-05, 7.51691114e-07,
        3.10383189e-05, 3.98502416e-01],
       [3.96886859e-01, 1.60697925e-04, 1.06525933e-04, 1.48341913e-03,
        8.60599619e-05, 1.57491843e-03]]), array([[4.84949142e-01, 1.10833510e-03, 2.65734230e-04, 1.04228696e-04,
        1.48179295e-03, 2.84387293e-04],
       [6.50571700e-04, 3.10254914e-04, 4.16604887e-01, 1.40918054e-05,
        7.13399316e-04, 1.23164286e-03],
       [5.09298407e-01, 5.00551435e-01, 7.39873289e-04, 1.73566422e-05,
        5.62805638e-04, 8.61378967e-04],
       [1.74514134e-03, 5.38272977e-04, 5.50286565e-01, 4.93244351e-02,
        3.44258272e-01, 1.74463453e-03],
       [1.76305118e-03, 4.93658412e-01, 6.96384724e-04, 2.55243116e-04,
        2.39197534e-03, 5.07785569e-01],
       [1.14115877e-03, 2.40688567e-03, 3.11079579e-02, 7.03574394e-01,
        3.50844678e-01, 5.61837925e-04],
       [4.03471965e-04, 1.09219204e-03, 2.96917519e-04, 5.13679855e-04,
        7.63722816e-04, 4.87414765e-01],
       [4.90561021e-05, 3.34212174e-04, 1.68010066e-06, 2.46196571e-01,
        2.98983353e-01, 1.15784551e-04]]), array([[4.07847837e-05, 8.00535408e-07, 2.61424351e-01, 3.07116235e-01,
        1.53908060e-03, 9.99287075e-07],
       [3.14490810e-03, 3.09478962e-04, 1.27001542e-03, 1.26763979e-04,
        1.27084632e-01, 1.99474571e-01],
       [1.21138997e-01, 5.08509096e-04, 5.53190247e-01, 5.64089203e-01,
        1.74236971e-03, 7.41097866e-04],
       [7.82041820e-03, 3.48441220e-04, 1.54934677e-03, 1.04099877e-04,
        4.11515254e-01, 2.59005708e-01],
       [6.43148782e-01, 5.11714926e-01, 1.81994507e-01, 1.27356887e-01,
        5.09126617e-04, 1.51325103e-06],
       [5.57835806e-03, 1.36062412e-04, 2.68844393e-04, 1.19163581e-03,
        2.49253467e-01, 4.17575273e-01],
       [2.16318181e-01, 4.86488806e-01, 1.76989311e-05, 9.28038904e-07,
        1.18926499e-05, 1.71983860e-04],
       [2.80957085e-03, 4.92976493e-04, 2.84989869e-04, 1.42475306e-05,
        2.08344178e-01, 1.23028853e-01]]), array([[8.60767582e-06, 1.55037559e-03, 3.89047968e-06, 2.83376230e-01,
        3.63868287e-03, 2.87443525e-07],
       [5.14001449e-01, 1.57705649e-04, 1.41194662e-08, 6.40195649e-04,
        7.62630242e-02, 1.16002249e-03],
       [8.13878854e-06, 1.89157385e-03, 1.82457420e-06, 5.55033464e-01,
        5.67252426e-03, 5.05256064e-02],
       [4.85911756e-01, 4.62243489e-01, 1.18971523e-04, 4.53032051e-04,
        5.28488405e-01, 6.61909580e-04],
       [2.81639173e-06, 2.08161244e-03, 6.90290271e-05, 1.59110659e-01,
        4.43856431e-03, 5.67342604e-01],
       [6.15890885e-05, 5.26872756e-01, 4.98951142e-01, 9.04314013e-05,
        3.52728712e-01, 4.70386795e-06],
       [5.29096637e-06, 5.18995011e-04, 1.38670822e-04, 1.38148811e-06,
        2.89798673e-03, 3.79095819e-01],
       [3.51724273e-07, 4.68349273e-03, 5.00716457e-01, 1.29460677e-03,
        2.58721006e-02, 1.20904708e-03]]), array([[2.19278013e-06, 3.06135789e-05, 1.39550333e-04, 6.97017483e-04,
        2.12607852e-01, 3.68647914e-01],
       [1.50966899e-03, 3.04249913e-01, 4.90619832e-04, 5.35230596e-06,
        2.86437965e-04, 1.23048170e-03],
       [2.57820501e-02, 5.88479686e-05, 7.23714967e-02, 2.87984225e-04,
        7.47441611e-01, 3.88933212e-01],
       [4.47209490e-03, 5.59938781e-01, 1.82842203e-05, 7.28275179e-02,
        1.46596601e-03, 1.52688208e-03],
       [4.79573615e-01, 2.58316381e-06, 6.84123582e-01, 1.50597629e-03,
        3.42519869e-02, 2.37839165e-01],
       [1.41398547e-03, 1.35709370e-01, 7.68780163e-05, 5.65523352e-01,
        3.18759963e-03, 1.23033156e-03],
       [4.86529613e-01, 8.66471511e-07, 2.42662068e-01, 3.76295225e-04,
        6.59066658e-07, 2.15733026e-06],
       [7.16779371e-04, 9.02496810e-06, 1.17520759e-04, 3.58776505e-01,
        7.57887468e-04, 5.89856185e-04]]), array([[2.15599746e-01, 4.62976578e-04, 3.11810283e-01, 1.60025899e-03,
        3.19802943e-07, 1.88433749e-06],
       [2.28399289e-03, 2.10122676e-04, 1.08952052e-03, 4.42978330e-01,
        1.92810815e-04, 2.54666240e-03],
       [6.51649068e-01, 2.28117952e-06, 4.30203815e-01, 2.38785718e-03,
        2.02101698e-02, 3.83290791e-04],
       [4.64540620e-03, 2.25915483e-01, 1.05622017e-03, 5.45749402e-01,
        1.69133465e-05, 1.97337095e-01],
       [1.20212325e-01, 3.09312475e-05, 2.54551255e-01, 2.03612653e-03,
        5.63686065e-01, 4.07164016e-03],
       [3.56171062e-03, 5.11198371e-01, 5.62186090e-04, 4.38057747e-03,
        6.05536686e-06, 5.34410612e-01],
       [9.16743031e-04, 8.80758004e-06, 6.08872343e-04, 8.66826200e-04,
        4.15875007e-01, 2.51020813e-03],
       [1.13100723e-03, 2.62171027e-01, 1.17848390e-04, 6.21933549e-07,
        1.26591699e-05, 2.58738608e-01]]), array([[5.81636263e-01, 6.04368515e-06, 9.36033242e-02, 5.91912301e-04,
        2.53121246e-01, 3.42407904e-06],
       [3.97653457e-04, 4.69801804e-04, 2.49491810e-03, 1.63372132e-01,
        9.00918853e-04, 2.39199899e-03],
       [3.78748340e-01, 1.56154453e-03, 7.88605772e-01, 8.74084681e-04,
        6.59049199e-01, 1.10017982e-01],
       [2.55462278e-03, 7.36626673e-04, 1.48035705e-03, 3.34885569e-01,
        8.29172882e-04, 4.63363417e-03],
       [3.58058540e-02, 4.04564091e-01, 1.06392128e-01, 5.60437480e-04,
        8.19411005e-02, 8.31519347e-01],
       [2.70055458e-04, 6.58801489e-04, 5.83049003e-03, 3.33755043e-01,
        3.27220751e-03, 1.34661001e-03],
       [1.76352048e-05, 5.91988582e-01, 7.64849679e-04, 5.94260403e-04,
        8.28070233e-05, 4.78557463e-02],
       [5.69576366e-04, 1.45088000e-05, 8.28161323e-04, 1.65366561e-01,
        8.03347698e-04, 2.23125821e-03]]), array([[2.64104716e-01, 1.13965963e-06, 4.42057656e-01, 1.03176281e-05,
        6.39695627e-03, 2.92050152e-02],
       [2.50719892e-02, 2.94886701e-04, 1.04892854e-03, 3.86078524e-05,
        5.03666217e-01, 2.50654440e-01],
       [5.28126615e-01, 1.64649059e-01, 4.21363768e-01, 1.30907715e-06,
        1.28184609e-02, 2.97223826e-01],
       [1.24525721e-01, 2.76013325e-04, 9.12501721e-03, 2.18911905e-01,
        4.71348968e-01, 4.17775468e-01],
       [2.05848646e-02, 5.40389913e-01, 1.16329555e-01, 1.13705098e-04,
        4.92010504e-03, 1.53982113e-03],
       [3.70248598e-02, 5.66578987e-04, 8.38551066e-03, 5.17554234e-01,
        3.74821528e-04, 2.40019285e-03],
       [2.74992594e-04, 2.92975292e-01, 5.35985287e-04, 8.23390944e-04,
        1.34121136e-04, 7.88250633e-04],
       [2.86241870e-04, 8.47117731e-04, 1.15357975e-03, 2.62546531e-01,
        3.40350598e-04, 4.12987195e-04]])]

Total NMI: [[np.float64(0.3429826418222084), np.float64(0.39590984913524224), np.float64(0.49592975572595294), np.float64(0.5186958340672613), np.float64(0.5422078835656363), np.float64(0.551847278932076), np.float64(0.570187347058865), np.float64(0.5906967943465015), np.float64(0.6106670553449757), np.float64(0.6324125311357728), np.float64(0.6461178616056774), np.float64(0.6558107814195504), np.float64(0.6559374886038385), np.float64(0.6583491297130615), np.float64(0.6557282740456648), np.float64(0.6580536500646366), np.float64(0.6578702214996685), np.float64(0.6580883005630732), np.float64(0.6587635508483172), np.float64(0.6581729499567489), np.float64(0.658647048871941), np.float64(0.6595483907959653), np.float64(0.6581752852993392), np.float64(0.6592946466610559), np.float64(0.6572533805647952)], [np.float64(0.3562740360480496), np.float64(0.3652135633570889), np.float64(0.3821246219721615), np.float64(0.3931039736595604), np.float64(0.45901609688574463), np.float64(0.48111653884398226), np.float64(0.4959257307947422), np.float64(0.5147174452756077), np.float64(0.5352480667060107), np.float64(0.5614063020086031), np.float64(0.5782818859701611), np.float64(0.586947429070106), np.float64(0.6012648814911075), np.float64(0.6088763081900482), np.float64(0.623354655106116), np.float64(0.6329886374647689), np.float64(0.6486631175962192), np.float64(0.6542280201585177), np.float64(0.6675974154848681), np.float64(0.6717889093879125), np.float64(0.6770803364677136), np.float64(0.6829929242241841), np.float64(0.6919757197613936), np.float64(0.7049838790602371), np.float64(0.7301203696387294)], [np.float64(0.18333738298712363), np.float64(0.22122485941392), np.float64(0.2501910272794267), np.float64(0.2683023011230374), np.float64(0.2884805005284871), np.float64(0.30911518947733324), np.float64(0.3421227873180228), np.float64(0.36442111198882504), np.float64(0.4166559756954915), np.float64(0.439276782233002), np.float64(0.4670632179299614), np.float64(0.48168905788290844), np.float64(0.5077994074335935), np.float64(0.5402178669530262), np.float64(0.5837064929984024), np.float64(0.6195917804071551), np.float64(0.630891737827552), np.float64(0.6355880669225534), np.float64(0.6390246109932615), np.float64(0.6404739867552514), np.float64(0.6409655261970227), np.float64(0.6427160880428094), np.float64(0.6430977160302389), np.float64(0.6438437403609568), np.float64(0.6442422620337286)], [np.float64(0.37812384655262415), np.float64(0.380745603743538), np.float64(0.4195629788334891), np.float64(0.42206710334505687), np.float64(0.43665166788469245), np.float64(0.4564382069002094), np.float64(0.49765189228364587), np.float64(0.5211363109318845), np.float64(0.5715457178677503), np.float64(0.6077621868847312), np.float64(0.6497967958534803), np.float64(0.6730273003226591), np.float64(0.6949019162499619), np.float64(0.7066303781164253), np.float64(0.7122307001086696), np.float64(0.7160583543489877), np.float64(0.7191284767405273), np.float64(0.7227787058551188), np.float64(0.723900492815071), np.float64(0.7250311474709951), np.float64(0.7263735341130584), np.float64(0.7280992231488602), np.float64(0.728791162755564), np.float64(0.7291923997780021), np.float64(0.7298341791300542)], [np.float64(0.22502470621158854), np.float64(0.24097576222185169), np.float64(0.25625527381308716), np.float64(0.2816353309798205), np.float64(0.3207111673061392), np.float64(0.35193747098358125), np.float64(0.3770751908607246), np.float64(0.39373203087656783), np.float64(0.42150117858786146), np.float64(0.45162826913557813), np.float64(0.48217146044241754), np.float64(0.5021313231752685), np.float64(0.5203417373845014), np.float64(0.5226594041634772), np.float64(0.5285596131873211), np.float64(0.5282178490852871), np.float64(0.5323447868286907), np.float64(0.531751033165711), np.float64(0.5359501429811958), np.float64(0.5356983244274544), np.float64(0.5382673818739294), np.float64(0.5401234441106982), np.float64(0.541155828974299), np.float64(0.5438119675533831), np.float64(0.5453729398723701)], [np.float64(0.4703091737079041), np.float64(0.45689566060752246), np.float64(0.5075432277026423), np.float64(0.5751025144416362), np.float64(0.5912650625575256), np.float64(0.5983962723060061), np.float64(0.620542695353553), np.float64(0.630616571293601), np.float64(0.6323624704126882), np.float64(0.6448025435344183), np.float64(0.6485758696159012), np.float64(0.6604299461680886), np.float64(0.6595446714083402), np.float64(0.667520553337823), np.float64(0.6689582684266714), np.float64(0.6774544977827316), np.float64(0.6833276501898162), np.float64(0.6955232543791015), np.float64(0.7012360365177013), np.float64(0.7159721619811217), np.float64(0.7190146883744021), np.float64(0.7306816295312982), np.float64(0.7281856467331568), np.float64(0.7353116047476662), np.float64(0.7338803801454912)], [np.float64(0.39820441422145736), np.float64(0.4157143610117302), np.float64(0.41441522264982295), np.float64(0.39685539190522107), np.float64(0.40950814147978487), np.float64(0.4120344856197207), np.float64(0.42775296646249794), np.float64(0.46397900657319197), np.float64(0.5274914021472993), np.float64(0.5752380056660377), np.float64(0.6050928465519779), np.float64(0.6228769023825471), np.float64(0.6351215261738181), np.float64(0.6382209798916667), np.float64(0.642467064433197), np.float64(0.6451301765862852), np.float64(0.6458192812994454), np.float64(0.6475896660775999), np.float64(0.6488030391437095), np.float64(0.6498889464192091), np.float64(0.650290586445724), np.float64(0.6501822647842976), np.float64(0.6503607659838981), np.float64(0.6503331862325055), np.float64(0.6504466663599129)], [np.float64(0.251962698404872), np.float64(0.302283616251999), np.float64(0.35330620953365366), np.float64(0.3945421969191388), np.float64(0.4052350937912958), np.float64(0.42159797229233187), np.float64(0.4571851509667072), np.float64(0.4887111960417583), np.float64(0.496941473941064), np.float64(0.5129219308768425), np.float64(0.522352692352648), np.float64(0.5318342484431733), np.float64(0.5382032049047156), np.float64(0.5407293909171372), np.float64(0.5504423193672874), np.float64(0.5593062620171095), np.float64(0.5803689579470661), np.float64(0.5984683364117729), np.float64(0.6183623567655184), np.float64(0.6291705215030996), np.float64(0.633726820249999), np.float64(0.6371764592095496), np.float64(0.6394802047698789), np.float64(0.6411275209512916), np.float64(0.6417319846808811)], [np.float64(0.31129793989486654), np.float64(0.370437350689916), np.float64(0.38836222702323947), np.float64(0.40093350204054895), np.float64(0.41842547933986696), np.float64(0.44564784176097316), np.float64(0.47622221436039897), np.float64(0.5162774512564732), np.float64(0.5494422070278341), np.float64(0.5636657925724636), np.float64(0.5747756930823258), np.float64(0.579609846446629), np.float64(0.5882862878518768), np.float64(0.590026057320125), np.float64(0.5948444482114377), np.float64(0.5958855902280374), np.float64(0.6012826339899339), np.float64(0.6032872084430264), np.float64(0.6107347341463792), np.float64(0.611644073495065), np.float64(0.6172338412382269), np.float64(0.6198703473397122), np.float64(0.6264809533463424), np.float64(0.6310909632886367), np.float64(0.6350659787221508)], [np.float64(0.3312261362000779), np.float64(0.4286740779933373), np.float64(0.43747724042907377), np.float64(0.4492045634928075), np.float64(0.43926144542847206), np.float64(0.3988430078645428), np.float64(0.3827217874193824), np.float64(0.3574133137331757), np.float64(0.3665069893722692), np.float64(0.38791777300086355), np.float64(0.42338750226349997), np.float64(0.4406212128191455), np.float64(0.45842033860247167), np.float64(0.4665275915885405), np.float64(0.4792855340029849), np.float64(0.48963808531969083), np.float64(0.5023300886436055), np.float64(0.5087182493635635), np.float64(0.5243911560070169), np.float64(0.5486224027008021), np.float64(0.5803277382955514), np.float64(0.6037975995695519), np.float64(0.6324610820266551), np.float64(0.6512589386568346), np.float64(0.6598204218715333)]]
Total Percentage: [[np.float64(6.075), np.float64(6.59), np.float64(1.8530000000000002), np.float64(1.6209999999999998), np.float64(1.282), np.float64(1.014), np.float64(0.859), np.float64(0.709), np.float64(0.637), np.float64(0.604), np.float64(0.5579999999999999), np.float64(0.752), np.float64(0.922), np.float64(1.212), np.float64(1.481), np.float64(1.699), np.float64(1.847), np.float64(1.9769999999999999), np.float64(2.1), np.float64(2.249), np.float64(2.355), np.float64(2.472), np.float64(2.557), np.float64(2.621), np.float64(2.718)], [np.float64(20.61), np.float64(21.333), np.float64(24.749), np.float64(28.506999999999998), np.float64(36.809999999999995), np.float64(40.11), np.float64(41.274), np.float64(42.534), np.float64(42.905), np.float64(42.974000000000004), np.float64(43.608999999999995), np.float64(44.015), np.float64(44.502), np.float64(44.98), np.float64(45.346), np.float64(45.889), np.float64(45.998), np.float64(46.549), np.float64(46.568), np.float64(47.522), np.float64(48.019), np.float64(50.005), np.float64(51.98500000000001), np.float64(55.177), np.float64(57.29)], [np.float64(13.155), np.float64(16.045), np.float64(17.809), np.float64(17.811), np.float64(15.915000000000001), np.float64(14.145), np.float64(12.42), np.float64(12.516), np.float64(11.874), np.float64(12.47), np.float64(12.177), np.float64(11.103), np.float64(9.555), np.float64(8.068999999999999), np.float64(7.1690000000000005), np.float64(6.627), np.float64(6.404), np.float64(6.162), np.float64(6.194), np.float64(6.082), np.float64(6.184), np.float64(6.122), np.float64(6.223999999999999), np.float64(6.165), np.float64(6.242)], [np.float64(23.902), np.float64(19.24), np.float64(22.681), np.float64(18.172), np.float64(21.059), np.float64(18.658), np.float64(20.604), np.float64(20.381), np.float64(19.433), np.float64(20.157), np.float64(20.257), np.float64(21.458), np.float64(21.587999999999997), np.float64(22.064), np.float64(22.086), np.float64(22.238), np.float64(22.323), np.float64(22.311), np.float64(22.467000000000002), np.float64(22.378999999999998), np.float64(22.692999999999998), np.float64(22.533), np.float64(22.884999999999998), np.float64(22.667), np.float64(23.023)], [np.float64(22.750999999999998), np.float64(27.583000000000002), np.float64(19.79), np.float64(18.5), np.float64(15.619), np.float64(13.700999999999999), np.float64(12.747), np.float64(13.107), np.float64(11.688), np.float64(12.274000000000001), np.float64(11.246), np.float64(12.472999999999999), np.float64(11.704), np.float64(12.892999999999999), np.float64(12.064), np.float64(12.75), np.float64(12.062000000000001), np.float64(12.740000000000002), np.float64(12.191), np.float64(12.72), np.float64(12.418999999999999), np.float64(12.73), np.float64(12.533), np.float64(12.753), np.float64(12.592999999999998)], [np.float64(4.568), np.float64(8.987), np.float64(4.677), np.float64(3.1649999999999996), np.float64(1.654), np.float64(1.5190000000000001), np.float64(0.644), np.float64(0.377), np.float64(0.243), np.float64(0.203), np.float64(0.15), np.float64(0.122), np.float64(0.185), np.float64(0.166), np.float64(0.248), np.float64(0.262), np.float64(0.28600000000000003), np.float64(0.346), np.float64(0.363), np.float64(0.468), np.float64(0.426), np.float64(0.73), np.float64(0.5499999999999999), np.float64(0.959), np.float64(0.649)], [np.float64(15.037), np.float64(18.656), np.float64(20.617), np.float64(23.669), np.float64(25.180999999999997), np.float64(26.494), np.float64(25.624999999999996), np.float64(25.084), np.float64(24.157), np.float64(24.418), np.float64(24.924), np.float64(25.672), np.float64(25.855), np.float64(26.288), np.float64(26.316), np.float64(26.779999999999998), np.float64(26.506), np.float64(26.756), np.float64(26.677), np.float64(26.753), np.float64(26.741999999999997), np.float64(26.794), np.float64(26.811), np.float64(26.851999999999997), np.float64(26.872)], [np.float64(15.448999999999998), np.float64(20.287), np.float64(19.786), np.float64(21.116), np.float64(20.5), np.float64(21.619), np.float64(26.778000000000002), np.float64(28.955), np.float64(29.982999999999997), np.float64(30.830000000000002), np.float64(32.239000000000004), np.float64(32.124), np.float64(33.755), np.float64(33.989999999999995), np.float64(34.846), np.float64(35.823), np.float64(36.828), np.float64(37.513000000000005), np.float64(38.987), np.float64(39.617000000000004), np.float64(39.983000000000004), np.float64(40.133), np.float64(40.508), np.float64(40.585), np.float64(40.907)], [np.float64(21.035), np.float64(27.111), np.float64(28.638), np.float64(30.098999999999997), np.float64(30.969), np.float64(32.65), np.float64(31.714), np.float64(31.173000000000002), np.float64(30.349999999999998), np.float64(30.761), np.float64(30.825999999999997), np.float64(30.742000000000004), np.float64(30.794), np.float64(30.73), np.float64(30.678), np.float64(30.688), np.float64(30.753999999999998), np.float64(30.987), np.float64(31.131999999999998), np.float64(31.099), np.float64(31.219), np.float64(31.562), np.float64(31.674999999999997), np.float64(32.334), np.float64(32.208)], [np.float64(14.985999999999999), np.float64(11.907), np.float64(12.966), np.float64(13.761999999999999), np.float64(13.635), np.float64(15.549), np.float64(16.21), np.float64(17.119999999999997), np.float64(16.461000000000002), np.float64(15.412999999999998), np.float64(15.47), np.float64(16.537), np.float64(17.342), np.float64(18.411), np.float64(19.284000000000002), np.float64(19.875999999999998), np.float64(20.024), np.float64(19.898), np.float64(19.755), np.float64(19.716), np.float64(20.274), np.float64(20.929000000000002), np.float64(22.977), np.float64(20.629), np.float64(20.824)]]
Total Delta Gamma: [1.68880732 1.71535357 2.12287383 1.60760181 1.89302218 1.86187133
 1.77033699 2.02286142 1.9370593  1.75878183]
Total Delta R: [1.77329996 1.66470595 1.84794219 1.55523104 1.4305467  1.98594081
 1.74302304 1.83884013 1.64248062 1.68480043]
