Complexity increased keeping gamma very unbalanced, and increasing K (K=2)
==================================================

N (neurons): 3
K (states): 2
T (time steps): 50000
Seed: None
Number of repetitions: 10

Initialization of parameters for HMM:
Pi: [1 0]
Gamma: [[0.9 0.1]
 [0.1 0.9]]
R: [[0.5 0. ]
 [0.  0.5]
 [0.5 0. ]
 [0.  0.5]]

Generated data:
Generated firings (y): [2 0 2 2 0 2 2 0 0 2 0 0 0 0 2 2 0 2 2 2 2 3 3 3 3 1 1 1 1 1 1 1 1 2 0 0 3
 3 2 2 0 2 0 0 0 0 0 2 2 2 2 0 2 2 3 1 3 3 2 0 2 0 0 1 3 3 1 1 3 1 3 3 1 1
 1 1 0 2 2 0 2 2 1 1 3 1 3 0 2 0 0 0 0 0 2 2 2 0 2 2]... (showing first 100 entries)
Generated states (z): [0 0 0 0 0 0 0 0 0 0 0 0 0 0 0 0 0 0 0 0 0 1 1 1 1 1 1 1 1 1 1 1 1 0 0 0 1
 1 0 0 0 0 0 0 0 0 0 0 0 0 0 0 0 0 1 1 1 1 0 0 0 0 0 1 1 1 1 1 1 1 1 1 1 1
 1 1 0 0 0 0 0 0 1 1 1 1 1 0 0 0 0 0 0 0 0 0 0 0 0 0]... (showing first 100 entries)

Estimated parameters:
Estimated Pi: [array([0.81970817, 0.18029183]), array([0.20750019, 0.79249981]), array([0.85852702, 0.14147298]), array([0.50818534, 0.49181466]), array([0.93169973, 0.06830027]), array([0.90672651, 0.09327349]), array([0.95468923, 0.04531077]), array([0.79694434, 0.20305566]), array([0.53374582, 0.46625418]), array([0.98893022, 0.01106978])]
Estimated Gamma: [array([[0.52597855, 0.47402145],
       [0.57827568, 0.42172432]]), array([[0.35174695, 0.64825305],
       [0.44706826, 0.55293174]]), array([[0.91281939, 0.08718061],
       [0.07662091, 0.92337909]]), array([[0.22806943, 0.77193057],
       [0.50890438, 0.49109562]]), array([[0.89389591, 0.10610409],
       [0.11632842, 0.88367158]]), array([[0.8855929 , 0.1144071 ],
       [0.09590426, 0.90409574]]), array([[0.90871877, 0.09128123],
       [0.08967701, 0.91032299]]), array([[0.53813408, 0.46186592],
       [0.9220323 , 0.0779677 ]]), array([[0.95590921, 0.04409079],
       [0.89784555, 0.10215445]]), array([[0.91494483, 0.08505517],
       [0.08609559, 0.91390441]])]
Estimated R: [array([[0.10877505, 0.41240532],
       [0.33453487, 0.15640037],
       [0.37880869, 0.08215396],
       [0.17788138, 0.34904035]]), array([[0.34130224, 0.18020454],
       [0.41990152, 0.14121181],
       [0.16790223, 0.2979282 ],
       [0.07089401, 0.38065545]]), array([[0.49876453, 0.02451457],
       [0.00864826, 0.46874826],
       [0.4890883 , 0.03228498],
       [0.00349891, 0.4744522 ]]), array([[0.19193634, 0.28079132],
       [0.2967842 , 0.22739081],
       [0.27658416, 0.22405248],
       [0.2346953 , 0.26776539]]), array([[0.46642841, 0.00322399],
       [0.04531609, 0.48446618],
       [0.43399017, 0.03777693],
       [0.05426533, 0.4745329 ]]), array([[0.51903058, 0.01705343],
       [0.00520998, 0.46317633],
       [0.45342612, 0.07021242],
       [0.02233332, 0.44955782]]), array([[0.49153801, 0.00141848],
       [0.01490025, 0.49246799],
       [0.48397079, 0.00857989],
       [0.00959095, 0.49753364]]), array([[0.20086754, 0.33553058],
       [0.34158085, 0.07864385],
       [0.29424608, 0.14777977],
       [0.16330553, 0.4380458 ]]), array([[0.25722677, 0.00501852],
       [0.25030709, 0.34026779],
       [0.24904376, 0.17168439],
       [0.24342238, 0.4830293 ]]), array([[0.48345982, 0.00403126],
       [0.01783026, 0.49430471],
       [0.48522094, 0.00184845],
       [0.01348899, 0.49981559]])]

