Complexity increased keeping gamma very unbalanced, and increasing K (K=2)
==================================================

N (neurons): 3
K (states): 2
T (time steps): 50000
Seed: 1234
Number of repetitions: 10
Number of iterations: 100

Initialization of parameters for HMM:
Pi: [1 0]
Gamma: [[0.9 0.1]
 [0.1 0.9]]
R: [[0.5 0. ]
 [0.  0.5]
 [0.5 0. ]
 [0.  0.5]]

Generated data:
Generated firings (y): [0 3 3 3 2 0 2 0 2 0 3 1 1 3 1 3 1 3 1 3 3 1 3 3 3 3 1 3 3 1 3 2 0 0 1 1 1
 1 3 1 3 3 3 3 3 3 3 3 3 1 3 3 1 1 3 3 1 3 3 1 0 0 0 2 3 3 1 3 1 1 1 2 2 2
 2 2 0 0 1 2 0 0 2 2 0 2 0 0 2 2 2 3 3 3 1 1 1 1 1 3]... (showing first 100 entries)
Generated states (z): [0 1 1 1 0 0 0 0 0 0 1 1 1 1 1 1 1 1 1 1 1 1 1 1 1 1 1 1 1 1 1 0 0 0 1 1 1
 1 1 1 1 1 1 1 1 1 1 1 1 1 1 1 1 1 1 1 1 1 1 1 0 0 0 0 1 1 1 1 1 1 1 0 0 0
 0 0 0 0 1 0 0 0 0 0 0 0 0 0 0 0 0 1 1 1 1 1 1 1 1 1]... (showing first 100 entries)

Estimated parameters:
Estimated Pi: [array([0.75088805, 0.24911195]), array([0.14698251, 0.85301749]), array([0.33667426, 0.66332574]), array([0.52109094, 0.47890906]), array([0.49272176, 0.50727824]), array([0.57824957, 0.42175043]), array([0.47006565, 0.52993435]), array([0.27469064, 0.72530936]), array([0.35176355, 0.64823645]), array([0.27435824, 0.72564176])]
Estimated Gamma: [array([[0.519569  , 0.480431  ],
       [0.36623629, 0.63376371]]), array([[0.50112463, 0.49887537],
       [0.25447094, 0.74552906]]), array([[0.08278296, 0.91721704],
       [0.4739384 , 0.5260616 ]]), array([[0.53167356, 0.46832644],
       [0.9733935 , 0.0266065 ]]), array([[0.96731809, 0.03268191],
       [0.53056262, 0.46943738]]), array([[0.1378263, 0.8621737],
       [0.3075847, 0.6924153]]), array([[0.52929965, 0.47070035],
       [0.79935383, 0.20064617]]), array([[0.71228784, 0.28771216],
       [0.46401735, 0.53598265]]), array([[0.66402592, 0.33597408],
       [0.25326336, 0.74673664]]), array([[0.91242707, 0.08757293],
       [0.09059119, 0.90940881]])]
Estimated R: [array([[0.36991807, 0.15646164],
       [0.10278385, 0.369351  ],
       [0.13435136, 0.33080929],
       [0.39294672, 0.14337808]]), array([[0.1143979 , 0.31750148],
       [0.09191296, 0.33642496],
       [0.63529005, 0.04728759],
       [0.15839909, 0.29878598]]), array([[0.20663706, 0.27028489],
       [0.39018109, 0.18373246],
       [0.2946292 , 0.22047708],
       [0.10855265, 0.32550557]]), array([[0.22478838, 0.29770239],
       [0.30988801, 0.13870687],
       [0.26895803, 0.19738213],
       [0.19636558, 0.36620862]]), array([[0.23809741, 0.41943963],
       [0.26663259, 0.04636156],
       [0.22843386, 0.52359772],
       [0.26683614, 0.01060108]]), array([[0.31034636, 0.22649564],
       [0.01451581, 0.33972667],
       [0.15833806, 0.27671041],
       [0.51679977, 0.15706728]]), array([[0.21424858, 0.30727598],
       [0.33842544, 0.10989264],
       [0.27708494, 0.19318571],
       [0.17024104, 0.38964568]]), array([[0.22280221, 0.29000674],
       [0.29628391, 0.18612373],
       [0.34929244, 0.07876268],
       [0.13162144, 0.44510685]]), array([[0.08895562, 0.36871629],
       [0.43870363, 0.1154718 ],
       [0.10374604, 0.35258297],
       [0.36859472, 0.16322894]]), array([[0.00959161, 0.49592745],
       [0.49494671, 0.00508336],
       [0.00576826, 0.49385503],
       [0.48969343, 0.00513416]])]

Total NMI: [[0.05658189940424279, 0.05665294850139095, 0.05302136863955542, 0.05114539338829254, 0.048809447709192905, 0.05101219176439218, 0.04824746286624979, 0.0470828653813679, 0.048828238672611976, 0.047471990757983584, 0.046943205031861945, 0.04592936248078031, 0.04377566151422078, 0.04411040375694571, 0.047144832613747224, 0.04764097863300149, 0.04471973164574398, 0.045787739984952266, 0.0476132240245182, 0.044604469473581744, 0.044679956679937585, 0.0465589301259441, 0.045364676351468076, 0.04549657957889372, 0.046770511763867526, 0.04780315488709074, 0.04384604703633977, 0.04487379243554716, 0.04540817488568007, 0.045510147598193225, 0.048274401400584, 0.04517492643435368, 0.04349201372842663, 0.04314096556165573, 0.043219578122579844, 0.04513954006517653, 0.04576170296625843, 0.044090966673952334, 0.04208800872805092, 0.04227558007556653, 0.04433088695248717, 0.0459404057375954, 0.04289483099631982, 0.04528373600864069, 0.0454813515692329, 0.044136613219989074, 0.044017852646821516, 0.04437467931912249, 0.04231994129454474, 0.041842325556364426, 0.041454540939202804, 0.04401850424666325, 0.041525853952342415, 0.04434032708814601, 0.04627363128975333, 0.044126305857162866, 0.04237228432744092, 0.042884836877669176, 0.043144273858943705, 0.04357421588936171, 0.04339868744512953, 0.04279354878983547, 0.04209784223092282, 0.04631665488019055, 0.04394078480203456, 0.04073846208107952, 0.042134804374055125, 0.04247987819063423, 0.04438101120831108, 0.04118948152048061, 0.045210626980992055, 0.04267000170745765, 0.04443554455496466, 0.04462842402699297, 0.04192973220229156, 0.0445112563625248, 0.043613068945059126, 0.042784313754839036, 0.041383357593061394, 0.04062902045912129, 0.042534875479469256, 0.04449355915352628, 0.04323144907926297, 0.041134921783140474, 0.042185998182733046, 0.04145950281550635, 0.041511259691322924, 0.042439933118548705, 0.04269507986698023, 0.0411426564038066, 0.042046968818609205, 0.04279591621287842, 0.042222685929237405, 0.04259465028298565, 0.04053447864732439, 0.04289358296018347, 0.042342817325721205, 0.042212962607763055, 0.04274591557317849, 0.041841019789513094], [0.09875546450502758, 0.10452650136419375, 0.11163293058743079, 0.11215522603404954, 0.11516572234827004, 0.12043143083570343, 0.11946238309043418, 0.12335936013394992, 0.12686776943053318, 0.12340325515485134, 0.12647967077883232, 0.12947185049088106, 0.13146297913837365, 0.12687368283360342, 0.12652301015208275, 0.13496482707213492, 0.13635233610464545, 0.13199788190843678, 0.13423291295039258, 0.1364908378320011, 0.13857265111514908, 0.1367356097788415, 0.1401913454175964, 0.14002628004757106, 0.1447220905247051, 0.14175703962447064, 0.14388647842647845, 0.1480003037452172, 0.14765661267093663, 0.14759749751398055, 0.14628921305001294, 0.14782656201620434, 0.15079563743623461, 0.15337869771742657, 0.14912024414762123, 0.15156534380593265, 0.14941274664444615, 0.1509751192879934, 0.1521641381625116, 0.15242975434241307, 0.15428317101014027, 0.15496573773003927, 0.1583785188285767, 0.15787922474442714, 0.15430800996537744, 0.15759984040250283, 0.15897899222581519, 0.15845528846300463, 0.15862038146569712, 0.16089414576400293, 0.16535680087274815, 0.16279421442451156, 0.16478101030188658, 0.16206483304029976, 0.16319810758460598, 0.1695359430724491, 0.16694523874305256, 0.16373644939135878, 0.16776594839333753, 0.16535346236988185, 0.1682353066193318, 0.16890324242644958, 0.16771443942799713, 0.17155717750120011, 0.16857958876721485, 0.1721912518062068, 0.17779631893025233, 0.1776815365220115, 0.17280146829977547, 0.1740000757165134, 0.17363817186463845, 0.17691011380527735, 0.17574392710752956, 0.17663592197292055, 0.17771067505482602, 0.17591851864610142, 0.1799780846997811, 0.17956544435974942, 0.1831514683941656, 0.1827551909226646, 0.17990176803015462, 0.1853909767698908, 0.18894786586416565, 0.17797352637868374, 0.17971170424519456, 0.18475658419738689, 0.18047568376301265, 0.18941230742961718, 0.18238003325647745, 0.18099086565343495, 0.18142574124058156, 0.189679394643388, 0.1878824791064472, 0.18668777018077934, 0.19106789326464022, 0.1901528580818651, 0.1889882483485856, 0.18659098505385205, 0.19789614349590662, 0.18971154298186665], [0.11886939506214672, 0.11892697808171439, 0.11258375252161214, 0.11195920395470399, 0.11352965769315673, 0.11114581577939457, 0.10664471297613606, 0.10858471383835955, 0.11042201927886745, 0.11139804242759957, 0.1020108483317539, 0.10541292842468272, 0.09928993467028356, 0.10335562353081476, 0.10464568637608754, 0.09795210062027049, 0.10365762968367942, 0.10357963721410733, 0.10113008340578843, 0.10243804895744285, 0.10428917307409954, 0.10133271557662854, 0.10163682299610917, 0.09929131317083228, 0.09622818968436918, 0.10063359155462419, 0.10344083054380493, 0.1035220301416698, 0.09616741102717025, 0.09898395741151261, 0.09585250229573716, 0.09481713408076389, 0.09988531897364422, 0.09790304236768682, 0.10080150957519897, 0.09583986984376407, 0.09853322651644664, 0.10488470358187071, 0.09680969488490124, 0.09734553934524716, 0.1010254693194991, 0.09380651415796477, 0.09318134722283772, 0.09550068975359309, 0.10059228687788953, 0.10068371016292804, 0.09703884502922684, 0.09350243238106694, 0.09426969702137356, 0.0959648863383151, 0.09543373193200685, 0.09397505944038113, 0.09612690801175344, 0.09514403065720876, 0.09393044832715246, 0.09840716113170984, 0.10040418286897584, 0.09797933022695847, 0.09626058673562356, 0.09461623583012901, 0.09294028652747882, 0.09700840974860353, 0.09438474646387869, 0.09746704347973943, 0.09102435685769053, 0.09318365779203179, 0.09756133519607625, 0.09632345018946727, 0.0966866917108538, 0.09179918295853474, 0.09836085891606458, 0.0949406594532639, 0.09323445353642534, 0.09174027036042169, 0.09801032678387107, 0.0932979719133072, 0.09429651037377026, 0.09361976663258591, 0.09146516481041841, 0.09485103270355273, 0.10150686706964537, 0.09649167804620573, 0.09520551656457697, 0.0898363214661852, 0.08779488183863496, 0.0825767756474609, 0.09081993610858213, 0.09208764154069934, 0.09340112857423986, 0.09665515773770168, 0.09106370937074613, 0.09072008940177458, 0.09124969257617828, 0.09463453265517323, 0.09233400983791074, 0.0969207306061471, 0.09175139441214132, 0.08920349380565987, 0.0911721864135652, 0.09548525030023068], [0.14641054794666983, 0.14824455489663796, 0.1497014358078543, 0.1488993426051009, 0.14645267503967452, 0.14358413265866765, 0.1507357623195012, 0.14544976824949132, 0.14582349996022836, 0.14504951252788506, 0.14244942050304554, 0.1453735347271231, 0.14081003964334352, 0.14751044779921657, 0.14352129817286252, 0.14743365983895143, 0.14993152059409015, 0.14737210354279456, 0.14737210354279456, 0.14774708899448782, 0.1493069974069106, 0.14505627838807936, 0.14182122757814628, 0.14751338087315138, 0.1506284522661245, 0.14668160707617303, 0.14261390423783252, 0.14394497767049597, 0.14167450913303725, 0.14150151355506216, 0.1402939113684571, 0.14428969009958428, 0.14429802009909998, 0.1427630810997143, 0.14580481296181688, 0.1409499109138542, 0.14527343965925849, 0.13970721158698754, 0.14178537383532253, 0.14568962738662014, 0.14543823525163943, 0.14333061129472685, 0.13968273160576727, 0.13893691627318577, 0.1389016507588137, 0.14521810484748854, 0.13929500186199692, 0.1393928309029953, 0.14032993839522512, 0.14059066261300773, 0.1392908506498973, 0.1424204682774863, 0.1435214397130601, 0.14318904988182785, 0.14150377101539316, 0.13924124371619273, 0.14574876265962722, 0.140424114680682, 0.14104571719718023, 0.13957940689017392, 0.1363588415357138, 0.13656779618045245, 0.14126447885241677, 0.14203398772483072, 0.14185277918690203, 0.13703157281794026, 0.1363535751038661, 0.14495857941264975, 0.14152801931624273, 0.13925753942614938, 0.14622797877247473, 0.14196851486586154, 0.14061739354867972, 0.13755749778160664, 0.1421291140371144, 0.14436311836436455, 0.1422242937857864, 0.13771843353657423, 0.1386157780252869, 0.13912324767446874, 0.1358943701836292, 0.14437093036258133, 0.13706658988750603, 0.14019353124023096, 0.14111877212139998, 0.14345821671979242, 0.14003144685434257, 0.13584402224389713, 0.14612778777889268, 0.1444592721302382, 0.14455471476595425, 0.14246299033353582, 0.1432765601223373, 0.1394151886593347, 0.13877461867318597, 0.13428077233667846, 0.14269142288211387, 0.14445940118185815, 0.14287074073440378, 0.14539681931146978], [0.0006837423772740226, 0.0019064440658339557, 0.0021684521872683753, 0.0037637279554514967, 0.0009103483651255194, 0.0038583491982395026, 0.002721273283840785, 0.006961547353555137, 0.004775194235919649, 0.007061259059746284, 0.005633397582639583, 0.010924864952948423, 0.009877583988988796, 0.009171653424693133, 0.01608534731863515, 0.016117842679861986, 0.02025319647389067, 0.016236651235556725, 0.014386257282181463, 0.023859664707177555, 0.023012328759571578, 0.02053430270927841, 0.02795879797713903, 0.02324762129916087, 0.020217692901586638, 0.025848381937700168, 0.026139670082960167, 0.02816309465635885, 0.023836445929682322, 0.02653417959331108, 0.03503976291740937, 0.043096410624948414, 0.039734549586863004, 0.040414643685346974, 0.0397509675280602, 0.04233389399745353, 0.05259668588112216, 0.04839177306766076, 0.052888893146927816, 0.05360588396314789, 0.04945346131840785, 0.06316270938846832, 0.06639993872047645, 0.062441279840811714, 0.06481812319300638, 0.06091539514925481, 0.0712468724779904, 0.07694414783613569, 0.08108842927188407, 0.08433584850187209, 0.08750692525955144, 0.0908212609837548, 0.08497927715755252, 0.09570305821181596, 0.09507441475984327, 0.10769840445472037, 0.10554843024478244, 0.10731948202490216, 0.11349555852934647, 0.11260484432165235, 0.11697973131511534, 0.12464307725809345, 0.12884541856272955, 0.13703007082632643, 0.13832703094605994, 0.14378676722253209, 0.15758680293861652, 0.156866567587493, 0.15707642984494188, 0.1796096781068722, 0.1796422157243292, 0.180895949087466, 0.17937519663441315, 0.18693606780498007, 0.18792151864579232, 0.18843358532696364, 0.19568271360909495, 0.199895368325124, 0.21374651504195905, 0.2236106003817484, 0.23947250049493446, 0.23017614643836382, 0.24129321474342894, 0.24515414080826614, 0.24386024879911525, 0.24798225622509237, 0.26950729413245067, 0.2677206258068681, 0.2735649328027048, 0.26985788197638305, 0.28688768062924463, 0.29003898846127557, 0.3057899403961312, 0.31513999200544723, 0.3240831237508249, 0.3260062840266896, 0.3382189374500288, 0.33488605155099577, 0.340679994643163, 0.36162430217563135], [0.07877323708409414, 0.06891437446609588, 0.06748764428229255, 0.06949756479704552, 0.06776572320209517, 0.061406540618784214, 0.0623238421695194, 0.05766772297193096, 0.05511964724272545, 0.058934918983660815, 0.05513623691907669, 0.057994712651782555, 0.055138285746358255, 0.05526966361268944, 0.05260423650198744, 0.056758779307502866, 0.055088796496176005, 0.05465466537554484, 0.05199306044110206, 0.05446750324868691, 0.05776055615974371, 0.054963086856820706, 0.04964568482071904, 0.05526328631221715, 0.05378844948308043, 0.056042054475612835, 0.053853949630368415, 0.05121620827242868, 0.053882192125505726, 0.05558707713959545, 0.05746707789218214, 0.054138993364223696, 0.05375820864007381, 0.05331964999681622, 0.051366732591504705, 0.05063007630478175, 0.05262273488826338, 0.050319746543033866, 0.04958025316628644, 0.05483541355043491, 0.0546258370467818, 0.05809433605565362, 0.05041754262497701, 0.04900954941550815, 0.05174140019846842, 0.051354503556895754, 0.04774845998752462, 0.051040710109056434, 0.05209664052640207, 0.05085697235912153, 0.04894065764108942, 0.05174261382064209, 0.04865200943603332, 0.05036134093818898, 0.05196066983301149, 0.05088587315485981, 0.05012888681264127, 0.04669854614784288, 0.04838154595769662, 0.050598413899845644, 0.05468983526320377, 0.05408296395457611, 0.04934987371754666, 0.050835072661311015, 0.054762027339640584, 0.0509774790223065, 0.051740680733230925, 0.050246652909356655, 0.052059940500645815, 0.04888856407312528, 0.04781042694714694, 0.04963500924516051, 0.047857864544588354, 0.05102830044374709, 0.05292364497001274, 0.05134368686306567, 0.04800099160640154, 0.04988409643721696, 0.052035053586739155, 0.046814734177271826, 0.04910819655324641, 0.049857480158746616, 0.04976125318595591, 0.051163981090648736, 0.047733395464302296, 0.04763924213690657, 0.048388814127784, 0.04939058587786162, 0.04741055195027492, 0.05384837424777338, 0.04774698400279882, 0.04569058699672038, 0.049100548253281674, 0.046715502358564726, 0.046379078281386085, 0.048046553300756675, 0.05078838258358892, 0.04937865834653475, 0.04390677379178602, 0.047017852869989135], [0.04904466557066548, 0.04641682934666558, 0.04685673972527609, 0.045154506336754385, 0.04255650678212948, 0.04415014863656938, 0.04259676595707038, 0.04215711790222702, 0.042579963285204143, 0.04260512494676321, 0.042249917662889165, 0.043676572437386055, 0.04422623075765148, 0.04264691835974858, 0.042233086288741103, 0.04192598359820435, 0.04604366407067026, 0.04236651118873379, 0.03991925057917809, 0.04337728286795923, 0.04174004626710283, 0.04120865365214324, 0.03917936564211291, 0.038845314473495915, 0.040262549114692334, 0.043127269386930366, 0.041500501633811734, 0.03885900053281507, 0.04024745666307876, 0.039329143395683365, 0.038018182173395226, 0.04105389729326836, 0.0394368635697427, 0.04135870126031421, 0.038865466392770824, 0.03921472610840133, 0.040916454065297383, 0.04154684462482505, 0.04003320110605378, 0.03947443717022015, 0.037986690543918296, 0.03925657102260978, 0.04093515008941459, 0.04300899606540577, 0.03794497667076558, 0.04217649411706199, 0.0396337661713593, 0.04082277377895614, 0.03989119097353851, 0.03878584629491901, 0.039744359191430115, 0.04152645191442368, 0.039315004024008025, 0.04047278876693624, 0.041250663659413274, 0.0399814806253715, 0.03958382374395446, 0.03967208803885922, 0.0417095391325362, 0.04033128854341355, 0.041105675747078955, 0.04004892072806965, 0.03912410306910226, 0.038330886213881754, 0.03486001482329116, 0.03650350937599199, 0.0383640012164121, 0.04018218620006446, 0.03971826658827723, 0.0387740763644573, 0.03641064990811746, 0.03550971482991001, 0.03936486781223226, 0.038588239282977825, 0.03977210296552249, 0.036836899556912994, 0.038612634550752895, 0.03634883599353793, 0.03963855617592861, 0.04011575583899473, 0.039916762003505364, 0.04064364973200871, 0.03949033340983844, 0.03647440065013383, 0.03780508529959619, 0.03810399764509739, 0.03753313373351041, 0.03810795877411079, 0.0384102465282082, 0.03685982627437166, 0.03658514147308766, 0.041780784210192407, 0.04104889217781806, 0.03947704494673041, 0.0370520083062069, 0.03838572172492405, 0.039874455099677825, 0.04056264851125405, 0.03694800740155044, 0.03455151480181094], [0.04477666116559922, 0.04173305501715736, 0.0395579110708743, 0.041321346999281125, 0.040730029405967934, 0.03949571029781538, 0.04171169784398052, 0.04208393058028717, 0.041652539272070986, 0.04088791512786383, 0.04205078857590354, 0.04195762497707408, 0.04009070502906232, 0.04281332411229728, 0.041197690191019466, 0.04263495629664541, 0.042313769508555234, 0.04324428830494022, 0.04284562579103471, 0.04372554467292749, 0.042126084795081384, 0.04029789171210873, 0.04369600783145896, 0.04477639132812566, 0.044434890308530546, 0.04873337837914001, 0.048331083099210234, 0.04514490039136064, 0.04743672457285965, 0.04492624560518991, 0.04715991927545579, 0.04512104118597271, 0.04496906858578999, 0.04784762160933636, 0.04468637954826497, 0.046454149981293456, 0.049562496833574776, 0.047414674869093246, 0.04632370431850597, 0.04497503372986434, 0.04769636606499929, 0.04530754801650242, 0.04480232583394897, 0.044338420856582614, 0.04549989258763762, 0.04710559200648546, 0.049043435570299866, 0.04545547333094199, 0.046445590803410174, 0.048410860844424565, 0.04685513093411951, 0.048165085820337364, 0.047379796914275595, 0.05137496883800915, 0.050359679387603475, 0.04777259443407459, 0.04675646304104446, 0.047754652630505545, 0.0520978476488745, 0.04987162696163201, 0.04956874455862287, 0.051478789432394666, 0.04948017028598238, 0.052140753128184135, 0.05241040608159761, 0.0499130397733003, 0.04947434107832884, 0.0512728234159284, 0.04994157297580208, 0.05001957040877734, 0.05531426251047604, 0.05540478248734157, 0.051035643983689455, 0.054920960877276916, 0.05363582065151172, 0.0537149629495367, 0.05347937475085092, 0.053091447523739746, 0.05386686648074985, 0.05353613477087036, 0.052095343103785885, 0.052783877581604646, 0.05412279824082755, 0.05166474305525417, 0.053136963750441815, 0.054303285028062476, 0.056152577826109676, 0.05490363538085652, 0.05375583585972955, 0.057069049006304086, 0.05438804813686135, 0.05494291677500656, 0.054897613760807484, 0.0528079786559518, 0.05680204125777424, 0.05741253533027505, 0.056030229551616524, 0.05513236138412219, 0.057686321304820626, 0.05338121599015303], [0.0028758595689439893, 0.003248861814476727, 0.004229497204299609, 0.005609256046098612, 0.005938867789114097, 0.005729920606179517, 0.008232232160141925, 0.00952548219648112, 0.009080129468120104, 0.011233664464170363, 0.013596080004638857, 0.014533912563096173, 0.01483898173574227, 0.015935986123905857, 0.016582160104202485, 0.018182330648378327, 0.021394885723535664, 0.02400737269427081, 0.023505859579861593, 0.024670932390455, 0.025811152928022503, 0.029949261803288236, 0.032991814224418096, 0.03432783935939809, 0.039946810031231565, 0.03701876592223191, 0.03919412282648463, 0.041756782608756954, 0.04407504989204194, 0.04808522050498342, 0.05178281285088096, 0.05044488287757704, 0.052423914227096254, 0.05789501063129847, 0.06015673422113726, 0.061060490606704224, 0.060930208117436255, 0.06876154348079737, 0.07306133728918769, 0.07236365142506866, 0.07558197953342115, 0.07570739140230259, 0.08779304440188063, 0.08576813149933038, 0.08740437087545683, 0.08907035084744054, 0.09434088156655733, 0.0983552178916183, 0.10289480700171202, 0.11114293971430003, 0.11297661960992045, 0.11334192205334097, 0.11290092149098457, 0.11858130050354082, 0.12291043966048366, 0.12980245677629257, 0.13401309974555117, 0.13951633278201503, 0.1428154715370903, 0.14225534968395234, 0.14452816184155196, 0.1471005354224948, 0.1556731140627263, 0.1527272369487234, 0.16253648123593714, 0.16492385245090793, 0.16906116639717647, 0.18133116933592705, 0.1843041110919212, 0.1865402221583381, 0.19119447111491678, 0.18901165817000418, 0.18898045583332232, 0.2019922827697286, 0.2075670243535015, 0.21140028906278868, 0.20962880083259097, 0.2222432136972279, 0.22905409310960625, 0.23187499384546237, 0.23682527505532996, 0.2386312807221718, 0.24252369647365582, 0.24537987180567297, 0.24931112126062852, 0.24662068935037076, 0.24912647824819736, 0.25697333639687936, 0.2613755710657606, 0.26971863567680515, 0.2716642808005566, 0.27562988572517083, 0.2871861774706345, 0.2962153451391195, 0.2954827697256709, 0.2931571676857293, 0.303261423617165, 0.3053773910253232, 0.30841522718599984, 0.3166650559308578], [0.5336523937960169, 0.7075883693843187, 0.7845289716439704, 0.8202297986335918, 0.8361308982351804, 0.852928820240799, 0.8597491171559909, 0.8674804207888565, 0.8776691688133414, 0.8788018415150192, 0.8832533559189646, 0.8816399073221832, 0.8861742432902423, 0.8908957027954322, 0.8925050356053784, 0.899527849061049, 0.8995726582027954, 0.8935833533985507, 0.8879232659465507, 0.8945789621421756, 0.9024420164292694, 0.9053155261731844, 0.9015746189815765, 0.9063493002231634, 0.9059991885664062, 0.9071060889429233, 0.9060180473800352, 0.904058687709656, 0.9081574467441081, 0.9080349106080676, 0.9081262252881828, 0.9090317837805633, 0.9037994323926514, 0.9021601298056191, 0.907245781166387, 0.9104380239834355, 0.9125253311632476, 0.9136798705403708, 0.9157676382029405, 0.9123808524457263, 0.9066237670124481, 0.9123860925128687, 0.9135461894956185, 0.9087730309397705, 0.9131613272562149, 0.9129115470195882, 0.9129019683536519, 0.9128987142455292, 0.9108344020499688, 0.9117298259281393, 0.9169528583082956, 0.9123771729052103, 0.910571471548311, 0.9142669614452269, 0.9159246873608594, 0.9164261979840742, 0.9142003186893609, 0.9180155818317315, 0.9169725162176378, 0.9144615652868019, 0.9161640814680213, 0.919607750663843, 0.914607610060893, 0.9139399867403278, 0.9206194704224769, 0.920340348280657, 0.9206614952334512, 0.9176502508486778, 0.9161790360139799, 0.9178750861863139, 0.9245574407002283, 0.9229346351420572, 0.9190664120374821, 0.9222692614210163, 0.920536990654313, 0.9221351695723755, 0.9233481397814244, 0.9224018936220781, 0.9189395109583951, 0.9184038680890331, 0.9184216553628409, 0.9181667996082672, 0.9178897396744226, 0.9198798790931799, 0.9190662506463781, 0.9196141884245185, 0.9203933359759233, 0.9228033743335963, 0.9236066284356784, 0.9222747617412622, 0.9241474193284089, 0.9206623757948054, 0.9192042079258292, 0.9222670623625706, 0.922403402532235, 0.9215951434910502, 0.9222675741253092, 0.921086618380048, 0.9201401533058099, 0.919068270669986]]
Total Percentage: [[64.454, 64.486, 64.084, 63.818, 63.512, 63.796, 63.50599999999999, 63.336000000000006, 63.498, 63.342, 63.273999999999994, 63.176, 62.90599999999999, 62.897999999999996, 63.288, 63.388, 63.017999999999994, 63.144, 63.348000000000006, 62.916000000000004, 62.952, 63.227999999999994, 63.080000000000005, 63.12, 63.318, 63.426, 62.876, 63.052, 63.160000000000004, 63.13999999999999, 63.456, 63.054, 62.844, 62.816, 62.839999999999996, 63.093999999999994, 63.164, 62.92, 62.598, 62.63999999999999, 62.980000000000004, 63.186, 62.778, 63.114000000000004, 63.124, 62.94, 62.974, 63.004000000000005, 62.66199999999999, 62.602000000000004, 62.568, 62.944, 62.644, 63.016000000000005, 63.23800000000001, 62.952, 62.722, 62.751999999999995, 62.76199999999999, 62.849999999999994, 62.832, 62.734, 62.638000000000005, 63.232, 62.942, 62.517999999999994, 62.678, 62.726000000000006, 62.964, 62.502, 63.083999999999996, 62.756, 63.046, 63.09, 62.67, 62.961999999999996, 62.834, 62.751999999999995, 62.58200000000001, 62.476, 62.751999999999995, 63.012, 62.846000000000004, 62.562, 62.698, 62.61600000000001, 62.624, 62.724000000000004, 62.734, 62.524, 62.646, 62.726000000000006, 62.663999999999994, 62.705999999999996, 62.426, 62.81, 62.739999999999995, 62.684, 62.727999999999994, 62.644], [70.748, 71.32, 71.918, 72.038, 72.25, 72.61999999999999, 72.556, 72.882, 73.182, 72.924, 73.13, 73.398, 73.59, 73.198, 73.22800000000001, 73.86, 73.968, 73.648, 73.768, 73.994, 74.14, 74.034, 74.288, 74.328, 74.66000000000001, 74.42, 74.58200000000001, 74.854, 74.854, 74.896, 74.774, 74.798, 74.936, 75.09400000000001, 74.89, 75.116, 74.99, 75.012, 75.098, 75.194, 75.344, 75.394, 75.618, 75.55, 75.276, 75.512, 75.628, 75.646, 75.602, 75.71600000000001, 75.996, 75.8, 75.92999999999999, 75.786, 75.87, 76.268, 76.076, 75.868, 76.14800000000001, 76.038, 76.188, 76.196, 76.156, 76.372, 76.19399999999999, 76.424, 76.75800000000001, 76.768, 76.474, 76.544, 76.52600000000001, 76.72200000000001, 76.69, 76.74, 76.77000000000001, 76.66, 76.924, 76.90599999999999, 77.104, 77.114, 76.96, 77.25999999999999, 77.434, 76.768, 76.87, 77.18599999999999, 76.942, 77.41, 77.006, 76.92, 76.94800000000001, 77.532, 77.4, 77.226, 77.494, 77.508, 77.39, 77.204, 77.928, 77.45400000000001], [72.628, 72.646, 72.172, 72.104, 72.284, 72.128, 71.73, 71.902, 72.052, 72.10600000000001, 71.394, 71.726, 71.30199999999999, 71.524, 71.626, 71.16799999999999, 71.586, 71.604, 71.432, 71.49799999999999, 71.6, 71.406, 71.456, 71.25399999999999, 70.964, 71.306, 71.566, 71.58, 70.986, 71.22800000000001, 70.964, 70.864, 71.272, 71.092, 71.33, 70.96000000000001, 71.162, 71.61, 71.02000000000001, 71.116, 71.384, 70.796, 70.73, 70.906, 71.33800000000001, 71.318, 71.04599999999999, 70.814, 70.828, 70.958, 70.986, 70.858, 70.992, 70.922, 70.816, 71.17999999999999, 71.332, 71.114, 71.06, 70.97, 70.74000000000001, 71.054, 70.878, 71.174, 70.63199999999999, 70.742, 71.092, 70.998, 71.038, 70.588, 71.134, 70.94200000000001, 70.808, 70.65, 71.146, 70.80199999999999, 70.91, 70.84, 70.608, 70.852, 71.414, 71.004, 70.92399999999999, 70.512, 70.376, 69.91199999999999, 70.548, 70.636, 70.8, 71.028, 70.582, 70.614, 70.532, 70.84, 70.71600000000001, 71.048, 70.66799999999999, 70.44399999999999, 70.614, 70.982], [75.09, 75.22, 75.306, 75.234, 75.122, 74.95, 75.4, 75.092, 75.104, 75.048, 74.89, 75.102, 74.79400000000001, 75.22999999999999, 74.994, 75.234, 75.364, 75.22999999999999, 75.22999999999999, 75.21, 75.292, 75.046, 74.90599999999999, 75.21799999999999, 75.386, 75.194, 74.952, 74.992, 74.83800000000001, 74.846, 74.788, 75.08200000000001, 75.066, 74.95, 75.14, 74.81, 75.124, 74.752, 74.886, 75.124, 75.098, 74.978, 74.762, 74.788, 74.756, 75.138, 74.776, 74.79, 74.804, 74.812, 74.732, 74.938, 75.01, 74.984, 74.9, 74.754, 75.14800000000001, 74.81, 74.874, 74.76, 74.516, 74.53800000000001, 74.858, 74.922, 74.894, 74.546, 74.58, 75.126, 74.836, 74.694, 75.178, 74.886, 74.774, 74.626, 74.928, 75.054, 74.95, 74.668, 74.71799999999999, 74.756, 74.508, 75.0, 74.562, 74.816, 74.85199999999999, 75.02, 74.82600000000001, 74.534, 75.144, 75.022, 75.064, 74.922, 74.98, 74.746, 74.69200000000001, 74.386, 74.934, 75.03, 74.9, 75.064], [94.964, 94.93, 94.74000000000001, 94.71000000000001, 94.57799999999999, 94.562, 94.55799999999999, 94.63000000000001, 94.574, 94.65, 94.46600000000001, 94.51, 94.52199999999999, 94.43, 94.408, 94.33, 94.356, 94.162, 94.114, 94.192, 93.982, 93.95400000000001, 94.016, 94.018, 94.17, 94.028, 93.704, 93.604, 93.53, 93.54400000000001, 93.542, 93.71000000000001, 93.734, 93.72, 93.65, 93.542, 93.55, 93.398, 93.396, 93.438, 93.2, 93.384, 93.554, 93.284, 93.314, 93.384, 93.36, 93.234, 93.22399999999999, 93.146, 92.952, 92.868, 92.756, 92.976, 92.916, 93.05600000000001, 93.006, 92.92399999999999, 93.028, 92.982, 92.874, 92.758, 92.518, 92.444, 92.464, 92.498, 92.562, 92.474, 92.376, 92.55600000000001, 92.44, 92.34599999999999, 92.244, 92.284, 92.094, 91.934, 91.944, 91.884, 92.038, 92.09, 92.07600000000001, 91.646, 91.662, 91.616, 91.538, 91.51, 91.754, 91.556, 91.584, 91.352, 91.53999999999999, 91.424, 91.448, 91.424, 91.418, 91.28, 91.45400000000001, 91.282, 91.268, 91.56400000000001], [73.058, 72.19, 72.14399999999999, 72.47, 72.282, 71.756, 71.918, 71.53399999999999, 71.346, 71.67, 71.304, 71.608, 71.26400000000001, 71.394, 71.194, 71.39999999999999, 71.27799999999999, 71.282, 70.976, 71.21, 71.48400000000001, 71.20400000000001, 70.76400000000001, 71.366, 71.202, 71.312, 71.09, 70.892, 71.194, 71.32, 71.486, 71.16, 71.09, 71.038, 70.878, 70.88, 71.116, 70.918, 70.832, 71.33800000000001, 71.27799999999999, 71.634, 70.956, 70.78999999999999, 71.028, 71.002, 70.626, 70.97200000000001, 71.06, 70.85000000000001, 70.69800000000001, 70.93599999999999, 70.67999999999999, 70.916, 71.03, 70.974, 70.986, 70.7, 70.768, 70.946, 71.37400000000001, 71.288, 70.894, 71.02199999999999, 71.324, 70.94, 71.02199999999999, 71.024, 71.162, 70.744, 70.672, 70.80199999999999, 70.682, 71.026, 71.182, 71.04599999999999, 70.64399999999999, 70.68799999999999, 70.986, 70.654, 70.794, 70.87, 70.868, 70.902, 70.56, 70.6, 70.72800000000001, 70.828, 70.624, 71.222, 70.63199999999999, 70.572, 70.938, 70.598, 70.49600000000001, 70.772, 71.054, 70.85000000000001, 70.318, 70.526], [65.178, 64.816, 64.964, 64.78, 64.344, 64.62599999999999, 64.434, 64.346, 64.428, 64.432, 64.35, 64.512, 64.61200000000001, 64.412, 64.362, 64.336, 64.864, 64.402, 64.134, 64.598, 64.342, 64.25800000000001, 63.988, 63.966, 64.122, 64.554, 64.344, 63.986, 64.22, 64.022, 63.856, 64.256, 64.036, 64.302, 63.952, 63.992000000000004, 64.17, 64.256, 64.094, 64.056, 63.873999999999995, 64.008, 64.252, 64.51599999999999, 63.815999999999995, 64.384, 64.046, 64.216, 64.104, 63.968, 64.1, 64.352, 64.012, 64.172, 64.3, 64.12, 64.032, 64.00200000000001, 64.33, 64.19399999999999, 64.27199999999999, 64.11200000000001, 63.966, 63.844, 63.39, 63.658, 63.870000000000005, 64.094, 64.042, 63.922000000000004, 63.6, 63.488, 64.038, 63.864, 64.004, 63.676, 63.976, 63.664, 64.1, 64.108, 64.054, 64.218, 64.076, 63.70400000000001, 63.897999999999996, 63.83, 63.736000000000004, 63.852, 63.892, 63.715999999999994, 63.648, 64.278, 64.198, 64.038, 63.76199999999999, 63.94800000000001, 64.076, 64.14800000000001, 63.70400000000001, 63.432], [64.396, 64.01, 63.722, 63.980000000000004, 63.88399999999999, 63.774, 64.142, 64.178, 64.072, 63.934000000000005, 64.184, 64.106, 63.772, 64.13, 63.822, 64.02600000000001, 64.048, 64.13600000000001, 64.05999999999999, 64.22200000000001, 64.03999999999999, 63.742, 64.164, 64.342, 64.364, 64.88199999999999, 64.786, 64.372, 64.694, 64.436, 64.608, 64.34, 64.424, 64.68199999999999, 64.24, 64.548, 65.012, 64.742, 64.47800000000001, 64.262, 64.616, 64.42999999999999, 64.434, 64.256, 64.428, 64.696, 64.922, 64.468, 64.588, 64.788, 64.512, 64.658, 64.55199999999999, 65.064, 64.988, 64.714, 64.62599999999999, 64.74600000000001, 65.28, 65.03, 65.02799999999999, 65.178, 64.838, 65.172, 65.238, 65.032, 65.046, 65.236, 64.96600000000001, 64.864, 65.5, 65.548, 65.036, 65.526, 65.458, 65.436, 65.316, 65.238, 65.348, 65.35, 65.134, 65.178, 65.422, 65.082, 65.16999999999999, 65.358, 65.524, 65.36999999999999, 65.25, 65.642, 65.468, 65.494, 65.388, 65.2, 65.704, 65.668, 65.51, 65.47, 65.75999999999999, 65.35], [54.972, 55.218, 55.716, 56.162, 56.230000000000004, 56.202, 57.03, 57.352000000000004, 57.188, 57.76, 58.288, 58.516, 58.57599999999999, 58.768, 58.95, 59.338, 59.940000000000005, 60.419999999999995, 60.343999999999994, 60.553999999999995, 60.72, 61.36000000000001, 61.894000000000005, 62.05199999999999, 62.768, 62.344, 62.666, 63.02799999999999, 63.322, 63.812000000000005, 64.268, 64.102, 64.372, 65.02799999999999, 65.218, 65.33, 65.304, 66.11, 66.556, 66.50399999999999, 66.85600000000001, 66.816, 67.96799999999999, 67.798, 67.91, 68.024, 68.498, 68.84599999999999, 69.254, 69.918, 70.024, 70.062, 70.03, 70.468, 70.78, 71.306, 71.622, 72.036, 72.298, 72.25, 72.396, 72.576, 73.18, 72.962, 73.618, 73.79, 74.044, 74.82600000000001, 75.018, 75.132, 75.402, 75.286, 75.306, 76.084, 76.414, 76.614, 76.494, 77.232, 77.61200000000001, 77.75999999999999, 78.026, 78.12, 78.324, 78.472, 78.678, 78.526, 78.66, 79.074, 79.298, 79.712, 79.806, 80.0, 80.56400000000001, 80.998, 80.964, 80.856, 81.32000000000001, 81.416, 81.568, 81.94399999999999], [90.056, 94.834, 96.566, 97.288, 97.59, 97.89999999999999, 98.02199999999999, 98.156, 98.332, 98.35199999999999, 98.426, 98.4, 98.476, 98.554, 98.58, 98.694, 98.694, 98.598, 98.504, 98.614, 98.74000000000001, 98.786, 98.726, 98.802, 98.79599999999999, 98.81400000000001, 98.79599999999999, 98.76599999999999, 98.83, 98.828, 98.83, 98.844, 98.762, 98.736, 98.816, 98.866, 98.898, 98.916, 98.94800000000001, 98.896, 98.80600000000001, 98.896, 98.914, 98.83999999999999, 98.908, 98.904, 98.904, 98.904, 98.872, 98.886, 98.966, 98.896, 98.868, 98.924, 98.95, 98.958, 98.924, 98.982, 98.966, 98.92800000000001, 98.954, 99.006, 98.92999999999999, 98.92, 99.02, 99.016, 99.022, 98.976, 98.954, 98.98, 99.08, 99.056, 98.99799999999999, 99.046, 99.02, 99.044, 99.062, 99.048, 98.996, 98.988, 98.988, 98.98400000000001, 98.98, 99.00999999999999, 98.99799999999999, 99.006, 99.018, 99.054, 99.066, 99.046, 99.074, 99.022, 99.0, 99.046, 99.048, 99.036, 99.046, 99.028, 99.014, 98.99799999999999]]
Total Delta Gamma: [0.60716562 0.72893933 1.40138989 1.40027282 1.2294255  1.14841623
 1.14052064 0.57643953 0.82518389 0.11446128]
Total Delta R: [0.91703661 0.80791562 0.73460376 0.79502781 0.99104657 1.18707129
 0.83237848 0.94835832 0.88227939 0.99110091]
