Complexity increased keeping gamma very unbalanced, and increasing K (K=5)
==================================================

N (neurons): 3
K (states): 5
T (time steps): 50000
Seed: None
Number of repetitions: 10

Initialization of parameters for HMM:
Pi: [1 0 0 0 0]
Gamma: [[0.8  0.05 0.05 0.05 0.05]
 [0.05 0.8  0.05 0.05 0.05]
 [0.05 0.05 0.8  0.05 0.05]
 [0.05 0.05 0.05 0.8  0.05]
 [0.05 0.05 0.05 0.05 0.8 ]]
R: [[0.5        0.         0.5        0.         0.33333333]
 [0.         0.5        0.5        0.         0.        ]
 [0.5        0.         0.         0.5        0.33333333]
 [0.         0.5        0.         0.5        0.33333333]]

Generated data:
Generated firings (y): [0 0 0 0 0 3 3 3 2 1 3 3 2 2 3 2 2 2 2 0 0 2 2 1 2 0 3 3 1 3 3 1 3 1 1 2 0
 2 0 2 2 0 2 2 0 0 0 1 1 1 2 3 2 0 0 1 1 0 2 2 3 2 2 2 1 3 3 1 0 1 1 1 0 1
 0 0 1 1 1 0 0 0 0 1 1 0 1 1 3 3 2 3 3 2 3 3 2 2 3 3]... (showing first 100 entries)
Generated states (z): [0 0 0 0 0 1 1 3 3 1 1 1 0 0 1 0 0 0 0 0 0 3 3 2 0 0 3 1 1 1 1 1 1 1 1 0 0
 0 0 0 0 4 4 0 4 4 2 2 1 1 4 4 0 2 2 2 2 2 0 0 3 3 3 3 2 3 1 1 2 2 2 2 2 2
 2 2 2 2 2 2 2 2 2 2 2 2 2 2 1 3 3 3 3 3 3 3 4 4 4 1]... (showing first 100 entries)

Estimated parameters:
Estimated Pi: [array([0.25325494, 0.2861533 , 0.13819913, 0.16731266, 0.15507997]), array([0.28901929, 0.13479844, 0.14170866, 0.26773204, 0.16674158]), array([0.12939424, 0.07794799, 0.43494679, 0.13269438, 0.2250166 ]), array([0.01517138, 0.32415978, 0.12580906, 0.31465821, 0.22020157]), array([0.17429571, 0.1864958 , 0.22710672, 0.0889559 , 0.32314586]), array([0.08866494, 0.14166261, 0.11693341, 0.37446216, 0.27827687]), array([0.0213105 , 0.27494583, 0.16246927, 0.3736834 , 0.16759099]), array([0.30676382, 0.26398865, 0.13877053, 0.07441874, 0.21605826]), array([0.33850503, 0.00092024, 0.34091519, 0.28934286, 0.03031668]), array([0.23219309, 0.10261171, 0.34260438, 0.15527609, 0.16731473])]
Estimated Gamma: [array([[0.26989273, 0.39626539, 0.00877058, 0.03472199, 0.29034931],
       [0.5541309 , 0.32977863, 0.0075563 , 0.07841659, 0.03011758],
       [0.1534362 , 0.11346727, 0.08810396, 0.63314821, 0.01184437],
       [0.16736403, 0.15413675, 0.34907025, 0.2910312 , 0.03839777],
       [0.18403957, 0.60414934, 0.06542993, 0.07443695, 0.07194421]]), array([[0.02448337, 0.39000607, 0.22231902, 0.17921909, 0.18397246],
       [0.11688624, 0.38255141, 0.13169095, 0.09163566, 0.27723575],
       [0.31463194, 0.19649079, 0.01007083, 0.45244163, 0.02636481],
       [0.03603542, 0.20001201, 0.3997853 , 0.30478545, 0.05938181],
       [0.28671318, 0.43817492, 0.11315755, 0.04433697, 0.11761737]]), array([[0.00898945, 0.46571198, 0.20850554, 0.22391245, 0.09288058],
       [0.04883171, 0.12485604, 0.12107163, 0.06478598, 0.64045465],
       [0.06599541, 0.02831615, 0.0057255 , 0.72294238, 0.17702056],
       [0.13259197, 0.36214068, 0.13121232, 0.02891267, 0.34514237],
       [0.00518871, 0.51356275, 0.03866822, 0.03499703, 0.40758328]]), array([[0.08091848, 0.40351206, 0.29884876, 0.16447562, 0.05224508],
       [0.056492  , 0.13477974, 0.10029705, 0.63550877, 0.07292244],
       [0.10241795, 0.1760271 , 0.12769523, 0.44686713, 0.14699259],
       [0.00870316, 0.02320223, 0.04235684, 0.86626517, 0.0594726 ],
       [0.02686595, 0.07341395, 0.44973077, 0.37730795, 0.07268138]]), array([[4.39768320e-01, 3.79215178e-04, 4.86284616e-02, 9.83436702e-02,
        4.12880333e-01],
       [2.93728996e-01, 4.81255945e-02, 2.03011394e-02, 2.93846029e-01,
        3.43998241e-01],
       [3.13312447e-01, 8.82366104e-02, 5.87134846e-02, 3.03379622e-02,
        5.09399496e-01],
       [1.02479932e-01, 2.27744666e-01, 8.66359431e-02, 6.17973678e-02,
        5.21342092e-01],
       [4.87656522e-03, 1.49020256e-01, 8.49493051e-02, 1.13893646e-02,
        7.49764509e-01]]), array([[0.27352581, 0.228478  , 0.10255422, 0.22542942, 0.17001255],
       [0.31217359, 0.10692867, 0.08248712, 0.11185765, 0.38655297],
       [0.19619926, 0.0056968 , 0.26252657, 0.35950094, 0.17607643],
       [0.07048329, 0.15429007, 0.29303837, 0.29900912, 0.18317915],
       [0.07124691, 0.02818465, 0.16620061, 0.10468782, 0.62968001]]), array([[0.24207501, 0.08265329, 0.20863817, 0.29238202, 0.17425151],
       [0.03414245, 0.14245984, 0.05871908, 0.75600615, 0.00867248],
       [0.08506565, 0.27899397, 0.09376582, 0.52033936, 0.0218352 ],
       [0.01217946, 0.06054665, 0.05969717, 0.8590646 , 0.00851212],
       [0.03698982, 0.08969958, 0.25551464, 0.4594397 , 0.15835627]]), array([[0.1306738 , 0.70536935, 0.08991279, 0.01985215, 0.05419193],
       [0.45036971, 0.16225643, 0.20307066, 0.01329543, 0.17100777],
       [0.29170555, 0.14766749, 0.13634344, 0.02495076, 0.39933276],
       [0.21640865, 0.04427617, 0.19041281, 0.34768599, 0.20121638],
       [0.51120182, 0.03449526, 0.15858631, 0.04266932, 0.2530473 ]]), array([[0.0977109 , 0.0332264 , 0.1514605 , 0.70998686, 0.00761533],
       [0.13658675, 0.09437562, 0.24843145, 0.00776631, 0.51283987],
       [0.0132505 , 0.00208766, 0.95140037, 0.02933785, 0.00392363],
       [0.0368663 , 0.02329261, 0.71334328, 0.20153812, 0.02495969],
       [0.11736386, 0.11884423, 0.01853549, 0.71899632, 0.0262601 ]]), array([[0.23022538, 0.12897276, 0.49577755, 0.11534767, 0.02967663],
       [0.15957706, 0.00244304, 0.23926751, 0.56815966, 0.03055273],
       [0.00584997, 0.16827   , 0.64065845, 0.14178609, 0.0434355 ],
       [0.13481267, 0.48808973, 0.16946965, 0.11807647, 0.08955147],
       [0.07395023, 0.35341624, 0.47705124, 0.0011648 , 0.09441749]])]
Estimated R: [array([[9.91030855e-01, 9.60749420e-01, 9.27550770e-01, 9.75386852e-01,
        8.62617002e-01],
       [3.84378389e-03, 2.18097398e-02, 3.50837278e-02, 8.80338920e-03,
        8.98734828e-02],
       [1.88457282e-04, 4.25719420e-03, 2.75769158e-02, 5.49717520e-03,
        2.03332993e-02],
       [4.93690352e-03, 1.31836457e-02, 9.78858590e-03, 1.03125836e-02,
        2.71762164e-02]]), array([[9.51290752e-01, 9.81815801e-01, 9.00551653e-01, 9.73616715e-01,
        8.05972612e-01],
       [2.97152958e-03, 1.04989788e-02, 2.51933089e-02, 8.15216230e-03,
        6.48669854e-02],
       [4.47564752e-02, 5.76434522e-03, 3.71787683e-02, 6.01701785e-03,
        6.52544046e-02],
       [9.81242819e-04, 1.92087544e-03, 3.70762697e-02, 1.22141051e-02,
        6.39059976e-02]]), array([[0.82440532, 0.95376244, 0.92061441, 0.92129109, 0.96464535],
       [0.05383007, 0.00139371, 0.02804163, 0.00413992, 0.01381751],
       [0.10727042, 0.0015857 , 0.01741435, 0.01779597, 0.01139014],
       [0.01449419, 0.04325814, 0.03392961, 0.05677301, 0.01014699]]), array([[2.02436310e-01, 8.78227398e-01, 8.93604629e-01, 9.83624208e-01,
        8.06723660e-01],
       [1.23086669e-01, 7.86013405e-02, 6.43880535e-03, 4.84046679e-03,
        3.08985730e-02],
       [5.97845352e-01, 2.90854405e-02, 4.41619134e-02, 1.14725056e-02,
        1.06828787e-01],
       [7.66316692e-02, 1.40858211e-02, 5.57946519e-02, 6.28194529e-05,
        5.55489802e-02]]), array([[0.93137416, 0.93745045, 0.95653792, 0.88544564, 0.98607651],
       [0.04819902, 0.01457286, 0.01008474, 0.01759598, 0.00121035],
       [0.00943721, 0.02335701, 0.00253224, 0.07372049, 0.00554001],
       [0.01098962, 0.02461968, 0.0308451 , 0.02323789, 0.00717313]]), array([[0.8727868 , 0.75323545, 0.97427112, 0.90769492, 0.97614637],
       [0.03198513, 0.20911251, 0.01925728, 0.04386837, 0.01334113],
       [0.07599736, 0.02324679, 0.00513335, 0.0434759 , 0.00845161],
       [0.01923071, 0.01440525, 0.00133825, 0.00496082, 0.0020609 ]]), array([[6.50398833e-01, 9.45281664e-01, 8.78871423e-01, 9.85994291e-01,
        8.88624920e-01],
       [9.25752747e-02, 1.73315086e-02, 8.30105629e-02, 2.02859018e-04,
        2.26600965e-02],
       [1.79350619e-01, 2.04831850e-04, 3.65990711e-02, 6.37244065e-03,
        5.01068064e-02],
       [7.76752733e-02, 3.71819959e-02, 1.51894267e-03, 7.43040918e-03,
        3.86081772e-02]]), array([[0.94676174, 0.97367783, 0.9261373 , 0.50015635, 0.97032288],
       [0.00777674, 0.00720231, 0.02255659, 0.24774861, 0.00360617],
       [0.02824141, 0.01809616, 0.00874299, 0.10182935, 0.01089667],
       [0.0172201 , 0.00102369, 0.04256312, 0.15026569, 0.01517428]]), array([[6.92312111e-01, 4.37530224e-01, 9.84333009e-01, 9.48008510e-01,
        5.11096506e-01],
       [5.66776469e-02, 3.60316114e-01, 5.38042540e-03, 1.15903865e-02,
        9.01103504e-02],
       [5.74863781e-02, 9.48596166e-02, 9.68807463e-03, 1.45948735e-02,
        3.21063568e-01],
       [1.93523864e-01, 1.07294046e-01, 5.98491018e-04, 2.58062297e-02,
        7.77295750e-02]]), array([[8.82972463e-01, 9.32837775e-01, 9.93708618e-01, 8.50883017e-01,
        8.87668845e-01],
       [2.99661885e-02, 3.06269272e-03, 3.17503241e-03, 5.94894570e-02,
        4.44617471e-05],
       [1.44658182e-02, 3.25168365e-02, 3.06489852e-03, 1.75614133e-02,
        5.73373456e-03],
       [7.25955302e-02, 3.15826956e-02, 5.14507313e-05, 7.20661129e-02,
        1.06552958e-01]])]

Total NMI: [[0.6515533942552646, 0.4743509876140318, 0.737175493807016, 0.737175493807016, 0.4580652856440157, 0.829198600737597, 0.3586599605575701, 0.3586599605575701, 0.5981055023708863, 0.5981055023708863, 0.6712694853274374, 0.13715115395349545, 0.13715115395349545, 0.4743509876140318, 0.6515533942552646, 0.8838511314184215, 0.2869418248409964, 0.546117521580382, 0.6515533942552646, 0.4580652856440157, 0.38033214891787165, 0.16336407391907906, 0.39472833517573314, 0.4743509876140318, 0.2869418248409964, 0.38033214891787165, 0.020570659450692717, 0.4580652856440157, 0.4743509876140318, 0.4580652856440157, 0.3586599605575701, 0.5897275217561565, 0.24352920263396988, 0.2019643764564272, 0.6712694853274374, 0.8326760405064336, 0.39472833517573314, 0.7789794173345359, 0.39472833517573314, 0.24352920263396988, 0.6434709124204981, 0.737175493807016, 0.4743509876140318, 0.6712694853274374, 0.16336407391907906, 0.2869418248409964, 0.13715115395349545, 0.13715115395349545, 0.737175493807016, 1.0], [0.6515533942552646, 0.6515533942552646, 0.546117521580382, 0.16336407391907906, 0.5897275217561565, 1.0, 0.7918756684685216, 0.39472833517573314, 0.39472833517573314, 1.0, 0.8838511314184215, 0.4743509876140318, 0.4743509876140318, 0.6515533942552646, 0.7918756684685216, 0.6712694853274374, 0.3586599605575701, 0.5981055023708863, 0.5897275217561565, 0.6515533942552646, 0.6515533942552646, 1.0, 0.7918756684685216, 0.6515533942552646, 0.39472833517573314, 0.8326760405064335, 0.6515533942552646, 0.737175493807016, 0.7918756684685216, 0.7918756684685216, 0.39472833517573314, 0.5897275217561565, 0.6515533942552646, 0.6712694853274374, 0.5897275217561565, 0.24352920263396988, 0.6898900529340528, 0.7424834172925047, 0.5897275217561565, 0.6712694853274374, 0.7918756684685216, 0.5897275217561565, 0.5897275217561565, 0.7918756684685216, 0.6515533942552646, 0.2869418248409964, 0.2869418248409964, 0.7918756684685216, 0.7918756684685216, 0.7918756684685216], [0.9057460992755193, 1.0, 0.9057460992755193, 0.6515533942552646, 0.6712694853274374, 0.3586599605575701, 0.13715115395349545, 0.6434709124204981, 0.6434709124204981, 0.4743509876140318, 0.7789794173345359, 0.13715115395349545, 0.7789794173345359, 0.39472833517573314, 0.6515533942552646, 0.6712694853274374, 0.8326760405064335, 0.8838511314184215, 0.737175493807016, 0.2869418248409964, 0.24352920263396988, 0.5897275217561565, 0.5981055023708862, 0.6712694853274374, 0.6515533942552646, 0.7918756684685216, 0.6515533942552646, 0.6515533942552646, 0.5897275217561565, 0.8326760405064335, 0.7918756684685216, 0.7918756684685216, 0.39472833517573314, 0.2019643764564272, 0.38033214891787165, 0.39472833517573314, 0.5897275217561565, 0.7424834172925047, 0.7918756684685216, 0.39472833517573314, 0.5897275217561565, 0.8838511314184215, 0.13715115395349545, 0.3586599605575701, 0.8326760405064336, 0.5897275217561565, 0.6712694853274374, 0.7918756684685216, 0.9057460992755193, 0.7918756684685216], [0.0, 0.0, 1.0, 0.0, 0.6712694853274374, 0.8326760405064335, 0.6712694853274374, 0.737175493807016, 0.6712694853274374, 0.6898900529340528, 0.0, 0.0, 0.6898900529340528, 0.5981055023708863, 0.5981055023708863, 0.6898900529340528, 1.0, 0.0, 1.0, 1.0, 0.0, 1.0, 1.0, 1.0, 0.6898900529340528, 0.6712694853274374, 0.737175493807016, 0.4580652856440157, 0.38033214891787165, 0.0, 0.0, 0.6898900529340528, 0.3063371471741693, 0.3063371471741693, 0.8326760405064335, 0.546117521580382, 1.0, 1.0, 0.0, 0.0, 0.10098733632389119, 0.10098733632389119, 0.0, 1.0, 0.0, 0.6898900529340528, 0.10098733632389119, 1.0, 0.6898900529340528, 0.3586599605575701], [0.24352920263396988, 0.546117521580382, 0.8326760405064336, 0.5981055023708862, 0.0, 1.0, 0.0, 0.6898900529340528, 0.6712694853274374, 0.4580652856440157, 0.13715115395349545, 0.2869418248409964, 0.38033214891787165, 0.7789794173345359, 0.6434709124204981, 0.546117521580382, 0.39472833517573314, 0.3586599605575701, 0.5981055023708863, 0.6898900529340528, 0.10098733632389119, 1.0, 0.6898900529340528, 0.16336407391907906, 0.10098733632389119, 0.38033214891787165, 0.7789794173345359, 0.4743509876140318, 0.4743509876140318, 0.4743509876140318, 0.39472833517573314, 1.0, 0.6898900529340528, 1.0, 1.0, 0.6898900529340528, 0.6898900529340528, 0.10098733632389119, 0.10098733632389119, 1.0, 0.2869418248409964, 0.6515533942552646, 0.546117521580382, 0.6898900529340528, 0.5897275217561565, 0.7918756684685216, 0.6515533942552646, 0.6712694853274374, 0.6898900529340528, 1.0], [0.39472833517573314, 0.8326760405064335, 0.5897275217561565, 0.39472833517573314, 0.020570659450692717, 0.2019643764564272, 0.6434709124204981, 0.4743509876140318, 0.4743509876140318, 0.4580652856440157, 0.829198600737597, 0.5897275217561565, 0.5897275217561565, 0.0, 0.0, 0.10098733632389119, 0.0, 0.0, 0.13715115395349545, 0.39472833517573314, 0.6712694853274374, 0.4743509876140318, 0.0, 0.0, 0.5981055023708862, 0.0, 0.0, 0.39472833517573314, 0.5981055023708863, 0.39472833517573314, 0.2869418248409964, 0.0, 0.0, 0.0, 0.0, 0.5897275217561565, 0.8326760405064336, 0.6515533942552646, 0.13715115395349545, 0.2019643764564272, 0.546117521580382, 0.5897275217561565, 0.6898900529340528, 0.0, 0.0, 0.10098733632389119, 0.546117521580382, 0.7918756684685216, 0.546117521580382, 0.38033214891787165], [0.16336407391907906, 0.0, 0.0, 0.0, 1.0, 0.0, 0.2019643764564272, 0.3586599605575701, 0.0, 0.0, 0.6898900529340528, 0.38033214891787165, 0.2019643764564272, 1.0, 0.10098733632389119, 0.38033214891787165, 0.829198600737597, 0.6898900529340528, 0.6898900529340528, 0.6898900529340528, 0.0, 0.0, 1.0, 1.0, 0.10098733632389119, 0.2869418248409964, 0.6712694853274374, 1.0, 0.6898900529340528, 0.10098733632389119, 0.2869418248409964, 0.6515533942552646, 0.546117521580382, 0.0, 0.0, 0.6898900529340528, 1.0, 0.0, 1.0, 0.0, 0.38033214891787165, 0.0, 0.0, 0.6898900529340528, 0.6712694853274374, 0.6712694853274374, 0.0, 0.0, 1.0, 0.0], [0.4743509876140318, 0.4580652856440157, 0.4580652856440157, 0.2869418248409964, 0.546117521580382, 0.5897275217561565, 0.16336407391907906, 0.6898900529340528, 0.5897275217561565, 0.6515533942552646, 0.8838511314184215, 0.7918756684685216, 1.0, 0.39472833517573314, 0.43253806776631243, 0.43253806776631243, 0.829198600737597, 0.5981055023708863, 0.5981055023708863, 0.39472833517573314, 0.737175493807016, 0.39472833517573314, 1.0, 0.6712694853274374, 0.7789794173345359, 0.4580652856440157, 0.737175493807016, 0.6515533942552646, 0.6515533942552646, 0.737175493807016, 0.4743509876140318, 0.4580652856440157, 0.13715115395349545, 0.4743509876140318, 0.4743509876140318, 0.6515533942552646, 0.6515533942552646, 1.0, 0.737175493807016, 0.7789794173345359, 0.3586599605575701, 0.5897275217561565, 0.8326760405064335, 0.5897275217561565, 0.7918756684685216, 0.6515533942552646, 0.4743509876140318, 0.13715115395349545, 0.3586599605575701, 0.8326760405064335], [1.0, 0.0, 0.0, 1.0, 0.0, 1.0, 0.0, 1.0, 0.0, 0.6898900529340528, 0.6898900529340528, 0.0, 0.0, 0.0, 1.0, 0.0, 0.6898900529340528, 0.6712694853274374, 0.6515533942552646, 0.8838511314184215, 0.7789794173345359, 0.7789794173345359, 1.0, 0.7789794173345359, 0.829198600737597, 0.6712694853274374, 0.4580652856440157, 0.38033214891787165, 0.0, 0.0, 1.0, 0.6898900529340528, 0.6898900529340528, 0.0, 0.0, 1.0, 0.0, 0.0, 0.0, 0.0, 0.2869418248409964, 0.6712694853274374, 1.0, 0.0, 1.0, 1.0, 1.0, 1.0, 1.0, 0.0], [0.0, 0.0, 0.0, 0.5981055023708863, 0.5981055023708863, 0.3586599605575701, 0.39472833517573314, 0.9057460992755193, 0.7918756684685216, 0.6515533942552646, 0.7918756684685216, 0.9057460992755193, 0.7918756684685216, 0.6515533942552646, 0.6712694853274374, 0.3586599605575701, 0.6898900529340528, 0.6434709124204981, 0.6515533942552646, 0.0, 0.0, 1.0, 0.24352920263396988, 0.8838511314184215, 0.6712694853274374, 0.8326760405064335, 0.7918756684685216, 0.5897275217561565, 0.5897275217561565, 0.5897275217561565, 0.6712694853274374, 0.2869418248409964, 0.546117521580382, 1.0, 0.8838511314184215, 0.6434709124204981, 0.16336407391907906, 0.6898900529340528, 0.6898900529340528, 0.3063371471741693, 0.5981055023708863, 0.0, 0.0, 0.10098733632389119, 0.2869418248409964, 0.4743509876140318, 0.6712694853274374, 1.0, 0.5981055023708863, 0.5981055023708863]]
Total Percentage: [[40.0, 40.0, 60.0, 80.0, 0.0, 80.0, 40.0, 40.0, 0.0, 20.0, 0.0, 40.0, 40.0, 20.0, 20.0, 0.0, 20.0, 40.0, 40.0, 60.0, 20.0, 20.0, 40.0, 60.0, 20.0, 80.0, 40.0, 20.0, 40.0, 60.0, 20.0, 40.0, 20.0, 40.0, 40.0, 20.0, 40.0, 40.0, 20.0, 20.0, 60.0, 60.0, 20.0, 60.0, 0.0, 20.0, 40.0, 40.0, 0.0, 0.0], [20.0, 20.0, 20.0, 40.0, 40.0, 40.0, 0.0, 40.0, 20.0, 60.0, 60.0, 0.0, 60.0, 60.0, 20.0, 60.0, 40.0, 20.0, 0.0, 40.0, 20.0, 20.0, 20.0, 60.0, 20.0, 20.0, 20.0, 60.0, 0.0, 20.0, 40.0, 40.0, 40.0, 40.0, 60.0, 20.0, 60.0, 20.0, 40.0, 20.0, 60.0, 60.0, 20.0, 40.0, 20.0, 60.0, 20.0, 60.0, 0.0, 40.0], [20.0, 100.0, 20.0, 40.0, 40.0, 40.0, 40.0, 40.0, 40.0, 60.0, 80.0, 40.0, 0.0, 40.0, 40.0, 80.0, 60.0, 80.0, 60.0, 60.0, 20.0, 20.0, 40.0, 60.0, 20.0, 60.0, 20.0, 40.0, 0.0, 60.0, 40.0, 0.0, 40.0, 60.0, 80.0, 40.0, 40.0, 40.0, 0.0, 40.0, 40.0, 60.0, 20.0, 40.0, 40.0, 60.0, 20.0, 40.0, 40.0, 80.0], [80.0, 80.0, 100.0, 60.0, 60.0, 40.0, 40.0, 60.0, 80.0, 60.0, 80.0, 80.0, 20.0, 20.0, 40.0, 60.0, 80.0, 80.0, 100.0, 100.0, 80.0, 100.0, 80.0, 80.0, 0.0, 40.0, 60.0, 40.0, 60.0, 80.0, 80.0, 80.0, 20.0, 40.0, 20.0, 60.0, 80.0, 80.0, 80.0, 80.0, 60.0, 60.0, 80.0, 100.0, 60.0, 80.0, 60.0, 100.0, 60.0, 60.0], [20.0, 40.0, 80.0, 40.0, 60.0, 100.0, 80.0, 60.0, 40.0, 20.0, 40.0, 40.0, 60.0, 80.0, 40.0, 0.0, 20.0, 20.0, 40.0, 60.0, 60.0, 80.0, 80.0, 40.0, 60.0, 20.0, 80.0, 20.0, 20.0, 20.0, 20.0, 60.0, 60.0, 80.0, 80.0, 60.0, 60.0, 60.0, 60.0, 80.0, 20.0, 40.0, 60.0, 60.0, 20.0, 60.0, 20.0, 60.0, 60.0, 100.0], [20.0, 40.0, 40.0, 40.0, 40.0, 0.0, 60.0, 60.0, 0.0, 60.0, 0.0, 60.0, 20.0, 60.0, 80.0, 60.0, 80.0, 60.0, 20.0, 40.0, 0.0, 40.0, 40.0, 60.0, 40.0, 60.0, 0.0, 40.0, 40.0, 40.0, 40.0, 80.0, 80.0, 80.0, 40.0, 20.0, 60.0, 20.0, 20.0, 60.0, 60.0, 20.0, 60.0, 80.0, 80.0, 60.0, 40.0, 0.0, 40.0, 80.0], [40.0, 80.0, 60.0, 60.0, 100.0, 80.0, 40.0, 60.0, 60.0, 60.0, 60.0, 60.0, 40.0, 80.0, 60.0, 80.0, 80.0, 60.0, 60.0, 80.0, 80.0, 80.0, 80.0, 80.0, 60.0, 20.0, 40.0, 100.0, 60.0, 60.0, 20.0, 40.0, 20.0, 80.0, 60.0, 60.0, 80.0, 80.0, 100.0, 60.0, 60.0, 80.0, 80.0, 60.0, 40.0, 60.0, 60.0, 80.0, 80.0, 80.0], [20.0, 60.0, 20.0, 60.0, 40.0, 40.0, 40.0, 80.0, 20.0, 20.0, 80.0, 60.0, 40.0, 40.0, 80.0, 80.0, 0.0, 60.0, 60.0, 20.0, 60.0, 40.0, 20.0, 80.0, 80.0, 60.0, 40.0, 60.0, 60.0, 20.0, 40.0, 60.0, 40.0, 20.0, 20.0, 40.0, 60.0, 100.0, 0.0, 60.0, 60.0, 0.0, 0.0, 20.0, 40.0, 20.0, 40.0, 40.0, 20.0, 0.0], [100.0, 60.0, 60.0, 100.0, 80.0, 100.0, 80.0, 100.0, 80.0, 80.0, 60.0, 80.0, 80.0, 80.0, 100.0, 80.0, 60.0, 80.0, 60.0, 60.0, 60.0, 60.0, 100.0, 80.0, 80.0, 40.0, 20.0, 80.0, 80.0, 80.0, 100.0, 60.0, 80.0, 80.0, 80.0, 100.0, 80.0, 80.0, 80.0, 0.0, 40.0, 80.0, 80.0, 60.0, 100.0, 100.0, 100.0, 100.0, 100.0, 80.0], [80.0, 80.0, 60.0, 40.0, 20.0, 40.0, 0.0, 20.0, 40.0, 60.0, 20.0, 20.0, 60.0, 60.0, 60.0, 20.0, 80.0, 60.0, 40.0, 40.0, 80.0, 100.0, 40.0, 60.0, 40.0, 40.0, 20.0, 20.0, 40.0, 40.0, 20.0, 20.0, 0.0, 40.0, 60.0, 0.0, 40.0, 80.0, 0.0, 20.0, 40.0, 60.0, 80.0, 60.0, 40.0, 20.0, 0.0, 100.0, 40.0, 60.0]]
Total Delta Gamma: [1.73891517 1.89721356 1.57578323 1.3771055  1.89853629 1.60648461
 1.61196629 1.69774325 1.7337976  1.25067725]
Total Delta R: [1.59435272 1.45395016 1.63635502 1.42686181 1.14421321 1.02348356
 1.29944641 1.55215262 1.31560347 1.08733904]
